16 110 2006 6205080
0 0.000000 180 45
0 1 38.9746 -75.6313
0 2 39.4605 -75.5602
0 3 39.9068 -75.513
0 4 40.3364 -75.4758
0 5 40.7566 -75.4439
0 6 41.1707 -75.4154
0 7 41.5806 -75.389
0 8 41.9875 -75.3641
0 9 42.3919 -75.3402
0 10 42.7944 -75.317
0 11 43.1953 -75.2943
0 12 43.5947 -75.272
0 13 43.9928 -75.2499
0 14 44.3898 -75.2279
0 15 44.1134 -75.5361
0 16 44.5255 -75.4979
0 17 44.9314 -75.4627
0 18 45.3318 -75.4301
0 19 45.7273 -75.3996
0 20 46.1182 -75.3709
0 21 46.5048 -75.3438
0 22 46.8875 -75.3181
0 23 47.2663 -75.2936
0 24 47.6413 -75.2702
0 25 48.0126 -75.2478
0 26 48.3804 -75.2264
0 27 48.7445 -75.2059
0 28 49.105 -75.1862
0 29 49.4618 -75.1673
0 30 49.8151 -75.1491
0 31 50.1646 -75.1317
0 32 50.5103 -75.1151
0 33 50.8523 -75.0992
0 34 51.1904 -75.0841
0 35 51.5245 -75.0697
0 36 51.8546 -75.0561
0 37 52.1807 -75.0433
0 38 52.5025 -75.0314
0 39 52.8201 -75.0203
0 40 53.1333 -75.0101
0 41 53.4421 -75.0009
0 42 53.7464 -74.9926
0 43 54.0461 -74.9853
0 44 54.341 -74.9791
0 45 54.9768 -75.6109
0 46 55.3795 -75.5735
0 47 55.7798 -75.537
0 48 56.1777 -75.5014
0 49 56.5733 -75.4666
0 50 56.9666 -75.4326
0 51 57.3578 -75.3994
0 52 57.7469 -75.3668
0 53 58.134 -75.3349
0 54 58.519 -75.3035
0 55 58.902 -75.2728
0 56 59.283 -75.2426
0 57 59.6621 -75.2129
0 58 60.0393 -75.1838
0 59 60.4146 -75.1552
0 60 60.7879 -75.127
0 61 61.1594 -75.0994
0 62 61.5289 -75.0722
0 63 61.8965 -75.0455
0 64 62.2623 -75.0193
0 65 62.6261 -74.9935
0 66 62.988 -74.9682
0 67 63.348 -74.9435
0 68 63.706 -74.9192
0 69 64.0621 -74.8954
0 70 64.4162 -74.8722
0 71 64.7683 -74.8494
0 72 65.1185 -74.8273
0 73 65.4666 -74.8057
0 74 65.8126 -74.7847
0 75 66.1566 -74.7643
0 76 66.4986 -74.7446
0 77 66.8384 -74.7256
0 78 67.1761 -74.7073
0 79 67.5116 -74.6897
0 80 67.845 -74.673
0 81 68.1762 -74.6571
0 82 68.5052 -74.642
0 83 68.832 -74.6279
0 84 69.1564 -74.6147
0 85 69.4786 -74.6026
0 86 69.7985 -74.5916
0 87 70.116 -74.5817
0 88 70.4312 -74.5731
0 89 70.744 -74.5657
0 90 71.0544 -74.5597
0 91 71.3623 -74.5552
0 92 71.6678 -74.5522
0 93 71.9707 -74.5508
0 94 72.2712 -74.5511
0 95 72.5691 -74.5532
0 96 72.8644 -74.5573
0 97 73.1572 -74.5633
0 98 73.4473 -74.5716
0 99 73.7348 -74.5821
0 100 74.0196 -74.595
0 101 74.3017 -74.6104
0 102 74.5811 -74.6286
0 103 74.8578 -74.6496
0 104 75.1317 -74.6736
0 105 75.4028 -74.7008
0 106 75.6711 -74.7314
0 107 75.9365 -74.7655
0 108 76.1991 -74.8034
0 109 76.4587 -74.8454
0 110 76.7155 -74.8915
1 1 38.9807 -75.5089
1 2 39.4613 -75.4104
1 3 39.9044 -75.3342
1 4 40.3316 -75.2671
1 5 40.7496 -75.2049
1 6 41.1618 -75.1456
1 7 41.5698 -75.0879
1 8 41.9749 -75.0314
1 9 42.3776 -74.9755
1 10 42.7783 -74.9198
1 11 43.1774 -74.8643
1 12 43.5751 -74.8088
1 13 43.9715 -74.7531
1 14 44.3668 -74.6971
1 15 44.103 -74.9851
1 16 44.5126 -74.9138
1 17 44.9161 -74.8452
1 18 45.3143 -74.7786
1 19 45.7075 -74.7138
1 20 46.0964 -74.6504
1 21 46.481 -74.5882
1 22 46.8617 -74.5271
1 23 47.2386 -74.4669
1 24 47.6117 -74.4074
1 25 47.9812 -74.3486
1 26 48.3472 -74.2905
1 27 48.7095 -74.2329
1 28 49.0683 -74.1759
1 29 49.4234 -74.1193
1 30 49.775 -74.0633
1 31 50.1228 -74.0077
1 32 50.4669 -73.9526
1 33 50.8073 -73.8981
1 34 51.1438 -73.844
1 35 51.4764 -73.7905
1 36 51.805 -73.7375
1 37 52.1295 -73.6852
1 38 52.4498 -73.6335
1 39 52.766 -73.5824
1 40 53.0778 -73.5322
1 41 53.3852 -73.4827
1 42 53.6882 -73.434
1 43 53.9865 -73.3863
1 44 54.2802 -73.3395
1 45 54.9389 -73.7834
1 46 55.3386 -73.6922
1 47 55.7359 -73.6009
1 48 56.1308 -73.5095
1 49 56.5235 -73.4179
1 50 56.9139 -73.326
1 51 57.3022 -73.2337
1 52 57.6884 -73.141
1 53 58.0725 -73.0478
1 54 58.4546 -72.9541
1 55 58.8348 -72.8597
1 56 59.2129 -72.7646
1 57 59.5891 -72.6688
1 58 59.9634 -72.5723
1 59 60.3357 -72.4748
1 60 60.7062 -72.3765
1 61 61.0747 -72.2773
1 62 61.4413 -72.1771
1 63 61.8059 -72.0759
1 64 62.1687 -71.9736
1 65 62.5295 -71.8702
1 66 62.8884 -71.7656
1 67 63.2453 -71.6599
1 68 63.6003 -71.553
1 69 63.9533 -71.4448
1 70 64.3043 -71.3353
1 71 64.6533 -71.2244
1 72 65.0003 -71.1122
1 73 65.3452 -70.9986
1 74 65.6881 -70.8836
1 75 66.0289 -70.767
1 76 66.3676 -70.649
1 77 66.7041 -70.5294
1 78 67.0385 -70.4082
1 79 67.3708 -70.2854
1 80 67.7008 -70.1609
1 81 68.0286 -70.0348
1 82 68.3542 -69.907
1 83 68.6775 -69.7774
1 84 68.9985 -69.6461
1 85 69.3172 -69.5129
1 86 69.6336 -69.3779
1 87 69.9476 -69.2411
1 88 70.2592 -69.1023
1 89 70.5685 -68.9616
1 90 70.8752 -68.819
1 91 71.1795 -68.6744
1 92 71.4813 -68.5279
1 93 71.7807 -68.3793
1 94 72.0774 -68.2286
1 95 72.3716 -68.0759
1 96 72.6633 -67.9211
1 97 72.9523 -67.7642
1 98 73.2387 -67.6052
1 99 73.5224 -67.4441
1 100 73.8035 -67.2808
1 101 74.0819 -67.1154
1 102 74.3575 -66.9478
1 103 74.6304 -66.7781
1 104 74.9006 -66.6062
1 105 75.1679 -66.4321
1 106 75.4325 -66.2559
1 107 75.6942 -66.0776
1 108 75.9531 -65.8972
1 109 76.2091 -65.7146
1 110 76.4623 -65.53
2 1 38.9795 -75.3886
2 2 39.4542 -75.2623
2 3 39.8932 -75.157
2 4 40.3168 -75.0601
2 5 40.7314 -74.9677
2 6 41.1403 -74.8777
2 7 41.5451 -74.789
2 8 41.947 -74.701
2 9 42.3465 -74.6132
2 10 42.7441 -74.5254
2 11 43.1401 -74.4373
2 12 43.5346 -74.3488
2 13 43.9278 -74.2597
2 14 44.3198 -74.17
2 15 44.0658 -74.4391
2 16 44.4715 -74.335
2 17 44.8713 -74.233
2 18 45.2657 -74.1328
2 19 45.6554 -74.0339
2 20 46.0406 -73.9362
2 21 46.4218 -73.8393
2 22 46.799 -73.7431
2 23 47.1724 -73.6475
2 24 47.5421 -73.5523
2 25 47.9081 -73.4575
2 26 48.2707 -73.3631
2 27 48.6296 -73.2689
2 28 48.9849 -73.175
2 29 49.3367 -73.0813
2 30 49.6849 -72.9879
2 31 50.0293 -72.8947
2 32 50.3701 -72.8017
2 33 50.7071 -72.709
2 34 51.0402 -72.6166
2 35 51.3695 -72.5246
2 36 51.6947 -72.4329
2 37 52.0159 -72.3416
2 38 52.333 -72.2509
2 39 52.6458 -72.1606
2 40 52.9544 -72.0709
2 41 53.2586 -71.982
2 42 53.5583 -71.8937
2 43 53.8535 -71.8063
2 44 54.144 -71.7197
2 45 54.8126 -71.9795
2 46 55.207 -71.8355
2 47 55.5989 -71.6906
2 48 55.9885 -71.5446
2 49 56.3757 -71.3975
2 50 56.7607 -71.2491
2 51 57.1435 -71.0993
2 52 57.5242 -70.9481
2 53 57.9027 -70.7953
2 54 58.2792 -70.6408
2 55 58.6536 -70.4846
2 56 59.026 -70.3267
2 57 59.3964 -70.1668
2 58 59.7647 -70.0049
2 59 60.1311 -69.841
2 60 60.4954 -69.6749
2 61 60.8578 -69.5066
2 62 61.2182 -69.3361
2 63 61.5766 -69.1631
2 64 61.9329 -68.9878
2 65 62.2873 -68.8099
2 66 62.6396 -68.6294
2 67 62.9899 -68.4463
2 68 63.3381 -68.2604
2 69 63.6842 -68.0717
2 70 64.0282 -67.88
2 71 64.3701 -67.6855
2 72 64.7099 -67.4878
2 73 65.0475 -67.287
2 74 65.3829 -67.083
2 75 65.7162 -66.8758
2 76 66.0472 -66.6651
2 77 66.3759 -66.451
2 78 66.7024 -66.2334
2 79 67.0265 -66.0121
2 80 67.3484 -65.7872
2 81 67.6678 -65.5584
2 82 67.9849 -65.3258
2 83 68.2996 -65.0893
2 84 68.6119 -64.8487
2 85 68.9216 -64.604
2 86 69.2289 -64.3551
2 87 69.5337 -64.1019
2 88 69.8359 -63.8443
2 89 70.1355 -63.5822
2 90 70.4325 -63.3156
2 91 70.7269 -63.0443
2 92 71.0186 -62.7683
2 93 71.3077 -62.4875
2 94 71.594 -62.2017
2 95 71.8776 -61.911
2 96 72.1584 -61.6152
2 97 72.4364 -61.3142
2 98 72.7116 -61.0079
2 99 72.9839 -60.6964
2 100 73.2534 -60.3794
2 101 73.52 -60.0569
2 102 73.7836 -59.7288
2 103 74.0443 -59.3951
2 104 74.302 -59.0557
2 105 74.5567 -58.7104
2 106 74.8084 -58.3594
2 107 75.0571 -58.0024
2 108 75.3027 -57.6394
2 109 75.5452 -57.2704
2 110 75.7846 -56.8954
3 1 38.9712 -75.2704
3 2 39.4395 -75.1162
3 3 39.8733 -74.9818
3 4 40.292 -74.8554
3 5 40.702 -74.733
3 6 41.1063 -74.6126
3 7 41.5067 -74.4932
3 8 41.904 -74.3741
3 9 42.299 -74.2549
3 10 42.692 -74.1352
3 11 43.0834 -74.015
3 12 43.4732 -73.8939
3 13 43.8618 -73.7719
3 14 44.2491 -73.6489
3 15 44.0022 -73.9003
3 16 44.4027 -73.7637
3 17 44.7973 -73.6289
3 18 45.1867 -73.4955
3 19 45.5713 -73.3631
3 20 45.9515 -73.2315
3 21 46.3276 -73.1004
3 22 46.6998 -72.9698
3 23 47.0682 -72.8394
3 24 47.4329 -72.7092
3 25 47.794 -72.5791
3 26 48.1515 -72.4491
3 27 48.5054 -72.3191
3 28 48.8557 -72.1891
3 29 49.2024 -72.0591
3 30 49.5455 -71.9291
3 31 49.8849 -71.7991
3 32 50.2206 -71.6692
3 33 50.5525 -71.5393
3 34 50.8806 -71.4096
3 35 51.2048 -71.28
3 36 51.525 -71.1506
3 37 51.8411 -71.0215
3 38 52.1531 -70.8928
3 39 52.4609 -70.7645
3 40 52.7644 -70.6366
3 41 53.0635 -70.5094
3 42 53.3582 -70.3828
3 43 53.6484 -70.257
3 44 53.9339 -70.132
3 45 54.6 -70.2139
3 46 54.9868 -70.0191
3 47 55.3712 -69.8226
3 48 55.753 -69.6242
3 49 56.1325 -69.4238
3 50 56.5096 -69.2213
3 51 56.8845 -69.0165
3 52 57.2571 -68.8094
3 53 57.6275 -68.5997
3 54 57.9957 -68.3875
3 55 58.3617 -68.1727
3 56 58.7256 -67.955
3 57 59.0874 -67.7345
3 58 59.447 -67.5109
3 59 59.8045 -67.2843
3 60 60.1599 -67.0546
3 61 60.5131 -66.8215
3 62 60.8642 -66.5851
3 63 61.2132 -66.3452
3 64 61.56 -66.1017
3 65 61.9046 -65.8546
3 66 62.2471 -65.6037
3 67 62.5873 -65.349
3 68 62.9253 -65.0903
3 69 63.2611 -64.8276
3 70 63.5946 -64.5607
3 71 63.9258 -64.2896
3 72 64.2547 -64.0141
3 73 64.5812 -63.7342
3 74 64.9054 -63.4498
3 75 65.2272 -63.1607
3 76 65.5465 -62.8669
3 77 65.8634 -62.5682
3 78 66.1779 -62.2647
3 79 66.4898 -61.956
3 80 66.7991 -61.6423
3 81 67.1059 -61.3233
3 82 67.4101 -60.999
3 83 67.7116 -60.6693
3 84 68.0105 -60.334
3 85 68.3067 -59.9931
3 86 68.6001 -59.6465
3 87 68.8908 -59.294
3 88 69.1787 -58.9357
3 89 69.4637 -58.5713
3 90 69.7459 -58.2008
3 91 70.0252 -57.8241
3 92 70.3016 -57.4412
3 93 70.575 -57.0519
3 94 70.8455 -56.6561
3 95 71.1129 -56.2538
3 96 71.3772 -55.8449
3 97 71.6385 -55.4293
3 98 71.8967 -55.007
3 99 72.1518 -54.5779
3 100 72.4037 -54.142
3 101 72.6524 -53.6991
3 102 72.8979 -53.2492
3 103 73.1401 -52.7924
3 104 73.3791 -52.3286
3 105 73.6148 -51.8577
3 106 73.8471 -51.3797
3 107 74.0762 -50.8947
3 108 74.3018 -50.4026
3 109 74.5241 -49.9035
3 110 74.743 -49.3974
4 1 38.9561 -75.1546
4 2 39.4172 -74.9725
4 3 39.8448 -74.8094
4 4 40.2575 -74.6538
4 5 40.6617 -74.5018
4 6 41.0601 -74.3514
4 7 41.4546 -74.2017
4 8 41.8461 -74.052
4 9 42.2352 -73.9018
4 10 42.6222 -73.7508
4 11 43.0076 -73.5989
4 12 43.3914 -73.4459
4 13 43.7738 -73.2916
4 14 44.1549 -73.136
4 15 43.9127 -73.371
4 16 44.3067 -73.2025
4 17 44.6948 -73.0354
4 18 45.0777 -72.8695
4 19 45.4559 -72.7043
4 20 45.8297 -72.5395
4 21 46.1993 -72.3751
4 22 46.565 -72.2108
4 23 46.9269 -72.0466
4 24 47.285 -71.8822
4 25 47.6396 -71.7178
4 26 47.9905 -71.5531
4 27 48.3378 -71.3883
4 28 48.6815 -71.2233
4 29 49.0216 -71.0581
4 30 49.358 -70.8927
4 31 49.6907 -70.7272
4 32 50.0197 -70.5615
4 33 50.3449 -70.3958
4 34 50.6662 -70.23
4 35 50.9836 -70.0643
4 36 51.2971 -69.8987
4 37 51.6064 -69.7333
4 38 51.9117 -69.5681
4 39 52.2127 -69.4032
4 40 52.5094 -69.2388
4 41 52.8018 -69.075
4 42 53.0897 -68.9118
4 43 53.3732 -68.7493
4 44 53.652 -68.5878
4 45 54.3039 -68.5004
4 46 54.6811 -68.2575
4 47 55.0556 -68.0122
4 48 55.4276 -67.7643
4 49 55.7971 -67.5137
4 50 56.1641 -67.2602
4 51 56.5287 -67.0038
4 52 56.8909 -66.7444
4 53 57.2507 -66.4817
4 54 57.6082 -66.2157
4 55 57.9634 -65.9463
4 56 58.3163 -65.6733
4 57 58.6669 -65.3968
4 58 59.0152 -65.1164
4 59 59.3612 -64.8322
4 60 59.7049 -64.544
4 61 60.0463 -64.2518
4 62 60.3854 -63.9554
4 63 60.7222 -63.6548
4 64 61.0566 -63.3497
4 65 61.3886 -63.0402
4 66 61.7183 -62.7261
4 67 62.0455 -62.4074
4 68 62.3704 -62.0839
4 69 62.6927 -61.7555
4 70 63.0126 -61.4221
4 71 63.33 -61.0837
4 72 63.6448 -60.7402
4 73 63.9571 -60.3914
4 74 64.2668 -60.0372
4 75 64.5738 -59.6776
4 76 64.8782 -59.3125
4 77 65.1799 -58.9418
4 78 65.4789 -58.5653
4 79 65.7751 -58.1831
4 80 66.0685 -57.795
4 81 66.3591 -57.4009
4 82 66.6468 -57.0008
4 83 66.9316 -56.5946
4 84 67.2135 -56.1822
4 85 67.4925 -55.7635
4 86 67.7684 -55.3385
4 87 68.0413 -54.9071
4 88 68.3111 -54.4693
4 89 68.5779 -54.025
4 90 68.8414 -53.5741
4 91 69.1019 -53.1166
4 92 69.3591 -52.6524
4 93 69.6131 -52.1816
4 94 69.8638 -51.7041
4 95 70.1113 -51.2199
4 96 70.3554 -50.7289
4 97 70.5961 -50.2313
4 98 70.8335 -49.7268
4 99 71.0675 -49.2157
4 100 71.298 -48.6979
4 101 71.5251 -48.1734
4 102 71.7487 -47.6424
4 103 71.9688 -47.1047
4 104 72.1853 -46.5606
4 105 72.3983 -46.0101
4 106 72.6078 -45.4532
4 107 72.8136 -44.8902
4 108 73.0159 -44.321
4 109 73.2145 -43.7459
4 110 73.4095 -43.1649
5 1 38.9346 -75.0415
5 2 39.3877 -74.8317
5 3 39.8079 -74.6403
5 4 40.2135 -74.4559
5 5 40.6105 -74.2748
5 6 41.0019 -74.095
5 7 41.3892 -73.9156
5 8 41.7735 -73.7358
5 9 42.1553 -73.5553
5 10 42.5351 -73.3737
5 11 42.9131 -73.1909
5 12 43.2895 -73.0067
5 13 43.6644 -72.8209
5 14 44.0379 -72.6335
5 15 43.7979 -72.8533
5 16 44.1841 -72.6536
5 17 44.5644 -72.4552
5 18 44.9395 -72.2575
5 19 45.3099 -72.0604
5 20 45.6758 -71.8635
5 21 46.0375 -71.6667
5 22 46.3953 -71.4699
5 23 46.7492 -71.2728
5 24 47.0993 -71.0755
5 25 47.4458 -70.8778
5 26 47.7887 -70.6798
5 27 48.1278 -70.4815
5 28 48.4634 -70.2828
5 29 48.7953 -70.0838
5 30 49.1235 -69.8844
5 31 49.448 -69.6848
5 32 49.7687 -69.485
5 33 50.0856 -69.285
5 34 50.3986 -69.0848
5 35 50.7077 -68.8847
5 36 51.0127 -68.6845
5 37 51.3137 -68.4846
5 38 51.6106 -68.2848
5 39 51.9032 -68.0854
5 40 52.1916 -67.8864
5 41 52.4756 -67.688
5 42 52.7551 -67.4903
5 43 53.0302 -67.2933
5 44 53.3007 -67.0973
5 45 53.9276 -66.8514
5 46 54.2932 -66.5636
5 47 54.656 -66.2728
5 48 55.016 -65.979
5 49 55.3734 -65.6819
5 50 55.7282 -65.3815
5 51 56.0804 -65.0776
5 52 56.4301 -64.7701
5 53 56.7772 -64.4589
5 54 57.1218 -64.1438
5 55 57.464 -63.8249
5 56 57.8036 -63.5018
5 57 58.1408 -63.1746
5 58 58.4754 -62.8431
5 59 58.8076 -62.5073
5 60 59.1373 -62.167
5 61 59.4645 -61.8222
5 62 59.7892 -61.4727
5 63 60.1113 -61.1184
5 64 60.4309 -60.7593
5 65 60.7479 -60.3953
5 66 61.0623 -60.0263
5 67 61.374 -59.6522
5 68 61.6831 -59.2728
5 69 61.9896 -58.8882
5 70 62.2933 -58.4983
5 71 62.5943 -58.1029
5 72 62.8925 -57.7021
5 73 63.1879 -57.2957
5 74 63.4804 -56.8836
5 75 63.7701 -56.4658
5 76 64.0569 -56.0423
5 77 64.3408 -55.6129
5 78 64.6217 -55.1777
5 79 64.8996 -54.7365
5 80 65.1744 -54.2893
5 81 65.4462 -53.8361
5 82 65.7148 -53.3769
5 83 65.9803 -52.9116
5 84 66.2426 -52.4401
5 85 66.5018 -51.9626
5 86 66.7576 -51.4788
5 87 67.0102 -50.9889
5 88 67.2595 -50.4929
5 89 67.5054 -49.9907
5 90 67.748 -49.4823
5 91 67.9871 -48.9679
5 92 68.2228 -48.4473
5 93 68.455 -47.9207
5 94 68.6838 -47.3881
5 95 68.909 -46.8495
5 96 69.1307 -46.3051
5 97 69.3488 -45.7549
5 98 69.5633 -45.1989
5 99 69.7742 -44.6374
5 100 69.9815 -44.0704
5 101 70.1851 -43.4979
5 102 70.3851 -42.9203
5 103 70.5814 -42.3375
5 104 70.774 -41.7498
5 105 70.9629 -41.1573
5 106 71.1481 -40.5603
5 107 71.3296 -39.9588
5 108 71.5073 -39.3532
5 109 71.6813 -38.7436
5 110 71.8517 -38.1303
6 1 38.9067 -74.9314
6 2 39.351 -74.6943
6 3 39.7629 -74.475
6 4 40.1602 -74.2624
6 5 40.5489 -74.0528
6 6 40.9319 -73.8442
6 7 41.3108 -73.6358
6 8 41.6866 -73.4267
6 9 42.0599 -73.2167
6 10 42.431 -73.0053
6 11 42.8003 -72.7925
6 12 43.1679 -72.5779
6 13 43.5339 -72.3616
6 14 43.8984 -72.1433
6 15 43.6584 -72.3493
6 16 44.0356 -72.1194
6 17 44.4068 -71.8905
6 18 44.7728 -71.6622
6 19 45.134 -71.4343
6 20 45.4907 -71.2064
6 21 45.8431 -70.9784
6 22 46.1916 -70.7502
6 23 46.5361 -70.5217
6 24 46.8769 -70.2927
6 25 47.2139 -70.0633
6 26 47.5472 -69.8334
6 27 47.8768 -69.6031
6 28 48.2028 -69.3723
6 29 48.525 -69.141
6 30 48.8436 -68.9094
6 31 49.1583 -68.6774
6 32 49.4693 -68.4452
6 33 49.7764 -68.2128
6 34 50.0796 -67.9802
6 35 50.3788 -67.7475
6 36 50.674 -67.515
6 37 50.9651 -67.2825
6 38 51.2521 -67.0504
6 39 51.5349 -66.8186
6 40 51.8133 -66.5873
6 41 52.0874 -66.3567
6 42 52.3571 -66.1268
6 43 52.6223 -65.8978
6 44 52.8829 -65.6699
6 45 53.4747 -65.2778
6 46 53.8269 -64.9487
6 47 54.1762 -64.6164
6 48 54.5225 -64.2807
6 49 54.866 -63.9413
6 50 55.2067 -63.5983
6 51 55.5447 -63.2515
6 52 55.8799 -62.9008
6 53 56.2124 -62.546
6 54 56.5422 -62.1872
6 55 56.8693 -61.824
6 56 57.1938 -61.4566
6 57 57.5155 -61.0848
6 58 57.8346 -60.7084
6 59 58.151 -60.3274
6 60 58.4647 -59.9418
6 61 58.7756 -59.5514
6 62 59.0839 -59.1561
6 63 59.3894 -58.7559
6 64 59.6921 -58.3508
6 65 59.992 -57.9406
6 66 60.2891 -57.5253
6 67 60.5833 -57.1048
6 68 60.8747 -56.679
6 69 61.1632 -56.248
6 70 61.4487 -55.8116
6 71 61.7313 -55.3699
6 72 62.0109 -54.9227
6 73 62.2875 -54.4701
6 74 62.561 -54.0119
6 75 62.8314 -53.5483
6 76 63.0986 -53.0791
6 77 63.3628 -52.6043
6 78 63.6237 -52.124
6 79 63.8814 -51.6381
6 80 64.1358 -51.1466
6 81 64.387 -50.6495
6 82 64.6348 -50.1469
6 83 64.8793 -49.6387
6 84 65.1204 -49.1251
6 85 65.358 -48.6059
6 86 65.5923 -48.0814
6 87 65.823 -47.5515
6 88 66.0503 -47.0162
6 89 66.274 -46.4757
6 90 66.4941 -45.93
6 91 66.7107 -45.3793
6 92 66.9237 -44.8236
6 93 67.133 -44.2629
6 94 67.3387 -43.6975
6 95 67.5408 -43.1275
6 96 67.7391 -42.553
6 97 67.9338 -41.9741
6 98 68.1248 -41.3909
6 99 68.312 -40.8038
6 100 68.4955 -40.2128
6 101 68.6753 -39.618
6 102 68.8513 -39.0199
6 103 69.0236 -38.4184
6 104 69.1922 -37.8138
6 105 69.357 -37.2065
6 106 69.518 -36.5965
6 107 69.6754 -35.9842
6 108 69.829 -35.3698
6 109 69.9789 -34.7535
6 110 70.1251 -34.1357
7 1 38.8727 -74.8246
7 2 39.3074 -74.5606
7 3 39.7098 -74.314
7 4 40.0977 -74.0739
7 5 40.4769 -73.8366
7 6 40.8503 -73.6001
7 7 41.2196 -73.3634
7 8 41.5857 -73.126
7 9 41.9491 -72.8873
7 10 42.3103 -72.6471
7 11 42.6696 -72.4051
7 12 43.0271 -72.1613
7 13 43.3829 -71.9155
7 14 43.7371 -71.6675
7 15 43.495 -71.8609
7 16 43.8619 -71.6019
7 17 44.2229 -71.3438
7 18 44.5785 -71.0861
7 19 44.9292 -70.8286
7 20 45.2753 -70.571
7 21 45.6172 -70.3132
7 22 45.955 -70.0551
7 23 46.2889 -69.7965
7 24 46.6189 -69.5374
7 25 46.9451 -69.2779
7 26 47.2675 -69.0177
7 27 47.5862 -68.7571
7 28 47.9012 -68.496
7 29 48.2124 -68.2344
7 30 48.5199 -67.9724
7 31 48.8235 -67.71
7 32 49.1233 -67.4474
7 33 49.4193 -67.1846
7 34 49.7113 -66.9217
7 35 49.9993 -66.6588
7 36 50.2832 -66.396
7 37 50.5631 -66.1335
7 38 50.8387 -65.8713
7 39 51.1102 -65.6096
7 40 51.3774 -65.3485
7 41 51.6402 -65.0882
7 42 51.8986 -64.8288
7 43 52.1525 -64.5705
7 44 52.4019 -64.3135
7 45 52.9494 -63.7887
7 46 53.2867 -63.4224
7 47 53.6208 -63.0526
7 48 53.9518 -62.6793
7 49 54.2798 -62.3022
7 50 54.6048 -61.9213
7 51 54.9268 -61.5364
7 52 55.246 -61.1476
7 53 55.5622 -60.7546
7 54 55.8755 -60.3574
7 55 56.186 -59.9558
7 56 56.4936 -59.55
7 57 56.7983 -59.1396
7 58 57.1001 -58.7248
7 59 57.3991 -58.3053
7 60 57.6951 -57.8812
7 61 57.9882 -57.4524
7 62 58.2784 -57.0188
7 63 58.5656 -56.5804
7 64 58.8499 -56.1372
7 65 59.1311 -55.6891
7 66 59.4094 -55.2361
7 67 59.6846 -54.7781
7 68 59.9567 -54.3151
7 69 60.2257 -53.8471
7 70 60.4916 -53.3741
7 71 60.7543 -52.8961
7 72 61.0138 -52.413
7 73 61.2701 -51.925
7 74 61.5231 -51.4319
7 75 61.7729 -50.9338
7 76 62.0194 -50.4307
7 77 62.2625 -49.9227
7 78 62.5022 -49.4097
7 79 62.7386 -48.8919
7 80 62.9715 -48.3693
7 81 63.201 -47.8418
7 82 63.427 -47.3097
7 83 63.6494 -46.7729
7 84 63.8684 -46.2315
7 85 64.0838 -45.6857
7 86 64.2956 -45.1354
7 87 64.5037 -44.5809
7 88 64.7083 -44.0222
7 89 64.9092 -43.4595
7 90 65.1065 -42.8928
7 91 65.3001 -42.3223
7 92 65.49 -41.7482
7 93 65.6762 -41.1706
7 94 65.8587 -40.5897
7 95 66.0374 -40.0056
7 96 66.2124 -39.4185
7 97 66.3837 -38.8286
7 98 66.5513 -38.2361
7 99 66.7151 -37.6412
7 100 66.8752 -37.0441
7 101 67.0316 -36.4451
7 102 67.1842 -35.8443
7 103 67.3331 -35.242
7 104 67.4784 -34.6384
7 105 67.6199 -34.0338
7 106 67.7578 -33.4285
7 107 67.892 -32.8226
7 108 68.0226 -32.2165
7 109 68.1495 -31.6104
7 110 68.2729 -31.0047
8 1 38.8328 -74.7215
8 2 39.257 -74.4311
8 3 39.649 -74.158
8 4 40.0263 -73.8912
8 5 40.3948 -73.6269
8 6 40.7576 -73.3633
8 7 41.116 -73.0994
8 8 41.4711 -72.8345
8 9 41.8236 -72.5683
8 10 42.1736 -72.3003
8 11 42.5216 -72.0304
8 12 42.8677 -71.7585
8 13 43.2121 -71.4843
8 14 43.5547 -71.2079
8 15 43.3084 -71.3902
8 16 43.6639 -71.1033
8 17 44.0133 -70.8172
8 18 44.3573 -70.5314
8 19 44.6964 -70.2458
8 20 45.0308 -69.96
8 21 45.3609 -69.6739
8 22 45.6868 -69.3874
8 23 46.0087 -69.1005
8 24 46.3267 -68.813
8 25 46.6408 -68.525
8 26 46.9511 -68.2364
8 27 47.2576 -67.9474
8 28 47.5603 -67.6578
8 29 47.8592 -67.3679
8 30 48.1543 -67.0775
8 31 48.4455 -66.7869
8 32 48.7329 -66.4961
8 33 49.0164 -66.2052
8 34 49.2959 -65.9143
8 35 49.5714 -65.6235
8 36 49.8428 -65.333
8 37 50.1101 -65.0428
8 38 50.3732 -64.7531
8 39 50.6321 -64.4641
8 40 50.8868 -64.1759
8 41 51.1371 -63.8887
8 42 51.383 -63.6026
8 43 51.6244 -63.3178
8 44 51.8613 -63.0344
8 45 52.356 -62.3915
8 46 52.6769 -61.9921
8 47 52.9945 -61.5892
8 48 53.3088 -61.1827
8 49 53.6199 -60.7725
8 50 53.9278 -60.3585
8 51 54.2326 -59.9406
8 52 54.5342 -59.5187
8 53 54.8328 -59.0928
8 54 55.1284 -58.6628
8 55 55.4208 -58.2286
8 56 55.7102 -57.7901
8 57 55.9965 -57.3474
8 58 56.2798 -56.9004
8 59 56.56 -56.449
8 60 56.8371 -55.9932
8 61 57.1111 -55.533
8 62 57.3819 -55.0682
8 63 57.6497 -54.5991
8 64 57.9142 -54.1254
8 65 58.1756 -53.6472
8 66 58.4339 -53.1645
8 67 58.6888 -52.6773
8 68 58.9406 -52.1856
8 69 59.1891 -51.6895
8 70 59.4342 -51.1888
8 71 59.6761 -50.6838
8 72 59.9146 -50.1743
8 73 60.1497 -49.6605
8 74 60.3815 -49.1424
8 75 60.6098 -48.62
8 76 60.8346 -48.0934
8 77 61.056 -47.5627
8 78 61.2739 -47.0279
8 79 61.4883 -46.4892
8 80 61.6991 -45.9465
8 81 61.9064 -45.4
8 82 62.1101 -44.8499
8 83 62.3102 -44.2961
8 84 62.5066 -43.7389
8 85 62.6994 -43.1783
8 86 62.8886 -42.6145
8 87 63.0741 -42.0476
8 88 63.2559 -41.4778
8 89 63.4341 -40.9052
8 90 63.6085 -40.33
8 91 63.7793 -39.7523
8 92 63.9463 -39.1723
8 93 64.1097 -38.5902
8 94 64.2693 -38.0062
8 95 64.4252 -37.4205
8 96 64.5775 -36.8333
8 97 64.726 -36.2447
8 98 64.8708 -35.6551
8 99 65.012 -35.0645
8 100 65.1495 -34.4733
8 101 65.2833 -33.8817
8 102 65.4135 -33.2898
8 103 65.5401 -32.698
8 104 65.6631 -32.1064
8 105 65.7826 -31.5153
8 106 65.8985 -30.925
8 107 66.0108 -30.3357
8 108 66.1197 -29.7477
8 109 66.2252 -29.1612
8 110 66.3272 -28.5764
9 1 38.7869 -74.6223
9 2 39.1999 -74.3063
9 3 39.5805 -74.0074
9 4 39.9462 -73.7148
9 5 40.3031 -73.4245
9 6 40.6539 -73.1349
9 7 41.0004 -72.8447
9 8 41.3434 -72.5535
9 9 41.6836 -72.2608
9 10 42.0214 -71.9662
9 11 42.3569 -71.6696
9 12 42.6905 -71.3708
9 13 43.0221 -71.0698
9 14 43.3519 -70.7663
9 15 43.0994 -70.9389
9 16 43.4424 -70.6255
9 17 43.7792 -70.3128
9 18 44.1105 -70.0005
9 19 44.4368 -69.6882
9 20 44.7583 -69.3758
9 21 45.0754 -69.0631
9 22 45.3882 -68.75
9 23 45.697 -68.4364
9 24 46.0017 -68.1223
9 25 46.3026 -67.8078
9 26 46.5995 -67.4927
9 27 46.8926 -67.1773
9 28 47.1819 -66.8614
9 29 47.4673 -66.5452
9 30 47.7488 -66.2287
9 31 48.0265 -65.9121
9 32 48.3003 -65.5954
9 33 48.5701 -65.2787
9 34 48.8359 -64.9622
9 35 49.0977 -64.646
9 36 49.3555 -64.3302
9 37 49.6091 -64.015
9 38 49.8585 -63.7005
9 39 50.1038 -63.3869
9 40 50.3447 -63.0743
9 41 50.5814 -62.763
9 42 50.8137 -62.453
9 43 51.0415 -62.1446
9 44 51.2649 -61.838
9 45 51.6991 -61.0919
9 46 52.0024 -60.6635
9 47 52.3023 -60.2318
9 48 52.5987 -59.7966
9 49 52.8917 -59.3578
9 50 53.1814 -58.9155
9 51 53.4678 -58.4694
9 52 53.7509 -58.0196
9 53 54.0307 -57.566
9 54 54.3073 -57.1086
9 55 54.5807 -56.6473
9 56 54.8508 -56.182
9 57 55.1177 -55.7128
9 58 55.3814 -55.2396
9 59 55.6418 -54.7624
9 60 55.899 -54.2813
9 61 56.1529 -53.7961
9 62 56.4035 -53.307
9 63 56.6509 -52.8138
9 64 56.8949 -52.3167
9 65 57.1356 -51.8156
9 66 57.373 -51.3106
9 67 57.607 -50.8018
9 68 57.8377 -50.289
9 69 58.065 -49.7725
9 70 58.2888 -49.2522
9 71 58.5092 -48.7282
9 72 58.7261 -48.2006
9 73 58.9396 -47.6694
9 74 59.1495 -47.1347
9 75 59.356 -46.5966
9 76 59.5589 -46.0553
9 77 59.7582 -45.5107
9 78 59.954 -44.963
9 79 60.1462 -44.4123
9 80 60.3348 -43.8587
9 81 60.5198 -43.3023
9 82 60.7011 -42.7433
9 83 60.8788 -42.1818
9 84 61.0529 -41.618
9 85 61.2233 -41.0519
9 86 61.39 -40.4838
9 87 61.5531 -39.9138
9 88 61.7125 -39.3421
9 89 61.8683 -38.7688
9 90 62.0204 -38.1941
9 91 62.1688 -37.6182
9 92 62.3136 -37.0412
9 93 62.4547 -36.4635
9 94 62.5921 -35.8851
9 95 62.726 -35.3063
9 96 62.8562 -34.7272
9 97 62.9828 -34.1482
9 98 63.1059 -33.5693
9 99 63.2253 -32.9908
9 100 63.3413 -32.4129
9 101 63.4537 -31.8358
9 102 63.5626 -31.2598
9 103 63.668 -30.6851
9 104 63.77 -30.1119
9 105 63.8686 -29.5404
9 106 63.9639 -28.9708
9 107 64.0558 -28.4034
9 108 64.1444 -27.8384
9 109 64.2297 -27.276
9 110 64.3118 -26.7165
10 1 38.7354 -74.5276
10 2 39.1364 -74.1866
10 3 39.5047 -73.8628
10 4 39.8578 -73.5453
10 5 40.2019 -73.2301
10 6 40.5398 -72.9155
10 7 40.8732 -72.6003
10 8 41.203 -72.2839
10 9 41.5299 -71.966
10 10 41.8542 -71.6461
10 11 42.1761 -71.3241
10 12 42.496 -70.9999
10 13 42.8138 -70.6733
10 14 43.1296 -70.3442
10 15 42.8688 -70.5087
10 16 43.1983 -70.1702
10 17 43.5214 -69.8325
10 18 43.839 -69.4952
10 19 44.1514 -69.1579
10 20 44.4589 -68.8206
10 21 44.762 -68.483
10 22 45.0607 -68.1451
10 23 45.3552 -67.8068
10 24 45.6456 -67.4681
10 25 45.9321 -67.129
10 26 46.2146 -66.7895
10 27 46.4932 -66.4497
10 28 46.7679 -66.1096
10 29 47.0388 -65.7694
10 30 47.3057 -65.4291
10 31 47.5687 -65.0887
10 32 47.8278 -64.7485
10 33 48.0829 -64.4086
10 34 48.334 -64.069
10 35 48.5811 -63.7299
10 36 48.8241 -63.3915
10 37 49.063 -63.0539
10 38 49.2978 -62.7173
10 39 49.5283 -62.3818
10 40 49.7546 -62.0477
10 41 49.9767 -61.715
10 42 50.1944 -61.3841
10 43 50.4077 -61.0551
10 44 50.6166 -60.7281
10 45 50.9831 -59.8938
10 46 51.268 -59.4406
10 47 51.5492 -58.9843
10 48 51.8267 -58.5247
10 49 52.1008 -58.0619
10 50 52.3713 -57.5958
10 51 52.6384 -57.1263
10 52 52.902 -56.6534
10 53 53.1623 -56.1771
10 54 53.4191 -55.6973
10 55 53.6725 -55.2141
10 56 53.9226 -54.7273
10 57 54.1693 -54.2371
10 58 54.4126 -53.7433
10 59 54.6525 -53.2461
10 60 54.8891 -52.7454
10 61 55.1222 -52.2413
10 62 55.352 -51.7337
10 63 55.5784 -51.2228
10 64 55.8013 -50.7085
10 65 56.0208 -50.1909
10 66 56.2369 -49.6701
10 67 56.4495 -49.146
10 68 56.6587 -48.6189
10 69 56.8643 -48.0887
10 70 57.0665 -47.5556
10 71 57.2651 -47.0195
10 72 57.4603 -46.4807
10 73 57.6518 -45.9391
10 74 57.8399 -45.3949
10 75 58.0243 -44.8483
10 76 58.2052 -44.2992
10 77 58.3825 -43.7479
10 78 58.5562 -43.1944
10 79 58.7264 -42.6389
10 80 58.8928 -42.0815
10 81 59.0557 -41.5224
10 82 59.215 -40.9617
10 83 59.3706 -40.3995
10 84 59.5227 -39.836
10 85 59.6711 -39.2714
10 86 59.8158 -38.7058
10 87 59.957 -38.1394
10 88 60.0946 -37.5723
10 89 60.2285 -37.0048
10 90 60.3589 -36.437
10 91 60.4857 -35.8691
10 92 60.6089 -35.3013
10 93 60.7286 -34.7338
10 94 60.8448 -34.1667
10 95 60.9574 -33.6003
10 96 61.0666 -33.0348
10 97 61.1722 -32.4703
10 98 61.2745 -31.907
10 99 61.3733 -31.3452
10 100 61.4687 -30.785
10 101 61.5608 -30.2266
10 102 61.6496 -29.6704
10 103 61.735 -29.1163
10 104 61.8172 -28.5647
10 105 61.8962 -28.0157
10 106 61.9721 -27.4696
10 107 62.0448 -26.9265
10 108 62.1144 -26.3867
10 109 62.1809 -25.8502
10 110 62.2445 -25.3174
11 1 38.6782 -74.4375
11 2 39.0643 -74.074
11 3 39.4217 -73.7247
11 4 39.7613 -73.3834
11 5 40.0916 -73.0444
11 6 40.4156 -72.7059
11 7 40.7349 -72.3669
11 8 41.0505 -72.0267
11 9 41.3629 -71.6848
11 10 41.6727 -71.341
11 11 41.98 -70.9951
11 12 42.285 -70.6469
11 13 42.5879 -70.2963
11 14 42.8887 -69.9433
11 15 42.6175 -70.1013
11 16 42.9325 -69.7393
11 17 43.2411 -69.3781
11 18 43.5439 -69.0174
11 19 43.8414 -68.6569
11 20 44.134 -68.2964
11 21 44.422 -67.9358
11 22 44.7055 -67.5749
11 23 44.9848 -67.2139
11 24 45.26 -66.8525
11 25 45.5311 -66.4909
11 26 45.7982 -66.1291
11 27 46.0613 -65.7672
11 28 46.3205 -65.4052
11 29 46.5757 -65.0432
11 30 46.8271 -64.6813
11 31 47.0745 -64.3197
11 32 47.3179 -63.9584
11 33 47.5574 -63.5976
11 34 47.7929 -63.2374
11 35 48.0243 -62.878
11 36 48.2517 -62.5196
11 37 48.475 -62.1623
11 38 48.6941 -61.8062
11 39 48.9091 -61.4517
11 40 49.1199 -61.0987
11 41 49.3265 -60.7476
11 42 49.5287 -60.3986
11 43 49.7267 -60.0518
11 44 49.9203 -59.7074
11 45 50.2128 -58.7999
11 46 50.4783 -58.3258
11 47 50.7401 -57.8489
11 48 50.9981 -57.3691
11 49 51.2525 -56.8865
11 50 51.5031 -56.4009
11 51 51.7502 -55.9124
11 52 51.9937 -55.421
11 53 52.2337 -54.9266
11 54 52.4701 -54.4291
11 55 52.703 -53.9288
11 56 52.9324 -53.4254
11 57 53.1583 -52.9191
11 58 53.3808 -52.4098
11 59 53.5998 -51.8977
11 60 53.8152 -51.3826
11 61 54.0272 -50.8648
11 62 54.2358 -50.3442
11 63 54.4408 -49.8209
11 64 54.6423 -49.2949
11 65 54.8404 -48.7663
11 66 55.0349 -48.2352
11 67 55.2259 -47.7016
11 68 55.4134 -47.1657
11 69 55.5973 -46.6276
11 70 55.7777 -46.0872
11 71 55.9546 -45.5448
11 72 56.1279 -45.0005
11 73 56.2977 -44.4542
11 74 56.4638 -43.9063
11 75 56.6265 -43.3567
11 76 56.7855 -42.8056
11 77 56.941 -42.2531
11 78 57.0929 -41.6995
11 79 57.2412 -41.1447
11 80 57.386 -40.589
11 81 57.5271 -40.0325
11 82 57.6647 -39.4753
11 83 57.7988 -38.9176
11 84 57.9293 -38.3596
11 85 58.0562 -37.8014
11 86 58.1797 -37.2432
11 87 58.2996 -36.6852
11 88 58.4159 -36.1274
11 89 58.5288 -35.5702
11 90 58.6382 -35.0136
11 91 58.7442 -34.4579
11 92 58.8467 -33.9031
11 93 58.9458 -33.3496
11 94 59.0415 -32.7974
11 95 59.1339 -32.2468
11 96 59.2229 -31.6979
11 97 59.3086 -31.151
11 98 59.3911 -30.6061
11 99 59.4703 -30.0635
11 100 59.5462 -29.5233
11 101 59.6191 -28.9857
11 102 59.6887 -28.451
11 103 59.7553 -27.9192
11 104 59.8188 -27.3906
11 105 59.8794 -26.8653
11 106 59.9369 -26.3435
11 107 59.9915 -25.8254
11 108 60.0432 -25.311
11 109 60.0922 -24.8007
11 110 60.1383 -24.2946
12 1 38.6154 -74.3526
12 2 38.9885 -73.9656
12 3 39.3319 -73.5936
12 4 39.6571 -73.2296
12 5 39.9727 -72.868
12 6 40.2817 -72.507
12 7 40.5859 -72.1454
12 8 40.8862 -71.7826
12 9 41.1833 -71.4183
12 10 41.4775 -71.052
12 11 41.7692 -70.6837
12 12 42.0584 -70.3131
12 13 42.3454 -69.9401
12 14 42.6302 -69.5647
12 15 42.3465 -69.718
12 16 42.6461 -69.3341
12 17 42.9392 -68.9512
12 18 43.2264 -68.5689
12 19 43.5082 -68.1869
12 20 43.7849 -67.8051
12 21 44.0569 -67.4233
12 22 44.3244 -67.0415
12 23 44.5876 -66.6596
12 24 44.8465 -66.2777
12 25 45.1013 -65.8957
12 26 45.3521 -65.5137
12 27 45.5989 -65.1319
12 28 45.8417 -64.7501
12 29 46.0805 -64.3687
12 30 46.3154 -63.9876
12 31 46.5463 -63.607
12 32 46.7733 -63.2271
12 33 46.9963 -62.8479
12 34 47.2153 -62.4697
12 35 47.4303 -62.0926
12 36 47.6412 -61.7167
12 37 47.8481 -61.3423
12 38 48.0509 -60.9695
12 39 48.2496 -60.5985
12 40 48.4441 -60.2295
12 41 48.6344 -59.8627
12 42 48.8206 -59.4982
12 43 49.0025 -59.1364
12 44 49.1802 -58.7774
12 45 49.3925 -57.8115
12 46 49.6383 -57.3201
12 47 49.8801 -56.8264
12 48 50.118 -56.3303
12 49 50.352 -55.8318
12 50 50.5823 -55.3309
12 51 50.8089 -54.8274
12 52 51.0318 -54.3216
12 53 51.251 -53.8132
12 54 51.4666 -53.3025
12 55 51.6786 -52.7893
12 56 51.887 -52.2737
12 57 52.0918 -51.7557
12 58 52.2931 -51.2354
12 59 52.4908 -50.7129
12 60 52.685 -50.1881
12 61 52.8756 -49.6612
12 62 53.0627 -49.1321
12 63 53.2462 -48.601
12 64 53.4262 -48.068
12 65 53.6027 -47.5331
12 66 53.7756 -46.9964
12 67 53.945 -46.458
12 68 54.1108 -45.9181
12 69 54.2731 -45.3766
12 70 54.4319 -44.8337
12 71 54.5871 -44.2896
12 72 54.7388 -43.7443
12 73 54.8869 -43.1979
12 74 55.0315 -42.6507
12 75 55.1726 -42.1026
12 76 55.3101 -41.5539
12 77 55.4441 -41.0047
12 78 55.5746 -40.455
12 79 55.7016 -39.9052
12 80 55.825 -39.3552
12 81 55.945 -38.8052
12 82 56.0615 -38.2555
12 83 56.1745 -37.7061
12 84 56.2841 -37.1572
12 85 56.3903 -36.6089
12 86 56.493 -36.0615
12 87 56.5923 -35.515
12 88 56.6882 -34.9697
12 89 56.7808 -34.4256
12 90 56.87 -33.883
12 91 56.9559 -33.342
12 92 57.0386 -32.8028
12 93 57.1179 -32.2656
12 94 57.1941 -31.7304
12 95 57.267 -31.1975
12 96 57.3368 -30.667
12 97 57.4035 -30.1391
12 98 57.4671 -29.6139
12 99 57.5276 -29.0917
12 100 57.5851 -28.5725
12 101 57.6396 -28.0565
12 102 57.6912 -27.5439
12 103 57.7398 -27.0348
12 104 57.7857 -26.5294
12 105 57.8287 -26.0278
12 106 57.8689 -25.5302
12 107 57.9065 -25.0366
12 108 57.9413 -24.5473
12 109 57.9736 -24.0624
12 110 58.0032 -23.582
13 1 38.547 -74.2731
13 2 38.9068 -73.8637
13 3 39.2354 -73.4699
13 4 39.5453 -73.0844
13 5 39.8453 -72.7015
13 6 40.1386 -72.3192
13 7 40.4268 -71.9365
13 8 40.7109 -71.5527
13 9 40.9917 -71.1673
13 10 41.2694 -70.7801
13 11 41.5445 -70.3909
13 12 41.817 -69.9995
13 13 42.0872 -69.6059
13 14 42.355 -69.2099
13 15 42.0565 -69.3603
13 16 42.3401 -68.9561
13 17 42.617 -68.5531
13 18 42.8877 -68.151
13 19 43.1529 -67.7494
13 20 43.413 -67.3481
13 21 43.6682 -66.9471
13 22 43.9188 -66.5463
13 23 44.1651 -66.1457
13 24 44.407 -65.7453
13 25 44.6447 -65.345
13 26 44.8784 -64.9451
13 27 45.108 -64.5454
13 28 45.3336 -64.1463
13 29 45.5552 -63.7476
13 30 45.7729 -63.3497
13 31 45.9866 -62.9526
13 32 46.1964 -62.5564
13 33 46.4022 -62.1613
13 34 46.604 -61.7675
13 35 46.8019 -61.3751
13 36 46.9957 -60.9843
13 37 47.1855 -60.5953
13 38 47.3713 -60.2083
13 39 47.553 -59.8235
13 40 47.7307 -59.441
13 41 47.9042 -59.0611
13 42 48.0736 -58.684
13 43 48.2389 -58.3099
13 44 48.4 -57.9389
13 45 48.5269 -56.9286
13 46 48.7523 -56.4235
13 47 48.9737 -55.9166
13 48 49.1911 -55.4077
13 49 49.4045 -54.8969
13 50 49.6141 -54.3842
13 51 49.8198 -53.8696
13 52 50.0218 -53.353
13 53 50.22 -52.8346
13 54 50.4146 -52.3143
13 55 50.6054 -51.7921
13 56 50.7926 -51.2682
13 57 50.9762 -50.7425
13 58 51.1561 -50.2151
13 59 51.3325 -49.686
13 60 51.5052 -49.1554
13 61 51.6744 -48.6233
13 62 51.84 -48.0898
13 63 52.0021 -47.5549
13 64 52.1606 -47.0187
13 65 52.3156 -46.4814
13 66 52.467 -45.943
13 67 52.6149 -45.4037
13 68 52.7592 -44.8634
13 69 52.9001 -44.3224
13 70 53.0374 -43.7808
13 71 53.1713 -43.2386
13 72 53.3016 -42.696
13 73 53.4284 -42.1531
13 74 53.5518 -41.6101
13 75 53.6717 -41.067
13 76 53.7881 -40.5239
13 77 53.9011 -39.9812
13 78 54.0107 -39.4387
13 79 54.1168 -38.8968
13 80 54.2195 -38.3555
13 81 54.3189 -37.815
13 82 54.4149 -37.2755
13 83 54.5075 -36.7369
13 84 54.5968 -36.1996
13 85 54.6827 -35.6637
13 86 54.7654 -35.1293
13 87 54.8449 -34.5965
13 88 54.9211 -34.0655
13 89 54.994 -33.5365
13 90 55.0639 -33.0095
13 91 55.1305 -32.4848
13 92 55.194 -31.9625
13 93 55.2545 -31.4427
13 94 55.3119 -30.9256
13 95 55.3663 -30.4114
13 96 55.4177 -29.9
13 97 55.4661 -29.3918
13 98 55.5117 -28.8869
13 99 55.5543 -28.3853
13 100 55.5942 -27.8872
13 101 55.6313 -27.3928
13 102 55.6656 -26.9022
13 103 55.6972 -26.4155
13 104 55.7262 -25.9328
13 105 55.7526 -25.4543
13 106 55.7764 -24.9801
13 107 55.7977 -24.5102
13 108 55.8165 -24.0449
13 109 55.8329 -23.5842
13 110 55.8469 -23.1283
14 1 38.4732 -74.1996
14 2 38.8192 -73.7685
14 3 39.1324 -73.3541
14 4 39.4264 -72.9484
14 5 39.71 -72.5455
14 6 39.9866 -72.1433
14 7 40.258 -71.7409
14 8 40.5252 -71.3375
14 9 40.7887 -70.9326
14 10 41.0492 -70.5261
14 11 41.3068 -70.1176
14 12 41.5618 -69.7071
14 13 41.8142 -69.2945
14 14 42.0642 -68.8797
14 15 41.7487 -69.0293
14 16 42.0155 -68.6066
14 17 42.2754 -68.1853
14 18 42.529 -67.7651
14 19 42.777 -67.3457
14 20 43.0196 -66.9269
14 21 43.2574 -66.5087
14 22 43.4904 -66.0909
14 23 43.719 -65.6735
14 24 43.9432 -65.2567
14 25 44.1632 -64.8403
14 26 44.379 -64.4245
14 27 44.5908 -64.0093
14 28 44.7985 -63.5949
14 29 45.0023 -63.1814
14 30 45.2021 -62.7688
14 31 45.398 -62.3575
14 32 45.5899 -61.9474
14 33 45.7779 -61.5387
14 34 45.9619 -61.1317
14 35 46.142 -60.7265
14 36 46.3182 -60.3233
14 37 46.4904 -59.9222
14 38 46.6586 -59.5234
14 39 46.8229 -59.1273
14 40 46.9831 -58.7338
14 41 47.1393 -58.3433
14 42 47.2915 -57.956
14 43 47.4397 -57.5721
14 44 47.5839 -57.1917
14 45 47.6199 -56.1509
14 46 47.8248 -55.6352
14 47 48.0255 -55.1181
14 48 48.2221 -54.5997
14 49 48.4147 -54.0799
14 50 48.6034 -53.5588
14 51 48.7881 -53.0362
14 52 48.969 -52.5123
14 53 49.1461 -51.9871
14 54 49.3195 -51.4606
14 55 49.4891 -50.9329
14 56 49.6551 -50.404
14 57 49.8173 -49.8739
14 58 49.976 -49.3427
14 59 50.131 -48.8106
14 60 50.2824 -48.2775
14 61 50.4302 -47.7435
14 62 50.5744 -47.2088
14 63 50.7152 -46.6734
14 64 50.8523 -46.1374
14 65 50.986 -45.6008
14 66 51.1161 -45.0639
14 67 51.2428 -44.5267
14 68 51.3659 -43.9893
14 69 51.4856 -43.4517
14 70 51.6019 -42.9143
14 71 51.7147 -42.3769
14 72 51.824 -41.8399
14 73 51.93 -41.3032
14 74 52.0326 -40.767
14 75 52.1317 -40.2314
14 76 52.2275 -39.6966
14 77 52.32 -39.1627
14 78 52.4092 -38.6298
14 79 52.495 -38.098
14 80 52.5775 -37.5675
14 81 52.6568 -37.0385
14 82 52.7329 -36.5109
14 83 52.8057 -35.9851
14 84 52.8753 -35.4611
14 85 52.9418 -34.939
14 86 53.0052 -34.4189
14 87 53.0654 -33.9011
14 88 53.1225 -33.3857
14 89 53.1766 -32.8727
14 90 53.2277 -32.3623
14 91 53.2758 -31.8547
14 92 53.321 -31.35
14 93 53.3633 -30.8482
14 94 53.4026 -30.3496
14 95 53.4392 -29.8542
14 96 53.4729 -29.3622
14 97 53.5039 -28.8737
14 98 53.5322 -28.3889
14 99 53.5578 -27.9077
14 100 53.5808 -27.4305
14 101 53.6011 -26.9571
14 102 53.619 -26.4879
14 103 53.6343 -26.0229
14 104 53.6471 -25.5621
14 105 53.6576 -25.1058
14 106 53.6656 -24.6539
14 107 53.6714 -24.2066
14 108 53.6749 -23.7641
14 109 53.6761 -23.3263
14 110 53.6752 -22.8934
15 1 38.3936 -74.1323
15 2 38.726 -73.6804
15 3 39.0212 -73.2482
15 4 39.3006 -72.822
15 5 39.5671 -72.4005
15 6 39.8264 -71.9799
15 7 40.0802 -71.5593
15 8 40.3295 -71.1378
15 9 40.5752 -70.715
15 10 40.8175 -70.2907
15 11 41.0569 -69.8647
15 12 41.2935 -69.4369
15 13 41.5275 -69.007
15 14 41.759 -68.5752
15 15 41.4238 -68.7262
15 16 41.6733 -68.2866
15 17 41.9156 -67.8488
15 18 42.1515 -67.4123
15 19 42.3816 -66.977
15 20 42.6063 -66.5426
15 21 42.8259 -66.1091
15 22 43.0407 -65.6763
15 23 43.251 -65.2442
15 24 43.4569 -64.813
15 25 43.6585 -64.3825
15 26 43.856 -63.953
15 27 44.0493 -63.5245
15 28 44.2386 -63.097
15 29 44.424 -62.6708
15 30 44.6054 -62.2459
15 31 44.7828 -61.8225
15 32 44.9564 -61.4008
15 33 45.126 -60.9809
15 34 45.2918 -60.563
15 35 45.4537 -60.1473
15 36 45.6117 -59.7339
15 37 45.7658 -59.3231
15 38 45.916 -58.915
15 39 46.0624 -58.5098
15 40 46.2048 -58.1077
15 41 46.3433 -57.709
15 42 46.4779 -57.3139
15 43 46.6086 -56.9224
15 44 46.7354 -56.535
15 45 46.6755 -55.4768
15 46 46.8597 -54.9534
15 47 47.0397 -54.4292
15 48 47.2155 -53.9041
15 49 47.3872 -53.3783
15 50 47.5548 -52.8515
15 51 47.7185 -52.324
15 52 47.8784 -51.7957
15 53 48.0343 -51.2667
15 54 48.1865 -50.7369
15 55 48.335 -50.2065
15 56 48.4797 -49.6755
15 57 48.6208 -49.1439
15 58 48.7582 -48.6119
15 59 48.892 -48.0795
15 60 49.0222 -47.5467
15 61 49.1488 -47.0137
15 62 49.2719 -46.4805
15 63 49.3915 -45.9472
15 64 49.5076 -45.414
15 65 49.6202 -44.8809
15 66 49.7294 -44.348
15 67 49.8351 -43.8154
15 68 49.9374 -43.2832
15 69 50.0363 -42.7516
15 70 50.1318 -42.2206
15 71 50.224 -41.6903
15 72 50.3128 -41.1609
15 73 50.3983 -40.6325
15 74 50.4806 -40.1052
15 75 50.5595 -39.5791
15 76 50.6352 -39.0543
15 77 50.7077 -38.531
15 78 50.7769 -38.0092
15 79 50.843 -37.4892
15 80 50.9059 -36.9709
15 81 50.9658 -36.4546
15 82 51.0225 -35.9404
15 83 51.0761 -35.4284
15 84 51.1267 -34.9186
15 85 51.1743 -34.4113
15 86 51.2189 -33.9065
15 87 51.2606 -33.4044
15 88 51.2993 -32.9051
15 89 51.3352 -32.4087
15 90 51.3682 -31.9153
15 91 51.3984 -31.4251
15 92 51.4259 -30.9381
15 93 51.4506 -30.4544
15 94 51.4726 -29.9743
15 95 51.492 -29.4977
15 96 51.5088 -29.0248
15 97 51.5229 -28.5556
15 98 51.5346 -28.0904
15 99 51.5437 -27.6292
15 100 51.5504 -27.1721
15 101 51.5547 -26.7191
15 102 51.5567 -26.2705
15 103 51.5563 -25.8262
15 104 51.5537 -25.3864
15 105 51.5488 -24.9512
15 106 51.5417 -24.5205
15 107 51.5325 -24.0946
15 108 51.5212 -23.6735
15 109 51.5079 -23.2573
15 110 51.4925 -22.846
