16 110 2005 26589600
0 0.000000 180 45
0 1 38.9041 -74.9221
0 2 39.3363 -74.6464
0 3 39.738 -74.3959
0 4 40.126 -74.1553
0 5 40.5058 -73.9192
0 6 40.8803 -73.6852
0 7 41.2509 -73.4519
0 8 41.6185 -73.2184
0 9 41.9836 -72.9841
0 10 42.3466 -72.7486
0 11 42.7077 -72.5117
0 12 43.0672 -72.2731
0 13 43.425 -72.0327
0 14 43.7813 -71.7903
0 15 43.5745 -72.0876
0 16 43.9418 -71.8286
0 17 44.3035 -71.5715
0 18 44.66 -71.3158
0 19 45.012 -71.0611
0 20 45.3597 -70.8069
0 21 45.7033 -70.5531
0 22 46.0429 -70.2995
0 23 46.3788 -70.0459
0 24 46.711 -69.7922
0 25 47.0395 -69.5384
0 26 47.3644 -69.2844
0 27 47.6857 -69.0303
0 28 48.0033 -68.7759
0 29 48.3173 -68.5214
0 30 48.6277 -68.2667
0 31 48.9344 -68.012
0 32 49.2373 -67.7572
0 33 49.5365 -67.5025
0 34 49.8318 -67.2479
0 35 50.1232 -66.9936
0 36 50.4107 -66.7397
0 37 50.6942 -66.4862
0 38 50.9736 -66.2333
0 39 51.2489 -65.9811
0 40 51.52 -65.7297
0 41 51.7868 -65.4794
0 42 52.0494 -65.2302
0 43 52.3075 -64.9824
0 44 52.5613 -64.7361
0 45 53.1959 -64.4518
0 46 53.5358 -64.0897
0 47 53.8726 -63.7245
0 48 54.2066 -63.3562
0 49 54.5377 -62.9845
0 50 54.8661 -62.6094
0 51 55.1916 -62.2307
0 52 55.5144 -61.8484
0 53 55.8344 -61.4622
0 54 56.1517 -61.0721
0 55 56.4663 -60.6779
0 56 56.7782 -60.2797
0 57 57.0873 -59.8773
0 58 57.3937 -59.4706
0 59 57.6974 -59.0595
0 60 57.9984 -58.644
0 61 58.2965 -58.224
0 62 58.5919 -57.7995
0 63 58.8845 -57.3703
0 64 59.1743 -56.9364
0 65 59.4612 -56.4978
0 66 59.7453 -56.0544
0 67 60.0264 -55.6062
0 68 60.3047 -55.1532
0 69 60.58 -54.6952
0 70 60.8523 -54.2324
0 71 61.1216 -53.7646
0 72 61.3879 -53.2918
0 73 61.6512 -52.8141
0 74 61.9113 -52.3314
0 75 62.1684 -51.8438
0 76 62.4222 -51.3512
0 77 62.673 -50.8536
0 78 62.9205 -50.3511
0 79 63.1647 -49.8437
0 80 63.4058 -49.3315
0 81 63.6435 -48.8144
0 82 63.8779 -48.2925
0 83 64.109 -47.7659
0 84 64.3367 -47.2346
0 85 64.5611 -46.6987
0 86 64.782 -46.1583
0 87 64.9995 -45.6135
0 88 65.2136 -45.0643
0 89 65.4242 -44.5108
0 90 65.6313 -43.9532
0 91 65.8349 -43.3916
0 92 66.035 -42.8261
0 93 66.2315 -42.2568
0 94 66.4246 -41.6838
0 95 66.6141 -41.1075
0 96 66.8 -40.5278
0 97 66.9824 -39.9449
0 98 67.1612 -39.3591
0 99 67.3365 -38.7705
0 100 67.5082 -38.1793
0 101 67.6764 -37.5857
0 102 67.841 -36.99
0 103 68.0021 -36.3922
0 104 68.1596 -35.7928
0 105 68.3137 -35.1918
0 106 68.4642 -34.5895
0 107 68.6113 -33.9863
0 108 68.7549 -33.3822
0 109 68.8951 -32.7777
0 110 69.0318 -32.1728
1 1 38.8874 -74.8678
1 2 39.314 -74.5793
1 3 39.7104 -74.3157
1 4 40.0932 -74.0616
1 5 40.4679 -73.812
1 6 40.8372 -73.5644
1 7 41.2026 -73.3173
1 8 41.5649 -73.0698
1 9 41.9248 -72.8215
1 10 42.2825 -72.5719
1 11 42.6382 -72.3208
1 12 42.9922 -72.0679
1 13 43.3446 -71.813
1 14 43.6954 -71.5561
1 15 43.4892 -71.845
1 16 43.8509 -71.5719
1 17 44.2069 -71.3006
1 18 44.5579 -71.0307
1 19 44.9042 -70.7615
1 20 45.2462 -70.493
1 21 45.5841 -70.2247
1 22 45.9181 -69.9565
1 23 46.2482 -69.6884
1 24 46.5747 -69.4201
1 25 46.8974 -69.1516
1 26 47.2165 -68.883
1 27 47.532 -68.6141
1 28 47.8438 -68.3451
1 29 48.152 -68.0758
1 30 48.4565 -67.8064
1 31 48.7573 -67.537
1 32 49.0543 -67.2675
1 33 49.3475 -66.9982
1 34 49.6369 -66.7289
1 35 49.9225 -66.46
1 36 50.204 -66.1915
1 37 50.4815 -65.9234
1 38 50.755 -65.656
1 39 51.0244 -65.3894
1 40 51.2896 -65.1237
1 41 51.5505 -64.8591
1 42 51.8071 -64.5957
1 43 52.0594 -64.3337
1 44 52.3073 -64.0734
1 45 52.9219 -63.7181
1 46 53.2538 -63.3384
1 47 53.5826 -62.9556
1 48 53.9085 -62.5695
1 49 54.2314 -62.1801
1 50 54.5514 -61.7872
1 51 54.8685 -61.3906
1 52 55.1828 -60.9904
1 53 55.4943 -60.5863
1 54 55.8029 -60.1783
1 55 56.1088 -59.7662
1 56 56.4118 -59.3501
1 57 56.712 -58.9298
1 58 57.0094 -58.5053
1 59 57.304 -58.0764
1 60 57.5957 -57.6432
1 61 57.8846 -57.2055
1 62 58.1706 -56.7634
1 63 58.4537 -56.3167
1 64 58.7339 -55.8654
1 65 59.0111 -55.4095
1 66 59.2854 -54.949
1 67 59.5567 -54.4839
1 68 59.825 -54.014
1 69 60.0903 -53.5394
1 70 60.3525 -53.0602
1 71 60.6116 -52.5762
1 72 60.8676 -52.0875
1 73 61.1205 -51.5941
1 74 61.3702 -51.096
1 75 61.6167 -50.5932
1 76 61.8599 -50.0858
1 77 62.0999 -49.5738
1 78 62.3367 -49.0572
1 79 62.5701 -48.5361
1 80 62.8002 -48.0105
1 81 63.0269 -47.4805
1 82 63.2503 -46.9462
1 83 63.4703 -46.4076
1 84 63.6868 -45.8648
1 85 63.9 -45.318
1 86 64.1096 -44.7671
1 87 64.3158 -44.2123
1 88 64.5185 -43.6538
1 89 64.7177 -43.0916
1 90 64.9133 -42.5259
1 91 65.1055 -41.9568
1 92 65.2941 -41.3844
1 93 65.4791 -40.809
1 94 65.6606 -40.2306
1 95 65.8385 -39.6495
1 96 66.0129 -39.0657
1 97 66.1838 -38.4796
1 98 66.351 -37.8913
1 99 66.5148 -37.3009
1 100 66.6749 -36.7087
1 101 66.8316 -36.1149
1 102 66.9847 -35.5198
1 103 67.1343 -34.9235
1 104 67.2805 -34.3262
1 105 67.4231 -33.7283
1 106 67.5623 -33.1299
1 107 67.6981 -32.5313
1 108 67.8305 -31.9328
1 109 67.9595 -31.3346
1 110 68.0851 -30.7369
2 1 38.8692 -74.8145
2 2 39.29 -74.5134
2 3 39.6809 -74.2368
2 4 40.0582 -73.9695
2 5 40.4275 -73.7066
2 6 40.7913 -73.4454
2 7 41.1512 -73.1848
2 8 41.508 -72.9237
2 9 41.8623 -72.6616
2 10 42.2143 -72.3982
2 11 42.5644 -72.1331
2 12 42.9127 -71.8662
2 13 43.2593 -71.5972
2 14 43.6043 -71.3261
2 15 43.3982 -71.607
2 16 43.7539 -71.3201
2 17 44.1041 -71.035
2 18 44.4491 -70.7511
2 19 44.7895 -70.468
2 20 45.1256 -70.1854
2 21 45.4575 -69.903
2 22 45.7854 -69.6208
2 23 46.1095 -69.3384
2 24 46.4299 -69.056
2 25 46.7466 -68.7733
2 26 47.0596 -68.4905
2 27 47.3689 -68.2074
2 28 47.6746 -67.9241
2 29 47.9766 -67.6407
2 30 48.2749 -67.3571
2 31 48.5695 -67.0735
2 32 48.8603 -66.7899
2 33 49.1473 -66.5064
2 34 49.4305 -66.2231
2 35 49.7098 -65.9402
2 36 49.9851 -65.6576
2 37 50.2564 -65.3757
2 38 50.5236 -65.0945
2 39 50.7867 -64.8141
2 40 51.0457 -64.5347
2 41 51.3004 -64.2565
2 42 51.5509 -63.9796
2 43 51.797 -63.7042
2 44 52.0387 -63.4306
2 45 52.6311 -63.0083
2 46 52.9547 -62.612
2 47 53.2751 -62.2126
2 48 53.5925 -61.8099
2 49 53.9068 -61.4039
2 50 54.2182 -60.9943
2 51 54.5266 -60.5812
2 52 54.8321 -60.1643
2 53 55.1346 -59.7437
2 54 55.4343 -59.3192
2 55 55.7311 -58.8907
2 56 56.0249 -58.4581
2 57 56.3159 -58.0215
2 58 56.604 -57.5807
2 59 56.8891 -57.1357
2 60 57.1713 -56.6864
2 61 57.4506 -56.2328
2 62 57.7269 -55.7748
2 63 58.0002 -55.3125
2 64 58.2705 -54.8457
2 65 58.5378 -54.3745
2 66 58.8021 -53.8989
2 67 59.0633 -53.4188
2 68 59.3214 -52.9343
2 69 59.5764 -52.4453
2 70 59.8282 -51.9518
2 71 60.0769 -51.4539
2 72 60.3224 -50.9516
2 73 60.5647 -50.4449
2 74 60.8037 -49.9339
2 75 61.0395 -49.4185
2 76 61.2719 -48.8988
2 77 61.5011 -48.375
2 78 61.7269 -47.8469
2 79 61.9494 -47.3148
2 80 62.1684 -46.7786
2 81 62.3841 -46.2385
2 82 62.5963 -45.6946
2 83 62.8051 -45.1468
2 84 63.0104 -44.5954
2 85 63.2122 -44.0405
2 86 63.4106 -43.4821
2 87 63.6054 -42.9204
2 88 63.7968 -42.3556
2 89 63.9846 -41.7876
2 90 64.1688 -41.2168
2 91 64.3496 -40.6432
2 92 64.5267 -40.0671
2 93 64.7003 -39.4885
2 94 64.8704 -38.9077
2 95 65.0369 -38.3248
2 96 65.1999 -37.74
2 97 65.3593 -37.1536
2 98 65.5152 -36.5656
2 99 65.6676 -35.9764
2 100 65.8165 -35.3861
2 101 65.9619 -34.795
2 102 66.1038 -34.2032
2 103 66.2422 -33.611
2 104 66.3772 -33.0186
2 105 66.5087 -32.4263
2 106 66.6369 -31.8343
2 107 66.7617 -31.2428
2 108 66.8832 -30.6522
2 109 67.0014 -30.0625
2 110 67.1163 -29.4742
3 1 38.8495 -74.7623
3 2 39.2643 -74.4487
3 3 39.6495 -74.1592
3 4 40.0211 -73.8789
3 5 40.3846 -73.6029
3 6 40.7427 -73.3286
3 7 41.0968 -73.0546
3 8 41.4478 -72.7801
3 9 41.7962 -72.5046
3 10 42.1423 -72.2276
3 11 42.4864 -71.9489
3 12 42.8287 -71.6682
3 13 43.1692 -71.3855
3 14 43.508 -71.1006
3 15 43.3014 -71.3739
3 16 43.6511 -71.0736
3 17 43.995 -70.7749
3 18 44.3339 -70.4774
3 19 44.6681 -70.1807
3 20 44.9978 -69.8845
3 21 45.3235 -69.5884
3 22 45.6451 -69.2924
3 23 45.9629 -68.9964
3 24 46.2769 -68.7002
3 25 46.5871 -68.4038
3 26 46.8937 -68.1072
3 27 47.1966 -67.8104
3 28 47.4959 -67.5135
3 29 47.7914 -67.2163
3 30 48.0832 -66.9191
3 31 48.3713 -66.6219
3 32 48.6556 -66.3247
3 33 48.9361 -66.0277
3 34 49.2127 -65.731
3 35 49.4855 -65.4346
3 36 49.7542 -65.1388
3 37 50.019 -64.8436
3 38 50.2797 -64.5492
3 39 50.5363 -64.2557
3 40 50.7887 -63.9633
3 41 51.037 -63.6722
3 42 51.2809 -63.3826
3 43 51.5206 -63.0945
3 44 51.7558 -62.8083
3 45 52.3241 -62.3229
3 46 52.639 -61.9111
3 47 52.9507 -61.4962
3 48 53.2593 -61.078
3 49 53.5648 -60.6565
3 50 53.8672 -60.2316
3 51 54.1666 -59.8031
3 52 54.463 -59.3709
3 53 54.7563 -58.9351
3 54 55.0467 -58.4954
3 55 55.3341 -58.0518
3 56 55.6185 -57.6043
3 57 55.9 -57.1529
3 58 56.1784 -56.6973
3 59 56.4539 -56.2377
3 60 56.7263 -55.774
3 61 56.9957 -55.3062
3 62 57.2621 -54.8341
3 63 57.5254 -54.3579
3 64 57.7856 -53.8775
3 65 58.0427 -53.3929
3 66 58.2967 -52.9041
3 67 58.5476 -52.411
3 68 58.7953 -51.9138
3 69 59.0398 -51.4124
3 70 59.2811 -50.9069
3 71 59.5192 -50.3972
3 72 59.754 -49.8835
3 73 59.9855 -49.3657
3 74 60.2137 -48.8439
3 75 60.4386 -48.3182
3 76 60.6602 -47.7887
3 77 60.8784 -47.2553
3 78 61.0932 -46.7182
3 79 61.3045 -46.1775
3 80 61.5125 -45.6332
3 81 61.717 -45.0855
3 82 61.9181 -44.5344
3 83 62.1156 -43.9801
3 84 62.3097 -43.4226
3 85 62.5003 -42.8622
3 86 62.6874 -42.2989
3 87 62.8709 -41.7328
3 88 63.051 -41.1642
3 89 63.2274 -40.5931
3 90 63.4004 -40.0198
3 91 63.5698 -39.4443
3 92 63.7357 -38.8669
3 93 63.898 -38.2878
3 94 64.0568 -37.707
3 95 64.2121 -37.1249
3 96 64.3638 -36.5415
3 97 64.5121 -35.9571
3 98 64.6568 -35.372
3 99 64.7981 -34.7862
3 100 64.9359 -34.2001
3 101 65.0702 -33.6137
3 102 65.2012 -33.0275
3 103 65.3287 -32.4415
3 104 65.4528 -31.856
3 105 65.5736 -31.2713
3 106 65.6911 -30.6875
3 107 65.8053 -30.105
3 108 65.9163 -29.5239
3 109 66.024 -28.9444
3 110 66.1286 -28.3669
4 1 38.8284 -74.7112
4 2 39.237 -74.3852
4 3 39.6162 -74.0831
4 4 39.9818 -73.7901
4 5 40.3394 -73.5011
4 6 40.6914 -73.2139
4 7 41.0395 -72.9268
4 8 41.3843 -72.6392
4 9 41.7265 -72.3505
4 10 42.0664 -72.0603
4 11 42.4043 -71.7683
4 12 42.7402 -71.4742
4 13 43.0743 -71.1781
4 14 43.4067 -70.8796
4 15 43.1992 -71.1459
4 16 43.5424 -70.8324
4 17 43.8799 -70.5206
4 18 44.2123 -70.2099
4 19 44.5399 -69.9
4 20 44.8632 -69.5905
4 21 45.1822 -69.2812
4 22 45.4973 -68.9719
4 23 45.8084 -68.6626
4 24 46.1158 -68.3531
4 25 46.4194 -68.0435
4 26 46.7192 -67.7337
4 27 47.0154 -67.4237
4 28 47.3079 -67.1135
4 29 47.5967 -66.8032
4 30 47.8817 -66.4929
4 31 48.163 -66.1827
4 32 48.4405 -65.8725
4 33 48.7142 -65.5626
4 34 48.984 -65.253
4 35 49.2499 -64.9439
4 36 49.5119 -64.6354
4 37 49.7698 -64.3276
4 38 50.0237 -64.0206
4 39 50.2735 -63.7148
4 40 50.5192 -63.4101
4 41 50.7606 -63.1068
4 42 50.9978 -62.8051
4 43 51.2307 -62.5051
4 44 51.4593 -62.2071
4 45 52.0013 -61.6625
4 46 52.3074 -61.2362
4 47 52.6101 -60.8069
4 48 52.9096 -60.3744
4 49 53.206 -59.9386
4 50 53.4992 -59.4995
4 51 53.7893 -59.0568
4 52 54.0763 -58.6106
4 53 54.3602 -58.1608
4 54 54.641 -57.7073
4 55 54.9188 -57.2501
4 56 55.1935 -56.7891
4 57 55.4652 -56.3242
4 58 55.7338 -55.8555
4 59 55.9993 -55.3829
4 60 56.2617 -54.9063
4 61 56.521 -54.4258
4 62 56.7772 -53.9414
4 63 57.0303 -53.453
4 64 57.2802 -52.9607
4 65 57.527 -52.4644
4 66 57.7706 -51.9641
4 67 58.0109 -51.46
4 68 58.2481 -50.952
4 69 58.4819 -50.4401
4 70 58.7126 -49.9245
4 71 58.9399 -49.405
4 72 59.1639 -48.8819
4 73 59.3846 -48.3551
4 74 59.6019 -47.8247
4 75 59.8158 -47.2908
4 76 60.0264 -46.7534
4 77 60.2336 -46.2127
4 78 60.4373 -45.6688
4 79 60.6376 -45.1216
4 80 60.8344 -44.5714
4 81 61.0278 -44.0183
4 82 61.2177 -43.4623
4 83 61.4041 -42.9036
4 84 61.587 -42.3424
4 85 61.7663 -41.7786
4 86 61.9422 -41.2126
4 87 62.1145 -40.6445
4 88 62.2833 -40.0743
4 89 62.4486 -39.5023
4 90 62.6104 -38.9286
4 91 62.7686 -38.3534
4 92 62.9234 -37.7769
4 93 63.0746 -37.1992
4 94 63.2223 -36.6206
4 95 63.3665 -36.0412
4 96 63.5072 -35.4612
4 97 63.6445 -34.8809
4 98 63.7784 -34.3004
4 99 63.9088 -33.7199
4 100 64.0357 -33.1397
4 101 64.1594 -32.56
4 102 64.2796 -31.9809
4 103 64.3965 -31.4027
4 104 64.5102 -30.8257
4 105 64.6205 -30.2499
4 106 64.7276 -29.6758
4 107 64.8316 -29.1034
4 108 64.9323 -28.533
4 109 65.03 -27.9649
4 110 65.1245 -27.3992
5 1 38.8059 -74.6613
5 2 39.2081 -74.3231
5 3 39.581 -74.0085
5 4 39.9405 -73.7029
5 5 40.2917 -73.4014
5 6 40.6375 -73.1014
5 7 40.9792 -72.8016
5 8 41.3176 -72.5012
5 9 41.6534 -72.1996
5 10 41.9868 -71.8964
5 11 42.3181 -71.5914
5 12 42.6474 -71.2843
5 13 42.9748 -70.9751
5 14 43.3005 -70.6635
5 15 43.0915 -70.9232
5 16 43.4281 -70.5969
5 17 43.7588 -70.2723
5 18 44.0845 -69.9488
5 19 44.4053 -69.626
5 20 44.7218 -69.3037
5 21 45.034 -68.9815
5 22 45.3421 -68.6595
5 23 45.6464 -68.3373
5 24 45.9468 -68.0151
5 25 46.2434 -67.6927
5 26 46.5363 -67.3701
5 27 46.8255 -67.0475
5 28 47.111 -66.7247
5 29 47.3927 -66.4018
5 30 47.6707 -66.079
5 31 47.9449 -65.7562
5 32 48.2153 -65.4337
5 33 48.4819 -65.1115
5 34 48.7447 -64.7896
5 35 49.0035 -64.4684
5 36 49.2584 -64.1478
5 37 49.5092 -63.8281
5 38 49.756 -63.5094
5 39 49.9988 -63.1918
5 40 50.2374 -62.8755
5 41 50.4718 -62.5608
5 42 50.702 -62.2477
5 43 50.9279 -61.9365
5 44 51.1495 -61.6274
5 45 51.6636 -61.0277
5 46 51.9605 -60.588
5 47 52.254 -60.1453
5 48 52.5442 -59.6995
5 49 52.8311 -59.2506
5 50 53.1149 -58.7984
5 51 53.3954 -58.3428
5 52 53.6728 -57.8838
5 53 53.947 -57.4214
5 54 54.2181 -56.9554
5 55 54.4861 -56.4858
5 56 54.7509 -56.0126
5 57 55.0125 -55.5358
5 58 55.2711 -55.0553
5 59 55.5264 -54.5711
5 60 55.7787 -54.0832
5 61 56.0277 -53.5917
5 62 56.2736 -53.0964
5 63 56.5162 -52.5974
5 64 56.7557 -52.0948
5 65 56.9919 -51.5885
5 66 57.2249 -51.0786
5 67 57.4547 -50.5651
5 68 57.6811 -50.048
5 69 57.9042 -49.5275
5 70 58.1241 -49.0035
5 71 58.3405 -48.4761
5 72 58.5537 -47.9454
5 73 58.7634 -47.4114
5 74 58.9698 -46.8743
5 75 59.1728 -46.3341
5 76 59.3723 -45.7909
5 77 59.5684 -45.2447
5 78 59.7611 -44.6958
5 79 59.9503 -44.1443
5 80 60.136 -43.5901
5 81 60.3183 -43.0335
5 82 60.4971 -42.4746
5 83 60.6723 -41.9135
5 84 60.8441 -41.3503
5 85 61.0123 -40.7853
5 86 61.1771 -40.2185
5 87 61.3383 -39.6501
5 88 61.4961 -39.0802
5 89 61.6503 -38.5091
5 90 61.801 -37.9369
5 91 61.9483 -37.3638
5 92 62.092 -36.7899
5 93 62.2323 -36.2155
5 94 62.3691 -35.6407
5 95 62.5025 -35.0657
5 96 62.6325 -34.4908
5 97 62.759 -33.916
5 98 62.8822 -33.3416
5 99 63.002 -32.7679
5 100 63.1185 -32.195
5 101 63.2316 -31.6231
5 102 63.3415 -31.0524
5 103 63.4481 -30.4832
5 104 63.5515 -29.9157
5 105 63.6518 -29.35
5 106 63.7488 -28.7864
5 107 63.8428 -28.225
5 108 63.9337 -27.6662
5 109 64.0216 -27.1101
5 110 64.1065 -26.5569
6 1 38.7819 -74.6125
6 2 39.1776 -74.2623
6 3 39.5441 -73.9355
6 4 39.897 -73.6176
6 5 40.2418 -73.3037
6 6 40.581 -72.9913
6 7 40.916 -72.679
6 8 41.2478 -72.3661
6 9 41.5768 -72.0519
6 10 41.9035 -71.7361
6 11 42.2279 -71.4184
6 12 42.5503 -71.0987
6 13 42.8708 -70.7767
6 14 43.1895 -70.4524
6 15 42.9786 -70.7059
6 16 43.3082 -70.3672
6 17 43.632 -70.0302
6 18 43.9506 -69.6943
6 19 44.2644 -69.3591
6 20 44.5738 -69.0244
6 21 44.8789 -68.6898
6 22 45.1799 -68.3554
6 23 45.477 -68.0209
6 24 45.7702 -67.6864
6 25 46.0596 -67.3517
6 26 46.3452 -67.017
6 27 46.6271 -66.6821
6 28 46.9053 -66.3472
6 29 47.1797 -66.0123
6 30 47.4504 -65.6775
6 31 47.7173 -65.3429
6 32 47.9804 -65.0086
6 33 48.2396 -64.6747
6 34 48.495 -64.3413
6 35 48.7465 -64.0085
6 36 48.994 -63.6766
6 37 49.2376 -63.3456
6 38 49.4771 -63.0157
6 39 49.7125 -62.6871
6 40 49.9438 -62.36
6 41 50.171 -62.0345
6 42 50.3939 -61.7108
6 43 50.6126 -61.3891
6 44 50.8271 -61.0697
6 45 51.3114 -60.4188
6 46 51.5989 -59.9666
6 47 51.883 -59.5117
6 48 52.1636 -59.0537
6 49 52.441 -58.5927
6 50 52.715 -58.1286
6 51 52.9858 -57.6613
6 52 53.2534 -57.1907
6 53 53.5177 -56.7168
6 54 53.7788 -56.2396
6 55 54.0367 -55.759
6 56 54.2914 -55.275
6 57 54.5429 -54.7875
6 58 54.7912 -54.2966
6 59 55.0363 -53.8023
6 60 55.2781 -53.3045
6 61 55.5168 -52.8033
6 62 55.7522 -52.2987
6 63 55.9843 -51.7907
6 64 56.2132 -51.2793
6 65 56.4388 -50.7645
6 66 56.6611 -50.2465
6 67 56.8801 -49.7253
6 68 57.0957 -49.2008
6 69 57.3081 -48.6732
6 70 57.517 -48.1425
6 71 57.7226 -47.6089
6 72 57.9248 -47.0723
6 73 58.1236 -46.5329
6 74 58.319 -45.9907
6 75 58.511 -45.4459
6 76 58.6995 -44.8986
6 77 58.8846 -44.3488
6 78 59.0662 -43.7967
6 79 59.2444 -43.2424
6 80 59.4191 -42.686
6 81 59.5903 -42.1276
6 82 59.758 -41.5675
6 83 59.9222 -41.0056
6 84 60.083 -40.4423
6 85 60.2402 -39.8775
6 86 60.394 -39.3116
6 87 60.5443 -38.7445
6 88 60.6911 -38.1766
6 89 60.8344 -37.608
6 90 60.9743 -37.0388
6 91 61.1107 -36.4692
6 92 61.2437 -35.8994
6 93 61.3732 -35.3296
6 94 61.4994 -34.76
6 95 61.6222 -34.1907
6 96 61.7416 -33.622
6 97 61.8577 -33.054
6 98 61.9704 -32.487
6 99 62.0799 -31.9211
6 100 62.1861 -31.3565
6 101 62.2891 -30.7934
6 102 62.3889 -30.2321
6 103 62.4855 -29.6727
6 104 62.579 -29.1154
6 105 62.6694 -28.5605
6 106 62.7568 -28.008
6 107 62.8411 -27.4583
6 108 62.9225 -26.9115
6 109 63.001 -26.3679
6 110 63.0766 -25.8275
7 1 38.7567 -74.5649
7 2 39.1456 -74.2028
7 3 39.5054 -73.8641
7 4 39.8516 -73.5341
7 5 40.1896 -73.2081
7 6 40.5219 -72.8836
7 7 40.8501 -72.5592
7 8 41.1749 -72.234
7 9 41.497 -71.9076
7 10 41.8165 -71.5795
7 11 42.1339 -71.2496
7 12 42.4491 -70.9175
7 13 42.7624 -70.5832
7 14 43.0737 -70.2465
7 15 42.8605 -70.4943
7 16 43.1829 -70.1436
7 17 43.4994 -69.7945
7 18 43.8108 -69.4466
7 19 44.1173 -69.0994
7 20 44.4193 -68.7527
7 21 44.7171 -68.4063
7 22 45.0107 -68.0599
7 23 45.3003 -67.7136
7 24 45.5861 -67.3673
7 25 45.868 -67.0209
7 26 46.1461 -66.6744
7 27 46.4205 -66.328
7 28 46.6912 -65.9815
7 29 46.958 -65.6352
7 30 47.2211 -65.289
7 31 47.4805 -64.9431
7 32 47.736 -64.5976
7 33 47.9876 -64.2526
7 34 48.2354 -63.9082
7 35 48.4793 -63.5646
7 36 48.7193 -63.222
7 37 48.9553 -62.8804
7 38 49.1872 -62.54
7 39 49.4151 -62.2011
7 40 49.6389 -61.8638
7 41 49.8586 -61.5282
7 42 50.0741 -61.1947
7 43 50.2854 -60.8633
7 44 50.4924 -60.5343
7 45 50.9454 -59.8361
7 46 51.2233 -59.3725
7 47 51.4977 -58.9063
7 48 51.7686 -58.4372
7 49 52.0362 -57.9652
7 50 52.3004 -57.4903
7 51 52.5612 -57.0124
7 52 52.8187 -56.5314
7 53 53.073 -56.0473
7 54 53.324 -55.56
7 55 53.5717 -55.0696
7 56 53.8161 -54.576
7 57 54.0573 -54.0792
7 58 54.2952 -53.5793
7 59 54.5298 -53.0761
7 60 54.7612 -52.5698
7 61 54.9893 -52.0603
7 62 55.2141 -51.5478
7 63 55.4356 -51.0321
7 64 55.6538 -50.5134
7 65 55.8687 -49.9917
7 66 56.0802 -49.467
7 67 56.2884 -48.9395
7 68 56.4932 -48.4091
7 69 56.6947 -47.8759
7 70 56.8928 -47.3401
7 71 57.0875 -46.8017
7 72 57.2787 -46.2608
7 73 57.4666 -45.7175
7 74 57.651 -45.1718
7 75 57.832 -44.624
7 76 58.0095 -44.074
7 77 58.1836 -43.5221
7 78 58.3543 -42.9683
7 79 58.5215 -42.4128
7 80 58.6852 -41.8556
7 81 58.8454 -41.297
7 82 59.0022 -40.7371
7 83 59.1555 -40.176
7 84 59.3053 -39.6138
7 85 59.4517 -39.0508
7 86 59.5946 -38.4871
7 87 59.7341 -37.9228
7 88 59.8701 -37.3581
7 89 60.0027 -36.7932
7 90 60.1319 -36.2283
7 91 60.2577 -35.6635
7 92 60.3802 -35.0989
7 93 60.4992 -34.5349
7 94 60.615 -33.9715
7 95 60.7274 -33.409
7 96 60.8365 -32.8475
7 97 60.9423 -32.2872
7 98 61.0449 -31.7283
7 99 61.1443 -31.171
7 100 61.2406 -30.6155
7 101 61.3337 -30.062
7 102 61.4236 -29.5107
7 103 61.5105 -28.9616
7 104 61.5944 -28.4152
7 105 61.6753 -27.8714
7 106 61.7532 -27.3306
7 107 61.8283 -26.7928
7 108 61.9004 -26.2583
7 109 61.9698 -25.7273
7 110 62.0364 -25.2
8 1 38.73 -74.5186
8 2 39.1099 -74.147
8 3 39.4649 -73.7943
8 4 39.8042 -73.4526
8 5 40.1351 -73.1148
8 6 40.4604 -72.7784
8 7 40.7814 -72.4421
8 8 41.0991 -72.1051
8 9 41.4138 -71.7668
8 10 41.7261 -71.4268
8 11 42.036 -71.0849
8 12 42.3438 -70.7409
8 13 42.6496 -70.3946
8 14 42.9534 -70.0459
8 15 42.7373 -70.2885
8 16 43.0523 -69.9262
8 17 43.3614 -69.5655
8 18 43.6652 -69.206
8 19 43.9642 -68.8473
8 20 44.2587 -68.489
8 21 44.5488 -68.1311
8 22 44.8347 -67.7734
8 23 45.1167 -67.4157
8 24 45.3948 -67.058
8 25 45.669 -66.7004
8 26 45.9394 -66.3428
8 27 46.206 -65.9853
8 28 46.4688 -65.6278
8 29 46.7279 -65.2706
8 30 46.9832 -64.9137
8 31 47.2347 -64.5571
8 32 47.4824 -64.201
8 33 47.7263 -63.8455
8 34 47.9663 -63.4908
8 35 48.2024 -63.137
8 36 48.4345 -62.7843
8 37 48.6627 -62.4328
8 38 48.8869 -62.0826
8 39 49.1071 -61.7341
8 40 49.3232 -61.3872
8 41 49.5351 -61.0424
8 42 49.743 -60.6996
8 43 49.9467 -60.3592
8 44 50.1461 -60.0214
8 45 50.5663 -59.2798
8 46 50.8344 -58.8058
8 47 51.0989 -58.3293
8 48 51.3599 -57.8501
8 49 51.6175 -57.3682
8 50 51.8716 -56.8836
8 51 52.1223 -56.3961
8 52 52.3697 -55.9058
8 53 52.6137 -55.4126
8 54 52.8544 -54.9165
8 55 53.0918 -54.4175
8 56 53.3258 -53.9155
8 57 53.5565 -53.4106
8 58 53.784 -52.9028
8 59 54.0081 -52.3921
8 60 54.2288 -51.8785
8 61 54.4463 -51.3621
8 62 54.6604 -50.8429
8 63 54.8712 -50.3209
8 64 55.0787 -49.7962
8 65 55.2828 -49.2689
8 66 55.4835 -48.7389
8 67 55.6808 -48.2064
8 68 55.8748 -47.6715
8 69 56.0654 -47.1342
8 70 56.2526 -46.5946
8 71 56.4363 -46.0529
8 72 56.6167 -45.509
8 73 56.7936 -44.9631
8 74 56.9671 -44.4153
8 75 57.1372 -43.8658
8 76 57.3038 -43.3146
8 77 57.467 -42.7619
8 78 57.6267 -42.2077
8 79 57.783 -41.6523
8 80 57.9358 -41.0957
8 81 58.0852 -40.5382
8 82 58.2311 -39.9797
8 83 58.3736 -39.4206
8 84 58.5127 -38.8609
8 85 58.6484 -38.3008
8 86 58.7806 -37.7404
8 87 58.9094 -37.18
8 88 59.0349 -36.6196
8 89 59.157 -36.0595
8 90 59.2757 -35.4999
8 91 59.3911 -34.9408
8 92 59.5032 -34.3824
8 93 59.612 -33.825
8 94 59.7175 -33.2687
8 95 59.8197 -32.7137
8 96 59.9188 -32.1602
8 97 60.0147 -31.6083
8 98 60.1074 -31.0583
8 99 60.197 -30.5102
8 100 60.2835 -29.9643
8 101 60.3669 -29.4208
8 102 60.4474 -28.8799
8 103 60.5248 -28.3416
8 104 60.5994 -27.8062
8 105 60.671 -27.2739
8 106 60.7398 -26.7449
8 107 60.8058 -26.2192
8 108 60.869 -25.6972
8 109 60.9296 -25.1788
8 110 60.9874 -24.6644
9 1 38.7021 -74.4736
9 2 39.0749 -74.0904
9 3 39.4228 -73.7263
9 4 39.7548 -73.3731
9 5 40.0785 -73.0238
9 6 40.3964 -72.6759
9 7 40.7101 -72.328
9 8 41.0203 -71.9795
9 9 41.3275 -71.6296
9 10 41.6322 -71.278
9 11 41.9345 -70.9246
9 12 42.2346 -70.569
9 13 42.5326 -70.2111
9 14 42.8286 -69.8509
9 15 42.6092 -70.0888
9 16 42.9166 -69.7152
9 17 43.218 -69.3433
9 18 43.5141 -68.9727
9 19 43.8053 -68.6028
9 20 44.0919 -68.2335
9 21 44.3742 -67.8646
9 22 44.6523 -67.4959
9 23 44.9263 -67.1274
9 24 45.1965 -66.7589
9 25 45.4627 -66.3906
9 26 45.7251 -66.0224
9 27 45.9837 -65.6543
9 28 46.2386 -65.2865
9 29 46.4896 -64.9189
9 30 46.7369 -64.5518
9 31 46.9804 -64.1851
9 32 47.2201 -63.8191
9 33 47.4559 -63.4538
9 34 47.6879 -63.0894
9 35 47.9159 -62.726
9 36 48.1401 -62.3638
9 37 48.3603 -62.003
9 38 48.5766 -61.6438
9 39 48.7888 -61.2862
9 40 48.997 -60.9306
9 41 49.2011 -60.5771
9 42 49.4011 -60.2259
9 43 49.5969 -59.8772
9 44 49.7887 -59.5312
9 45 50.1745 -58.75
9 46 50.4326 -58.2666
9 47 50.6871 -57.7808
9 48 50.9381 -57.2925
9 49 51.1855 -56.8017
9 50 51.4294 -56.3084
9 51 51.6699 -55.8124
9 52 51.907 -55.3139
9 53 52.1407 -54.8127
9 54 52.371 -54.3088
9 55 52.5979 -53.8023
9 56 52.8214 -53.2931
9 57 53.0416 -52.7812
9 58 53.2584 -52.2668
9 59 53.4719 -51.7497
9 60 53.682 -51.23
9 61 53.8888 -50.7079
9 62 54.0922 -50.1832
9 63 54.2922 -49.6561
9 64 54.4889 -49.1267
9 65 54.6821 -48.5949
9 66 54.872 -48.061
9 67 55.0585 -47.5248
9 68 55.2417 -46.9866
9 69 55.4214 -46.4464
9 70 55.5977 -45.9043
9 71 55.7705 -45.3604
9 72 55.94 -44.8148
9 73 56.106 -44.2676
9 74 56.2687 -43.7189
9 75 56.4278 -43.1689
9 76 56.5836 -42.6177
9 77 56.7359 -42.0653
9 78 56.8849 -41.512
9 79 57.0303 -40.9578
9 80 57.1724 -40.4029
9 81 57.3111 -39.8475
9 82 57.4463 -39.2916
9 83 57.5782 -38.7355
9 84 57.7066 -38.1793
9 85 57.8317 -37.6231
9 86 57.9534 -37.0671
9 87 58.0718 -36.5114
9 88 58.1869 -35.9563
9 89 58.2986 -35.4018
9 90 58.4071 -34.8482
9 91 58.5122 -34.2956
9 92 58.6142 -33.7442
9 93 58.7129 -33.1942
9 94 58.8084 -32.6456
9 95 58.9008 -32.0987
9 96 58.99 -31.5537
9 97 59.0762 -31.0108
9 98 59.1592 -30.47
9 99 59.2393 -29.9316
9 100 59.3163 -29.3957
9 101 59.3904 -28.8625
9 102 59.4615 -28.3322
9 103 59.5298 -27.8049
9 104 59.5953 -27.2808
9 105 59.658 -26.7601
9 106 59.7179 -26.2429
9 107 59.7751 -25.7293
9 108 59.8297 -25.2196
9 109 59.8817 -24.7139
9 110 59.9311 -24.2123
10 1 38.6729 -74.4299
10 2 39.0385 -74.0354
10 3 39.3789 -73.6601
10 4 39.7036 -73.2957
10 5 40.0197 -72.9352
10 6 40.3301 -72.576
10 7 40.6361 -72.217
10 8 40.9386 -71.8572
10 9 41.2381 -71.4961
10 10 41.535 -71.1334
10 11 41.8294 -70.7687
10 12 42.1216 -70.402
10 13 42.4116 -70.033
10 14 42.6995 -69.6616
10 15 42.4764 -69.8952
10 16 42.7758 -69.5108
10 17 43.0693 -69.1281
10 18 43.3575 -68.7467
10 19 43.6407 -68.3662
10 20 43.9193 -67.9863
10 21 44.1935 -67.6069
10 22 44.4635 -67.2278
10 23 44.7294 -66.8488
10 24 44.9914 -66.4701
10 25 45.2494 -66.0916
10 26 45.5036 -65.7133
10 27 45.7541 -65.3353
10 28 46.0007 -64.9576
10 29 46.2435 -64.5803
10 30 46.4825 -64.2035
10 31 46.7178 -63.8274
10 32 46.9492 -63.452
10 33 47.1768 -63.0775
10 34 47.4006 -62.704
10 35 47.6205 -62.3317
10 36 47.8364 -61.9608
10 37 48.0485 -61.5914
10 38 48.2566 -61.2237
10 39 48.4607 -60.8578
10 40 48.6608 -60.4941
10 41 48.8568 -60.1326
10 42 49.0488 -59.7736
10 43 49.2367 -59.4173
10 44 49.4205 -59.0639
10 45 49.7707 -58.2469
10 46 50.0187 -57.7549
10 47 50.2631 -57.2607
10 48 50.5038 -56.7643
10 49 50.741 -56.2656
10 50 50.9746 -55.7646
10 51 51.2048 -55.2612
10 52 51.4314 -54.7554
10 53 51.6546 -54.2472
10 54 51.8744 -53.7366
10 55 52.0908 -53.2237
10 56 52.3037 -52.7083
10 57 52.5133 -52.1906
10 58 52.7195 -51.6705
10 59 52.9223 -51.1482
10 60 53.1217 -50.6236
10 61 53.3177 -50.0968
10 62 53.5103 -49.5679
10 63 53.6996 -49.0368
10 64 53.8854 -48.5037
10 65 54.0679 -47.9687
10 66 54.2469 -47.4318
10 67 54.4226 -46.8931
10 68 54.5949 -46.3527
10 69 54.7637 -45.8107
10 70 54.9292 -45.2672
10 71 55.0912 -44.7223
10 72 55.2498 -44.1761
10 73 55.405 -43.6287
10 74 55.5569 -43.0802
10 75 55.7053 -42.5308
10 76 55.8503 -41.9806
10 77 55.9919 -41.4296
10 78 56.1301 -40.8781
10 79 56.2649 -40.3262
10 80 56.3963 -39.774
10 81 56.5244 -39.2216
10 82 56.6491 -38.6692
10 83 56.7704 -38.117
10 84 56.8884 -37.5651
10 85 57.0031 -37.0136
10 86 57.1145 -36.4628
10 87 57.2226 -35.9127
10 88 57.3274 -35.3635
10 89 57.429 -34.8154
10 90 57.5274 -34.2685
10 91 57.6226 -33.723
10 92 57.7146 -33.1791
10 93 57.8035 -32.6369
10 94 57.8892 -32.0966
10 95 57.9719 -31.5583
10 96 58.0515 -31.0222
10 97 58.1282 -30.4885
10 98 58.2018 -29.9573
10 99 58.2725 -29.4288
10 100 58.3403 -28.9031
10 101 58.4053 -28.3804
10 102 58.4674 -27.8609
10 103 58.5268 -27.3447
10 104 58.5834 -26.8319
10 105 58.6374 -26.3227
10 106 58.6887 -25.8173
10 107 58.7374 -25.3158
10 108 58.7836 -24.8183
10 109 58.8272 -24.325
10 110 58.8685 -23.836
11 1 38.6424 -74.3876
11 2 39.0006 -73.982
11 3 39.3335 -73.5958
11 4 39.6505 -73.2204
11 5 39.9589 -72.849
11 6 40.2615 -72.479
11 7 40.5596 -72.1091
11 8 40.8542 -71.7384
11 9 41.1457 -71.3665
11 10 41.4345 -70.9929
11 11 41.7208 -70.6175
11 12 42.0048 -70.24
11 13 42.2866 -69.8602
11 14 42.5662 -69.4782
11 15 42.3389 -69.708
11 16 42.6302 -69.3132
11 17 42.9156 -68.9201
11 18 43.1956 -68.5285
11 19 43.4706 -68.1377
11 20 43.7409 -67.7477
11 21 44.0068 -67.3582
11 22 44.2685 -66.9691
11 23 44.5261 -66.5804
11 24 44.7797 -66.1919
11 25 45.0294 -65.8037
11 26 45.2752 -65.4159
11 27 45.5172 -65.0285
11 28 45.7554 -64.6415
11 29 45.9898 -64.255
11 30 46.2204 -63.8692
11 31 46.4472 -63.4842
11 32 46.6703 -63.1
11 33 46.8894 -62.7169
11 34 47.1048 -62.335
11 35 47.3163 -61.9544
11 36 47.5239 -61.5753
11 37 47.7276 -61.1979
11 38 47.9274 -60.8224
11 39 48.1232 -60.449
11 40 48.3151 -60.0777
11 41 48.5029 -59.709
11 42 48.6868 -59.3429
11 43 48.8665 -58.9796
11 44 49.0423 -58.6194
11 45 49.3554 -57.7704
11 46 49.5933 -57.2708
11 47 49.8274 -56.7691
11 48 50.0578 -56.2655
11 49 50.2846 -55.7598
11 50 50.5078 -55.252
11 51 50.7275 -54.7421
11 52 50.9437 -54.23
11 53 51.1563 -53.7158
11 54 51.3655 -53.1995
11 55 51.5713 -52.6811
11 56 51.7736 -52.1606
11 57 51.9725 -51.6381
11 58 52.168 -51.1135
11 59 52.36 -50.5869
11 60 52.5487 -50.0584
11 61 52.7339 -49.528
11 62 52.9158 -48.9958
11 63 53.0942 -48.4618
11 64 53.2693 -47.9262
11 65 53.4409 -47.3889
11 66 53.6092 -46.8501
11 67 53.774 -46.3099
11 68 53.9355 -45.7684
11 69 54.0935 -45.2256
11 70 54.2482 -44.6817
11 71 54.3994 -44.1368
11 72 54.5473 -43.5909
11 73 54.6918 -43.0443
11 74 54.8329 -42.4969
11 75 54.9706 -41.949
11 76 55.1049 -41.4007
11 77 55.2359 -40.8521
11 78 55.3635 -40.3033
11 79 55.4878 -39.7544
11 80 55.6087 -39.2057
11 81 55.7263 -38.6572
11 82 55.8406 -38.1091
11 83 55.9516 -37.5615
11 84 56.0593 -37.0147
11 85 56.1638 -36.4686
11 86 56.265 -35.9235
11 87 56.363 -35.3796
11 88 56.4578 -34.8369
11 89 56.5494 -34.2957
11 90 56.6379 -33.756
11 91 56.7233 -33.2181
11 92 56.8056 -32.6821
11 93 56.8848 -32.1482
11 94 56.9611 -31.6164
11 95 57.0343 -31.087
11 96 57.1045 -30.5601
11 97 57.1719 -30.0359
11 98 57.2364 -29.5145
11 99 57.298 -28.996
11 100 57.3568 -28.4807
11 101 57.4129 -27.9686
11 102 57.4662 -27.4599
11 103 57.5169 -26.9547
11 104 57.5649 -26.4532
11 105 57.6104 -25.9555
11 106 57.6533 -25.4617
11 107 57.6937 -24.9721
11 108 57.7317 -24.4866
11 109 57.7673 -24.0055
11 110 57.8006 -23.5288
12 1 38.6106 -74.3466
12 2 38.9614 -73.9302
12 3 39.2864 -73.5334
12 4 39.5955 -73.1474
12 5 39.8961 -72.7653
12 6 40.1906 -72.3848
12 7 40.4807 -72.0043
12 8 40.767 -71.6232
12 9 41.0503 -71.2408
12 10 41.3308 -70.8568
12 11 41.6088 -70.471
12 12 41.8844 -70.0831
12 13 42.1577 -69.6931
12 14 42.4288 -69.3007
12 15 42.1968 -69.5273
12 16 42.4799 -69.1224
12 17 42.757 -68.7195
12 18 43.0286 -68.318
12 19 43.2952 -67.9175
12 20 43.5571 -67.5178
12 21 43.8145 -67.1187
12 22 44.0677 -66.7202
12 23 44.3167 -66.3221
12 24 44.5617 -65.9244
12 25 44.8028 -65.5271
12 26 45.0401 -65.1303
12 27 45.2735 -64.734
12 28 45.5031 -64.3383
12 29 45.7288 -63.9432
12 30 45.9508 -63.549
12 31 46.1691 -63.1556
12 32 46.3835 -62.7633
12 33 46.5941 -62.3722
12 34 46.8008 -61.9825
12 35 47.0038 -61.5942
12 36 47.2029 -61.2076
12 37 47.3981 -60.8229
12 38 47.5894 -60.4402
12 39 47.7768 -60.0597
12 40 47.9603 -59.6817
12 41 48.1398 -59.3063
12 42 48.3153 -58.9337
12 43 48.4868 -58.5642
12 44 48.6544 -58.1979
12 45 48.9293 -57.3205
12 46 49.1569 -56.814
12 47 49.3806 -56.3058
12 48 49.6006 -55.7958
12 49 49.817 -55.284
12 50 50.0297 -54.7703
12 51 50.2389 -54.2548
12 52 50.4445 -53.7374
12 53 50.6465 -53.2182
12 54 50.8451 -52.6971
12 55 51.0402 -52.1742
12 56 51.2318 -51.6495
12 57 51.42 -51.123
12 58 51.6048 -50.5948
12 59 51.7861 -50.065
12 60 51.964 -49.5335
12 61 52.1384 -49.0005
12 62 52.3095 -48.4659
12 63 52.4772 -47.93
12 64 52.6414 -47.3927
12 65 52.8023 -46.8542
12 66 52.9597 -46.3144
12 67 53.1138 -45.7737
12 68 53.2645 -45.2319
12 69 53.4118 -44.6893
12 70 53.5557 -44.1458
12 71 53.6963 -43.6018
12 72 53.8335 -43.0571
12 73 53.9673 -42.5121
12 74 54.0978 -41.9667
12 75 54.2249 -41.4211
12 76 54.3487 -40.8755
12 77 54.4691 -40.33
12 78 54.5863 -39.7846
12 79 54.7001 -39.2396
12 80 54.8107 -38.6951
12 81 54.918 -38.1511
12 82 55.022 -37.6079
12 83 55.1229 -37.0656
12 84 55.2205 -36.5244
12 85 55.3149 -35.9843
12 86 55.4061 -35.4455
12 87 55.4942 -34.9082
12 88 55.5791 -34.3725
12 89 55.661 -33.8386
12 90 55.7398 -33.3066
12 91 55.8156 -32.7766
12 92 55.8884 -32.2488
12 93 55.9582 -31.7234
12 94 56.0251 -31.2005
12 95 56.089 -30.6802
12 96 56.1501 -30.1627
12 97 56.2084 -29.6481
12 98 56.2639 -29.1365
12 99 56.3167 -28.6282
12 100 56.3667 -28.1231
12 101 56.4141 -27.6216
12 102 56.4588 -27.1236
12 103 56.501 -26.6294
12 104 56.5407 -26.139
12 105 56.5779 -25.6527
12 106 56.6126 -25.1704
12 107 56.645 -24.6924
12 108 56.675 -24.2187
12 109 56.7028 -23.7494
12 110 56.7283 -23.2848
13 1 38.5776 -74.3072
13 2 38.9207 -73.8801
13 3 39.2378 -73.4729
13 4 39.5389 -73.0766
13 5 39.8312 -72.6843
13 6 40.1175 -72.2935
13 7 40.3993 -71.9029
13 8 40.6773 -71.5117
13 9 40.9521 -71.1192
13 10 41.2241 -70.7252
13 11 41.4935 -70.3293
13 12 41.7605 -69.9315
13 13 42.0251 -69.5316
13 14 42.2875 -69.1294
13 15 42.0504 -69.3532
13 16 42.325 -68.9387
13 17 42.5936 -68.5263
13 18 42.8566 -68.1154
13 19 43.1146 -67.7056
13 20 43.3679 -67.2968
13 21 43.6166 -66.8886
13 22 43.8611 -66.4811
13 23 44.1014 -66.0742
13 24 44.3377 -65.6678
13 25 44.57 -65.2619
13 26 44.7985 -64.8567
13 27 45.0231 -64.452
13 28 45.2439 -64.0481
13 29 45.4609 -63.6451
13 30 45.6741 -63.2429
13 31 45.8836 -62.8419
13 32 46.0892 -62.442
13 33 46.2911 -62.0435
13 34 46.4891 -61.6465
13 35 46.6834 -61.2512
13 36 46.8738 -60.8577
13 37 47.0603 -60.4663
13 38 47.243 -60.0771
13 39 47.4219 -59.6902
13 40 47.5968 -59.306
13 41 47.7678 -58.9246
13 42 47.935 -58.5462
13 43 48.0981 -58.171
13 44 48.2574 -57.7993
13 45 48.493 -56.897
13 46 48.7101 -56.3845
13 47 48.9234 -55.8705
13 48 49.133 -55.355
13 49 49.3388 -54.8379
13 50 49.541 -54.3193
13 51 49.7395 -53.799
13 52 49.9345 -53.2772
13 53 50.1259 -52.7537
13 54 50.3138 -52.2288
13 55 50.4982 -51.7022
13 56 50.6791 -51.1742
13 57 50.8566 -50.6447
13 58 51.0306 -50.1138
13 59 51.2012 -49.5816
13 60 51.3683 -49.048
13 61 51.532 -48.5132
13 62 51.6923 -47.9772
13 63 51.8492 -47.4402
13 64 52.0027 -46.9021
13 65 52.1528 -46.3631
13 66 52.2996 -45.8233
13 67 52.4429 -45.2828
13 68 52.5829 -44.7416
13 69 52.7196 -44.1999
13 70 52.8528 -43.6578
13 71 52.9828 -43.1154
13 72 53.1094 -42.5727
13 73 53.2326 -42.03
13 74 53.3526 -41.4873
13 75 53.4692 -40.9448
13 76 53.5826 -40.4026
13 77 53.6927 -39.8608
13 78 53.7995 -39.3195
13 79 53.9031 -38.7789
13 80 54.0034 -38.2392
13 81 54.1005 -37.7003
13 82 54.1945 -37.1626
13 83 54.2853 -36.6261
13 84 54.3729 -36.0909
13 85 54.4574 -35.5572
13 86 54.5388 -35.0252
13 87 54.6172 -34.4949
13 88 54.6925 -33.9665
13 89 54.7648 -33.4402
13 90 54.8341 -32.9161
13 91 54.9005 -32.3944
13 92 54.9639 -31.8751
13 93 55.0245 -31.3584
13 94 55.0822 -30.8444
13 95 55.1371 -30.3333
13 96 55.1893 -29.8252
13 97 55.2387 -29.3203
13 98 55.2854 -28.8187
13 99 55.3295 -28.3204
13 100 55.371 -27.8257
13 101 55.4099 -27.3346
13 102 55.4463 -26.8473
13 103 55.4802 -26.3639
13 104 55.5117 -25.8845
13 105 55.5408 -25.4093
13 106 55.5676 -24.9382
13 107 55.5921 -24.4716
13 108 55.6144 -24.0094
13 109 55.6344 -23.5517
13 110 55.6524 -23.0987
14 1 38.5434 -74.2692
14 2 38.8787 -73.8317
14 3 39.1877 -73.4144
14 4 39.4805 -73.0081
14 5 39.7645 -72.6059
14 6 40.0423 -72.2053
14 7 40.3156 -71.8049
14 8 40.585 -71.4039
14 9 40.8511 -71.0017
14 10 41.1144 -70.598
14 11 41.3751 -70.1926
14 12 41.6332 -69.7853
14 13 41.8889 -69.3759
14 14 42.1424 -68.9644
14 15 41.8996 -69.1858
14 16 42.1657 -68.7622
14 17 42.4256 -68.3408
14 18 42.6799 -67.9209
14 19 42.9291 -67.5023
14 20 43.1735 -67.0848
14 21 43.4134 -66.6681
14 22 43.649 -66.2521
14 23 43.8804 -65.8368
14 24 44.1078 -65.4222
14 25 44.3312 -65.0083
14 26 44.5507 -64.5951
14 27 44.7664 -64.1827
14 28 44.9782 -63.7712
14 29 45.1863 -63.3607
14 30 45.3906 -62.9513
14 31 45.5911 -62.5431
14 32 45.7878 -62.1362
14 33 45.9808 -61.7309
14 34 46.17 -61.3273
14 35 46.3554 -60.9255
14 36 46.537 -60.5257
14 37 46.7148 -60.1282
14 38 46.8887 -59.733
14 39 47.0589 -59.3405
14 40 47.2252 -58.9507
14 41 47.3876 -58.5639
14 42 47.5462 -58.1803
14 43 47.7009 -57.8001
14 44 47.8517 -57.4236
14 45 48.0469 -56.4999
14 46 48.2535 -55.9821
14 47 48.4563 -55.4631
14 48 48.6553 -54.9429
14 49 48.8506 -54.4213
14 50 49.0422 -53.8985
14 51 49.2301 -53.3743
14 52 49.4144 -52.8488
14 53 49.5952 -52.322
14 54 49.7724 -51.7939
14 55 49.9461 -51.2646
14 56 50.1163 -50.7341
14 57 50.283 -50.2024
14 58 50.4463 -49.6696
14 59 50.6061 -49.1357
14 60 50.7625 -48.6009
14 61 50.9155 -48.0651
14 62 51.0651 -47.5285
14 63 51.2112 -46.9912
14 64 51.354 -46.4531
14 65 51.4935 -45.9145
14 66 51.6295 -45.3753
14 67 51.7622 -44.8358
14 68 51.8916 -44.2959
14 69 52.0176 -43.7559
14 70 52.1404 -43.2158
14 71 52.2598 -42.6757
14 72 52.3759 -42.1357
14 73 52.4887 -41.596
14 74 52.5982 -41.0566
14 75 52.7045 -40.5178
14 76 52.8076 -39.9795
14 77 52.9074 -39.442
14 78 53.0041 -38.9054
14 79 53.0975 -38.3698
14 80 53.1878 -37.8353
14 81 53.2749 -37.302
14 82 53.3589 -36.7701
14 83 53.4398 -36.2398
14 84 53.5177 -35.7111
14 85 53.5925 -35.1842
14 86 53.6642 -34.6592
14 87 53.733 -34.1363
14 88 53.7988 -33.6155
14 89 53.8617 -33.0971
14 90 53.9217 -32.5811
14 91 53.9789 -32.0677
14 92 54.0332 -31.557
14 93 54.0847 -31.0491
14 94 54.1335 -30.5442
14 95 54.1796 -30.0424
14 96 54.2229 -29.5438
14 97 54.2637 -29.0485
14 98 54.3018 -28.5567
14 99 54.3374 -28.0685
14 100 54.3705 -27.584
14 101 54.4012 -27.1032
14 102 54.4294 -26.6265
14 103 54.4552 -26.1537
14 104 54.4787 -25.6851
14 105 54.5 -25.2207
14 106 54.5189 -24.7607
14 107 54.5358 -24.3051
14 108 54.5504 -23.8541
14 109 54.563 -23.4077
14 110 54.5736 -22.966
15 1 38.5079 -74.2327
15 2 38.8354 -73.7851
15 3 39.1361 -73.358
15 4 39.4204 -72.942
15 5 39.6959 -72.5302
15 6 39.9651 -72.1201
15 7 40.2296 -71.7103
15 8 40.4902 -71.2999
15 9 40.7475 -70.8884
15 10 41.0019 -70.4755
15 11 41.2535 -70.0609
15 12 41.5026 -69.6445
15 13 41.7493 -69.2261
15 14 41.9936 -68.8056
15 15 41.7448 -69.0254
15 16 42.002 -68.5931
15 17 42.2531 -68.163
15 18 42.4985 -67.7347
15 19 42.7388 -67.3077
15 20 42.9742 -66.8819
15 21 43.2051 -66.4571
15 22 43.4316 -66.0332
15 23 43.654 -65.6101
15 24 43.8723 -65.1879
15 25 44.0866 -64.7664
15 26 44.297 -64.3458
15 27 44.5036 -63.9262
15 28 44.7063 -63.5077
15 29 44.9053 -63.0902
15 30 45.1005 -62.674
15 31 45.2919 -62.2593
15 32 45.4796 -61.846
15 33 45.6636 -61.4345
15 34 45.8438 -61.0248
15 35 46.0202 -60.6171
15 36 46.1929 -60.2117
15 37 46.3618 -59.8086
15 38 46.5269 -59.4081
15 39 46.6882 -59.0104
15 40 46.8458 -58.6157
15 41 46.9995 -58.2241
15 42 47.1495 -57.8359
15 43 47.2956 -57.4513
15 44 47.4379 -57.0705
15 45 47.5916 -56.1288
15 46 47.7877 -55.6065
15 47 47.98 -55.0833
15 48 48.1684 -54.5591
15 49 48.3531 -54.0339
15 50 48.534 -53.5075
15 51 48.7113 -52.9802
15 52 48.8849 -52.4518
15 53 49.055 -51.9224
15 54 49.2215 -51.392
15 55 49.3845 -50.8606
15 56 49.544 -50.3284
15 57 49.7 -49.7952
15 58 49.8526 -49.2613
15 59 50.0017 -48.7266
15 60 50.1474 -48.1912
15 61 50.2896 -47.6552
15 62 50.4285 -47.1187
15 63 50.5641 -46.5818
15 64 50.6962 -46.0444
15 65 50.825 -45.5068
15 66 50.9505 -44.969
15 67 51.0726 -44.4311
15 68 51.1914 -43.8933
15 69 51.307 -43.3555
15 70 51.4192 -42.818
15 71 51.5282 -42.2809
15 72 51.6339 -41.7441
15 73 51.7364 -41.208
15 74 51.8357 -40.6725
15 75 51.9317 -40.1378
15 76 52.0246 -39.6041
15 77 52.1143 -39.0714
15 78 52.2009 -38.5398
15 79 52.2843 -38.0096
15 80 52.3647 -37.4807
15 81 52.442 -36.9534
15 82 52.5162 -36.4278
15 83 52.5874 -35.904
15 84 52.6556 -35.3821
15 85 52.7208 -34.8622
15 86 52.7831 -34.3445
15 87 52.8425 -33.8291
15 88 52.899 -33.3162
15 89 52.9527 -32.8057
15 90 53.0036 -32.298
15 91 53.0517 -31.7931
15 92 53.097 -31.291
15 93 53.1397 -30.7921
15 94 53.1797 -30.2962
15 95 53.2171 -29.8037
15 96 53.2519 -29.3145
15 97 53.2841 -28.8289
15 98 53.3139 -28.3469
15 99 53.3412 -27.8686
15 100 53.3661 -27.3941
15 101 53.3886 -26.9236
15 102 53.4088 -26.4571
15 103 53.4268 -25.9948
15 104 53.4425 -25.5367
15 105 53.456 -25.083
15 106 53.4674 -24.6337
15 107 53.4767 -24.1889
15 108 53.4839 -23.7487
15 109 53.4892 -23.3133
15 110 53.4925 -22.8826
