16 75 2999 31556736
0 0.000000 180 45
0 1 63.6177 -23.424
0 2 63.7011 -24.5597
0 3 63.7498 -25.5872
0 4 63.7809 -26.5703
0 5 63.8002 -27.5295
0 6 63.81 -28.4737
0 7 63.8117 -29.4075
0 8 63.8061 -30.3332
0 9 63.7937 -31.2522
0 10 63.7748 -32.1654
0 11 63.7497 -33.073
0 12 63.7186 -33.9754
0 13 63.6817 -34.8724
0 14 63.639 -35.7641
0 15 63.4555 -35.0474
0 16 63.423 -35.9742
0 17 63.383 -36.8833
0 18 63.336 -37.7761
0 19 63.2826 -38.6539
0 20 63.2231 -39.5172
0 21 63.158 -40.3667
0 22 63.0875 -41.2028
0 23 63.0121 -42.0256
0 24 62.9318 -42.8354
0 25 62.8471 -43.6322
0 26 62.7581 -44.4162
0 27 62.665 -45.1872
0 28 62.5682 -45.9452
0 29 62.4677 -46.6903
0 30 62.3639 -47.4223
0 31 62.2569 -48.1411
0 32 62.1469 -48.8468
0 33 62.0344 -49.5346
0 34 61.9191 -50.2134
0 35 61.8014 -50.8788
0 36 61.6815 -51.5307
0 37 61.5597 -52.1691
0 38 61.436 -52.7939
0 39 61.3106 -53.4051
0 40 61.1839 -54.0027
0 41 61.0558 -54.5865
0 42 60.9267 -55.1567
0 43 60.7966 -55.7132
0 44 60.6658 -56.256
0 45 60.0664 -56.9949
0 46 59.8985 -57.7297
0 47 59.7268 -58.4516
0 48 59.5516 -59.1611
0 49 59.373 -59.8582
0 50 59.1911 -60.5433
0 51 59.0061 -61.2167
0 52 58.8181 -61.8784
0 53 58.6273 -62.5289
0 54 58.4337 -63.1682
0 55 58.2375 -63.7965
0 56 58.0389 -64.4141
0 57 57.8379 -65.0211
0 58 57.6347 -65.6177
0 59 57.4293 -66.204
0 60 57.2219 -66.7803
0 61 57.0126 -67.3466
0 62 56.8015 -67.9032
0 63 56.5887 -68.4501
0 64 56.3743 -68.9876
0 65 56.1583 -69.5157
0 66 55.941 -70.0347
0 67 55.7223 -70.5445
0 68 55.5024 -71.0455
0 69 55.2814 -71.5377
0 70 55.0593 -72.0213
0 71 54.8363 -72.4963
0 72 54.6124 -72.9629
0 73 54.3878 -73.4212
0 74 54.1624 -73.8714
0 75 53.9364 -74.3136
1 1 63.709 -23.4364
1 2 63.8119 -24.5587
1 3 63.8822 -25.5818
1 4 63.9356 -26.5639
1 5 63.9772 -27.5246
1 6 64.0095 -28.4723
1 7 64.0337 -29.4113
1 8 64.0506 -30.3439
1 9 64.0606 -31.2715
1 10 64.064 -32.1946
1 11 64.0612 -33.1138
1 12 64.0522 -34.0291
1 13 64.0372 -34.9404
1 14 64.0164 -35.8478
1 15 63.8488 -35.1533
1 16 63.8368 -36.0951
1 17 63.8172 -37.0207
1 18 63.7905 -37.9313
1 19 63.7571 -38.8281
1 20 63.7175 -39.7117
1 21 63.672 -40.5824
1 22 63.6209 -41.4407
1 23 63.5645 -42.2867
1 24 63.5031 -43.1204
1 25 63.4369 -43.9419
1 26 63.3662 -44.7511
1 27 63.2911 -45.548
1 28 63.2119 -46.3324
1 29 63.1287 -47.1043
1 30 63.0419 -47.8636
1 31 62.9515 -48.6101
1 32 62.8579 -49.3436
1 33 62.7611 -50.0642
1 34 62.6614 -50.7715
1 35 62.559 -51.4656
1 36 62.4541 -52.1463
1 37 62.3468 -52.8134
1 38 62.2374 -53.467
1 39 62.126 -54.107
1 40 62.0132 -54.7282
1 41 61.8985 -55.3402
1 42 61.7824 -55.9383
1 43 61.6651 -56.5225
1 44 61.5467 -57.0927
1 45 61.0158 -57.9567
1 46 60.8612 -58.725
1 47 60.7027 -59.4804
1 48 60.5403 -60.2233
1 49 60.3743 -60.9537
1 50 60.2047 -61.6719
1 51 60.0318 -62.3782
1 52 59.8556 -63.0727
1 53 59.6762 -63.7556
1 54 59.494 -64.4272
1 55 59.3088 -65.0875
1 56 59.121 -65.7367
1 57 58.9305 -66.375
1 58 58.7376 -67.0026
1 59 58.5423 -67.6195
1 60 58.3447 -68.2261
1 61 58.145 -68.8223
1 62 57.9433 -69.4083
1 63 57.7396 -69.9844
1 64 57.5341 -70.5506
1 65 57.327 -71.107
1 66 57.1182 -71.6539
1 67 56.9079 -72.1913
1 68 56.6962 -72.7193
1 69 56.4831 -73.2382
1 70 56.2689 -73.7479
1 71 56.0535 -74.2488
1 72 55.837 -74.7408
1 73 55.6197 -75.2241
1 74 55.4014 -75.6989
1 75 55.1824 -76.1653
2 1 63.798 -23.4315
2 2 63.9212 -24.5402
2 3 64.0133 -25.5567
2 4 64.089 -26.5354
2 5 64.1531 -27.4948
2 6 64.208 -28.4432
2 7 64.2549 -29.3847
2 8 64.2944 -30.3214
2 9 64.3271 -31.2548
2 10 64.3532 -32.1853
2 11 64.3728 -33.1134
2 12 64.3863 -34.039
2 13 64.3936 -34.9623
2 14 64.3949 -35.883
2 15 64.2422 -35.2046
2 16 64.2513 -36.1597
2 17 64.2525 -37.1001
2 18 64.2466 -38.027
2 19 64.2338 -38.9414
2 20 64.2145 -39.8438
2 21 64.1892 -40.7345
2 22 64.158 -41.6139
2 23 64.1213 -42.4819
2 24 64.0793 -43.3386
2 25 64.0323 -44.184
2 26 63.9803 -45.0179
2 27 63.9238 -45.8401
2 28 63.8628 -46.6506
2 29 63.7975 -47.4492
2 30 63.7283 -48.2355
2 31 63.6551 -49.0096
2 32 63.5784 -49.7711
2 33 63.4982 -50.5199
2 34 63.4147 -51.2558
2 35 63.3282 -51.9786
2 36 63.2387 -52.6881
2 37 63.1467 -53.3843
2 38 63.0521 -54.0669
2 39 62.9552 -54.7358
2 40 62.8562 -55.3909
2 41 62.7552 -56.0322
2 42 62.6526 -56.6594
2 43 62.5484 -57.2725
2 44 62.4428 -57.8715
2 45 61.9815 -58.8516
2 46 61.841 -59.6555
2 47 61.6961 -60.4466
2 48 61.5472 -61.225
2 49 61.3942 -61.9909
2 50 61.2375 -62.7445
2 51 61.077 -63.486
2 52 60.9131 -64.2155
2 53 60.7457 -64.9331
2 54 60.5751 -65.6391
2 55 60.4014 -66.3336
2 56 60.2247 -67.0167
2 57 60.0451 -67.6886
2 58 59.8628 -68.3493
2 59 59.6779 -68.9991
2 60 59.4904 -69.6381
2 61 59.3006 -70.2664
2 62 59.1085 -70.884
2 63 58.9142 -71.4913
2 64 58.7179 -72.0883
2 65 58.5197 -72.675
2 66 58.3196 -73.2518
2 67 58.1179 -73.8186
2 68 57.9144 -74.3756
2 69 57.7095 -74.923
2 70 57.5032 -75.4609
2 71 57.2955 -75.9893
2 72 57.0866 -76.5085
2 73 56.8766 -77.0186
2 74 56.6655 -77.5196
2 75 56.4535 -78.0117
3 1 63.8847 -23.4103
3 2 64.0287 -24.5045
3 3 64.1428 -25.5121
3 4 64.2407 -26.4846
3 5 64.3274 -27.44
3 6 64.405 -28.3862
3 7 64.4747 -29.3271
3 8 64.537 -30.2651
3 9 64.5924 -31.2013
3 10 64.6413 -32.1363
3 11 64.6837 -33.0704
3 12 64.7198 -34.0038
3 13 64.7497 -34.9363
3 14 64.7736 -35.8679
3 15 64.6346 -35.1996
3 16 64.6652 -36.166
3 17 64.6878 -37.1192
3 18 64.703 -38.0605
3 19 64.7113 -38.9907
3 20 64.713 -39.9102
3 21 64.7083 -40.8195
3 22 64.6976 -41.7185
3 23 64.6811 -42.6073
3 24 64.659 -43.4859
3 25 64.6316 -44.3541
3 26 64.5991 -45.2118
3 27 64.5616 -46.0588
3 28 64.5194 -46.8947
3 29 64.4726 -47.7194
3 30 64.4215 -48.5326
3 31 64.3662 -49.3341
3 32 64.3069 -50.1235
3 33 64.2438 -50.9006
3 34 64.1771 -51.6652
3 35 64.107 -52.4171
3 36 64.0337 -53.1559
3 37 63.9573 -53.8816
3 38 63.8781 -54.5938
3 39 63.7963 -55.2924
3 40 63.712 -55.9773
3 41 63.6254 -56.6482
3 42 63.5367 -57.3051
3 43 63.4461 -57.9477
3 44 63.3539 -58.576
3 45 62.9623 -59.6763
3 46 62.8363 -60.5185
3 47 62.7057 -61.3479
3 48 62.5706 -62.1645
3 49 62.4312 -62.9687
3 50 62.2877 -63.7604
3 51 62.1402 -64.5399
3 52 61.9898 -65.3028
3 53 61.8349 -66.0577
3 54 61.6764 -66.8008
3 55 61.5145 -67.532
3 56 61.3493 -68.2515
3 57 61.181 -68.9594
3 58 61.0096 -69.6559
3 59 60.8354 -70.341
3 60 60.6583 -71.0148
3 61 60.4786 -71.6776
3 62 60.2964 -72.3293
3 63 60.1118 -72.9702
3 64 59.9249 -73.6003
3 65 59.7358 -74.2197
3 66 59.5446 -74.8286
3 67 59.3515 -75.4272
3 68 59.1566 -76.0154
3 69 58.9599 -76.5935
3 70 58.7615 -77.1615
3 71 58.5617 -77.7197
3 72 58.3604 -78.268
3 73 58.1578 -78.8067
3 74 57.9539 -79.3359
3 75 57.749 -79.8557
4 1 63.969 -23.3736
4 2 64.134 -24.452
4 3 64.2701 -25.4482
4 4 64.3904 -26.4117
4 5 64.4996 -27.3601
4 6 64.5998 -28.3009
4 7 64.6922 -29.2383
4 8 64.7774 -30.1743
4 9 64.8557 -31.1102
4 10 64.9274 -32.0466
4 11 64.9927 -32.9838
4 12 65.0517 -33.9219
4 13 65.1044 -34.8607
4 14 65.151 -35.8003
4 15 65.0249 -35.1365
4 16 65.0773 -36.1118
4 17 65.1217 -37.0756
4 18 65.1585 -38.0291
4 19 65.1883 -38.973
4 20 65.2113 -39.9077
4 21 65.2278 -40.8335
4 22 65.238 -41.7505
4 23 65.2422 -42.6585
4 24 65.2406 -43.5576
4 25 65.2334 -44.4474
4 26 65.2208 -45.3278
4 27 65.203 -46.1984
4 28 65.1801 -47.059
4 29 65.1524 -47.9092
4 30 65.12 -48.7487
4 31 65.083 -49.5772
4 32 65.0418 -50.3944
4 33 64.9964 -51.1998
4 34 64.9471 -51.9932
4 35 64.894 -52.7743
4 36 64.8373 -53.5428
4 37 64.7773 -54.2984
4 38 64.714 -55.0408
4 39 64.6477 -55.7698
4 40 64.5786 -56.4852
4 41 64.5069 -57.1867
4 42 64.4328 -57.8741
4 43 64.3564 -58.5473
4 44 64.2779 -59.206
4 45 63.958 -60.4171
4 46 63.8473 -61.2998
4 47 63.7316 -62.1697
4 48 63.6112 -63.0269
4 49 63.4861 -63.8717
4 50 63.3565 -64.704
4 51 63.2226 -65.5239
4 52 63.0845 -66.3315
4 53 62.9424 -67.1268
4 54 62.7964 -67.91
4 55 62.6466 -68.6812
4 56 62.4933 -69.4404
4 57 62.3365 -70.1876
4 58 62.1763 -70.923
4 59 62.0139 -71.6424
4 60 61.8476 -72.3541
4 61 61.6784 -73.0541
4 62 61.5063 -73.7427
4 63 61.3315 -74.4199
4 64 61.1542 -75.0859
4 65 60.9744 -75.7407
4 66 60.7923 -76.3844
4 67 60.6081 -77.0173
4 68 60.4217 -77.6392
4 69 60.2333 -78.2505
4 70 60.0431 -78.8512
4 71 59.8511 -79.4415
4 72 59.6575 -80.0214
4 73 59.4623 -80.591
4 74 59.2658 -81.1506
4 75 59.0678 -81.7003
5 1 64.0509 -23.3219
5 2 64.237 -24.3829
5 3 64.3949 -25.3651
5 4 64.5374 -26.3167
5 5 64.669 -27.2549
5 6 64.7918 -28.1872
5 7 64.9068 -29.1177
5 8 65.0147 -30.0485
5 9 65.1159 -30.9808
5 10 65.2105 -31.9153
5 11 65.2988 -32.8522
5 12 65.3807 -33.7918
5 13 65.4567 -34.7368
5 14 65.5262 -35.6813
5 15 65.4117 -35.0133
5 16 65.4869 -36.0005
5 17 65.5533 -36.9724
5 18 65.6121 -37.9356
5 19 65.6637 -38.8908
5 20 65.7084 -39.8384
5 21 65.7464 -40.7786
5 22 65.778 -41.7115
5 23 65.8033 -42.6369
5 24 65.8227 -43.5547
5 25 65.8362 -44.4645
5 26 65.844 -45.3661
5 27 65.8463 -46.2592
5 28 65.8433 -47.1434
5 29 65.8351 -48.0182
5 30 65.8219 -48.8833
5 31 65.8039 -49.7382
5 32 65.7813 -50.5826
5 33 65.7542 -51.416
5 34 65.7228 -52.2381
5 35 65.6873 -53.0485
5 36 65.6478 -53.8468
5 37 65.6046 -54.6326
5 38 65.5578 -55.4056
5 39 65.5077 -56.1655
5 40 65.4543 -56.9119
5 41 65.3983 -57.6394
5 42 65.3392 -58.3583
5 43 65.2775 -59.063
5 44 65.2134 -59.7533
5 45 64.9665 -61.0706
5 46 64.8718 -61.9963
5 47 64.7717 -62.9095
5 48 64.6665 -63.8102
5 49 64.5563 -64.6985
5 50 64.4412 -65.5743
5 51 64.3215 -66.4378
5 52 64.1972 -67.2888
5 53 64.0685 -68.1275
5 54 63.9356 -68.9538
5 55 63.7986 -69.7678
5 56 63.6576 -70.5695
5 57 63.5128 -71.359
5 58 63.3644 -72.1363
5 59 63.2124 -72.9015
5 60 63.0571 -73.6545
5 61 62.8984 -74.3955
5 62 62.7367 -75.1246
5 63 62.5719 -75.8418
5 64 62.4043 -76.5472
5 65 62.2339 -77.2409
5 66 62.0609 -77.9229
5 67 61.8867 -78.589
5 68 61.709 -79.2477
5 69 61.5291 -79.8951
5 70 61.347 -80.5313
5 71 61.163 -81.1565
5 72 60.9771 -81.7706
5 73 60.7895 -82.374
5 74 60.6001 -82.9666
5 75 60.4093 -83.5486
6 1 64.13 -23.2558
6 2 64.3372 -24.2975
6 3 64.5168 -25.263
6 4 64.6812 -26.1997
6 5 64.835 -27.1245
6 6 64.9801 -28.045
6 7 65.1177 -28.9653
6 8 65.2483 -29.8873
6 9 65.3722 -30.8126
6 10 65.4901 -31.7447
6 11 65.6012 -32.678
6 12 65.7062 -33.6157
6 13 65.8049 -34.5576
6 14 65.8974 -35.5036
6 15 65.7946 -34.8351
6 16 65.8914 -35.82
6 17 65.9802 -36.7969
6 18 66.0613 -37.7669
6 19 66.1351 -38.7306
6 20 66.2019 -39.6884
6 21 66.2618 -40.6404
6 22 66.3152 -41.5868
6 23 66.3621 -42.5272
6 24 66.4029 -43.4615
6 25 66.4375 -44.3894
6 26 66.4663 -45.3105
6 27 66.4893 -46.2245
6 28 66.5068 -47.1308
6 29 66.5187 -48.029
6 30 66.5254 -48.9186
6 31 66.527 -49.7992
6 32 66.5235 -50.6703
6 33 66.5153 -51.5313
6 34 66.5024 -52.3819
6 35 66.4851 -53.2215
6 36 66.4635 -54.0498
6 37 66.4377 -54.8661
6 38 66.4081 -55.6703
6 39 66.3747 -56.4617
6 40 66.3377 -57.2402
6 41 66.2974 -58.0052
6 42 66.2538 -58.7565
6 43 66.2074 -59.4938
6 44 66.1581 -60.2167
6 45 65.9857 -61.6337
6 46 65.9077 -62.605
6 47 65.8239 -63.5642
6 48 65.7346 -64.5112
6 49 65.64 -65.4459
6 50 65.5401 -66.3683
6 51 65.4357 -67.2734
6 52 65.3258 -68.1715
6 53 65.2111 -69.0571
6 54 65.0918 -69.9302
6 55 64.968 -70.7908
6 56 64.8399 -71.6389
6 57 64.7076 -72.4744
6 58 64.5713 -73.2974
6 59 64.4311 -74.1078
6 60 64.2872 -74.9057
6 61 64.1396 -75.6911
6 62 63.9886 -76.464
6 63 63.8342 -77.2245
6 64 63.6767 -77.9727
6 65 63.5161 -78.7085
6 66 63.3525 -79.4321
6 67 63.1862 -80.1436
6 68 63.0173 -80.8429
6 69 62.8458 -81.5303
6 70 62.6719 -82.2059
6 71 62.4958 -82.8696
6 72 62.3175 -83.5217
6 73 62.1371 -84.1623
6 74 61.9562 -84.7871
6 75 61.7724 -85.4045
7 1 64.2062 -23.1755
7 2 64.4345 -24.196
7 3 64.6354 -25.1421
7 4 64.8214 -26.0608
7 5 64.9971 -26.969
7 6 65.1643 -27.8743
7 7 65.3241 -28.7807
7 8 65.4776 -29.6938
7 9 65.6241 -30.6084
7 10 65.7643 -31.5284
7 11 65.8982 -32.4542
7 12 66.0261 -33.3861
7 13 66.1478 -34.324
7 14 66.2634 -35.2678
7 15 66.1706 -34.5876
7 16 66.29 -35.5724
7 17 66.4013 -36.551
7 18 66.5049 -37.5244
7 19 66.6011 -38.4934
7 20 66.6902 -39.4582
7 21 66.7724 -40.419
7 22 66.8479 -41.3759
7 23 66.9168 -42.3286
7 24 66.9794 -43.2769
7 25 67.0357 -44.2204
7 26 67.0859 -45.1587
7 27 67.1301 -46.0914
7 28 67.1685 -47.018
7 29 67.2012 -47.9379
7 30 67.2283 -48.8506
7 31 67.2499 -49.7556
7 32 67.2663 -50.6523
7 33 67.2776 -51.5401
7 34 67.2839 -52.4186
7 35 67.2853 -53.287
7 36 67.2822 -54.145
7 37 67.2745 -54.9919
7 38 67.2626 -55.8273
7 39 67.2466 -56.6507
7 40 67.2266 -57.4617
7 41 67.2028 -58.2597
7 42 67.1756 -59.0443
7 43 67.1449 -59.8152
7 44 67.1111 -60.5721
7 45 67.015 -62.0836
7 46 66.9544 -63.104
7 47 66.8878 -64.1128
7 48 66.8152 -65.1099
7 49 66.7368 -66.0951
7 50 66.6527 -67.0682
7 51 66.5631 -68.0293
7 52 66.4682 -68.978
7 53 66.3681 -69.9143
7 54 66.263 -70.838
7 55 66.153 -71.7491
7 56 66.0383 -72.6475
7 57 65.919 -73.5331
7 58 65.7952 -74.4058
7 59 65.6672 -75.2655
7 60 65.5351 -76.1123
7 61 65.3998 -76.9414
7 62 65.2598 -77.7626
7 63 65.1161 -78.5708
7 64 64.9689 -79.3661
7 65 64.8183 -80.1484
7 66 64.6644 -80.9178
7 67 64.5074 -81.6743
7 68 64.3474 -82.4181
7 69 64.1846 -83.1491
7 70 64.0191 -83.8675
7 71 63.8511 -84.5734
7 72 63.6806 -85.2668
7 73 63.5078 -85.9479
7 74 63.3328 -86.6167
7 75 63.1558 -87.2735
8 1 64.2793 -23.0814
8 2 64.5283 -24.0788
8 3 64.7502 -25.0027
8 4 64.9575 -25.9003
8 5 65.1546 -26.7885
8 6 65.3435 -27.6751
8 7 65.5259 -28.5676
8 8 65.7009 -29.4615
8 9 65.8697 -30.3615
8 10 66.0323 -31.2685
8 11 66.1889 -32.1829
8 12 66.3395 -33.105
8 13 66.4841 -34.0348
8 14 66.6228 -34.9723
8 15 66.5388 -34.2746
8 16 66.6808 -35.2555
8 17 66.8148 -36.2321
8 18 66.941 -37.2053
8 19 67.0598 -38.1758
8 20 67.1715 -39.144
8 21 67.2762 -40.1101
8 22 67.3741 -41.0741
8 23 67.4654 -42.0358
8 24 67.5501 -42.9948
8 25 67.6285 -43.951
8 26 67.7005 -44.9037
8 27 67.7664 -45.8526
8 28 67.8262 -46.797
8 29 67.8801 -47.7364
8 30 67.9281 -48.6703
8 31 67.9705 -49.5979
8 32 68.0073 -50.5187
8 33 68.0386 -51.432
8 34 68.0647 -52.3373
8 35 68.0856 -53.2337
8 36 68.1016 -54.1209
8 37 68.1127 -54.998
8 38 68.1191 -55.8646
8 39 68.1211 -56.72
8 40 68.1188 -57.5638
8 41 68.1123 -58.3953
8 42 68.1019 -59.214
8 43 68.0878 -60.0195
8 44 68.0701 -60.8113
8 45 68.052 -62.4095
8 46 68.0099 -63.4822
8 47 67.9612 -64.5442
8 48 67.9061 -65.5952
8 49 67.8448 -66.6348
8 50 67.7773 -67.663
8 51 67.7039 -68.6793
8 52 67.6247 -69.6837
8 53 67.5399 -70.6758
8 54 67.4496 -71.6554
8 55 67.3539 -72.6223
8 56 67.2531 -73.5765
8 57 67.1472 -74.5176
8 58 67.0365 -75.4456
8 59 66.9211 -76.3603
8 60 66.8011 -77.2616
8 61 66.6768 -78.1494
8 62 66.5482 -79.0237
8 63 66.4155 -79.8844
8 64 66.2789 -80.7315
8 65 66.1385 -81.565
8 66 65.9945 -82.3848
8 67 65.847 -83.1909
8 68 65.6962 -83.9835
8 69 65.5423 -84.7625
8 70 65.3862 -85.5235
8 71 65.2263 -86.2761
8 72 65.0636 -87.0153
8 73 64.8983 -87.7414
8 74 64.7306 -88.4543
8 75 64.5605 -89.1542
9 1 64.3489 -22.9737
9 2 64.6184 -23.9461
9 3 64.8609 -24.8451
9 4 65.0889 -25.7184
9 5 65.307 -26.5833
9 6 65.5178 -27.4514
9 7 65.721 -28.3194
9 8 65.9178 -29.1934
9 9 66.1084 -30.0748
9 10 66.2932 -30.9647
9 11 66.4721 -31.8634
9 12 66.6452 -32.7714
9 13 66.8125 -33.6888
9 14 66.974 -34.6157
9 15 66.8978 -33.8945
9 16 67.0624 -34.8675
9 17 67.2189 -35.8378
9 18 67.3678 -36.8066
9 19 67.5093 -37.7745
9 20 67.6437 -38.742
9 21 67.7711 -39.7094
9 22 67.8916 -40.6765
9 23 68.0055 -41.6433
9 24 68.1127 -42.6094
9 25 68.2134 -43.5746
9 26 68.3077 -44.5383
9 27 68.3957 -45.5
9 28 68.4774 -46.4593
9 29 68.5529 -47.4154
9 30 68.6225 -48.3678
9 31 68.6861 -49.3157
9 32 68.7438 -50.2585
9 33 68.7959 -51.1955
9 34 68.8424 -52.126
9 35 68.8834 -53.0491
9 36 68.9191 -53.9644
9 37 68.9496 -54.871
9 38 68.9751 -55.7682
9 39 68.9958 -56.6554
9 40 69.0118 -57.5319
9 41 69.0233 -58.3971
9 42 69.0305 -59.2504
9 43 69.0335 -60.0911
9 44 69.0326 -60.9188
9 45 69.0947 -62.5932
9 46 69.072 -63.7218
9 47 69.0422 -64.8408
9 48 69.0055 -65.9498
9 49 68.9622 -67.0484
9 50 68.9122 -68.1363
9 51 68.8558 -69.213
9 52 68.7931 -70.2781
9 53 68.7243 -71.3314
9 54 68.6495 -72.3725
9 55 68.5689 -73.4011
9 56 68.4826 -74.4169
9 57 68.3908 -75.4196
9 58 68.2937 -76.4089
9 59 68.1914 -77.3847
9 60 68.0841 -78.3468
9 61 67.9719 -79.2949
9 62 67.855 -80.2289
9 63 67.7337 -81.1488
9 64 67.6079 -82.0543
9 65 67.4779 -82.9455
9 66 67.3439 -83.8222
9 67 67.2061 -84.6844
9 68 67.0645 -85.5321
9 69 66.9193 -86.3654
9 70 66.7708 -87.1843
9 71 66.619 -87.9887
9 72 66.4642 -88.7788
9 73 66.3064 -89.5546
9 74 66.1458 -90.3162
9 75 65.9826 -91.0638
10 1 64.4148 -22.8526
10 2 64.7045 -23.7981
10 3 64.9669 -24.6695
10 4 65.2152 -25.5155
10 5 65.4545 -26.3577
10 6 65.6852 -27.1963
10 7 65.9093 -28.0394
10 8 66.1272 -28.8895
10 9 66.3393 -29.7483
10 10 66.5457 -30.6168
10 11 66.7466 -31.4955
10 12 66.9418 -32.3849
10 13 67.1315 -33.2854
10 14 67.3155 -34.1969
10 15 67.2459 -33.4459
10 16 67.4329 -34.4065
10 17 67.612 -35.3661
10 18 67.7835 -36.3258
10 19 67.9477 -37.2865
10 20 68.1048 -38.2486
10 21 68.2549 -39.2125
10 22 68.3982 -40.1782
10 23 68.5347 -41.1456
10 24 68.6647 -42.1144
10 25 68.788 -43.0843
10 26 68.9048 -44.0549
10 27 69.0152 -45.0256
10 28 69.1192 -45.9959
10 29 69.2169 -46.9651
10 30 69.3084 -47.9327
10 31 69.3938 -48.8978
10 32 69.4731 -49.8598
10 33 69.5464 -50.8178
10 34 69.6139 -51.7712
10 35 69.6756 -52.7191
10 36 69.7317 -53.6608
10 37 69.7824 -54.5954
10 38 69.8277 -55.5221
10 39 69.8678 -56.4403
10 40 69.9028 -57.3491
10 41 69.933 -58.2478
10 42 69.9585 -59.1357
10 43 69.9795 -60.0121
10 44 69.9961 -60.8762
10 45 70.1404 -62.6131
10 46 70.1381 -63.8011
10 47 70.1284 -64.9811
10 48 70.1112 -66.1526
10 49 70.0868 -67.315
10 50 70.0554 -68.4678
10 51 70.0169 -69.6104
10 52 69.9717 -70.7423
10 53 69.9198 -71.8631
10 54 69.8613 -72.9721
10 55 69.7965 -74.069
10 56 69.7256 -75.1534
10 57 69.6485 -76.2247
10 58 69.5657 -77.2827
10 59 69.4771 -78.327
10 60 69.3829 -79.3572
10 61 69.2834 -80.373
10 62 69.1787 -81.3743
10 63 69.069 -82.3608
10 64 68.9544 -83.3322
10 65 68.8352 -84.2885
10 66 68.7114 -85.2294
10 67 68.5833 -86.155
10 68 68.4511 -87.0651
10 69 68.3149 -87.9597
10 70 68.1749 -88.8387
10 71 68.0312 -89.7022
10 72 67.8841 -90.5501
10 73 67.7336 -91.3826
10 74 67.5801 -92.1997
10 75 67.4235 -93.0015
11 1 64.4767 -22.7183
11 2 64.7861 -23.6352
11 3 65.068 -24.4763
11 4 65.3357 -25.2921
11 5 65.5948 -26.1045
11 6 65.8456 -26.9137
11 7 66.0899 -27.7281
11 8 66.3284 -28.5504
11 9 66.5613 -29.3823
11 10 66.7889 -30.225
11 11 67.0111 -31.0791
11 12 67.228 -31.9453
11 13 67.4396 -32.8238
11 14 67.6458 -33.715
11 15 67.5814 -32.9277
11 16 67.7906 -33.8711
11 17 67.992 -34.8149
11 18 68.1859 -35.7605
11 19 68.3726 -36.7088
11 20 68.5523 -37.6604
11 21 68.7252 -38.6156
11 22 68.8912 -39.5747
11 23 69.0506 -40.5374
11 24 69.2033 -41.5037
11 25 69.3495 -42.4733
11 26 69.4891 -43.4458
11 27 69.6221 -44.4206
11 28 69.7488 -45.3973
11 29 69.869 -46.3752
11 30 69.9829 -47.3537
11 31 70.0904 -48.332
11 32 70.1918 -49.3094
11 33 70.2869 -50.285
11 34 70.376 -51.2582
11 35 70.4591 -52.2279
11 36 70.5363 -53.1934
11 37 70.6078 -54.1538
11 38 70.6736 -55.1083
11 39 70.7338 -56.0559
11 40 70.7887 -56.9958
11 41 70.8383 -57.9272
11 42 70.8829 -58.8492
11 43 70.9226 -59.761
11 44 70.9575 -60.6617
11 45 71.1861 -62.4421
11 46 71.2055 -63.6932
11 47 71.217 -64.9384
11 48 71.2205 -66.177
11 49 71.2163 -67.4084
11 50 71.2045 -68.6319
11 51 71.1851 -69.8467
11 52 71.1584 -71.0521
11 53 71.1244 -72.2474
11 54 71.0833 -73.4319
11 55 71.0353 -74.605
11 56 70.9805 -75.7661
11 57 70.919 -76.9145
11 58 70.8511 -78.0497
11 59 70.7769 -79.1712
11 60 70.6966 -80.2786
11 61 70.6103 -81.3712
11 62 70.5183 -82.4489
11 63 70.4207 -83.5111
11 64 70.3177 -84.5576
11 65 70.2095 -85.5881
11 66 70.0962 -86.6023
11 67 69.9782 -87.6002
11 68 69.8554 -88.5814
11 69 69.7282 -89.5459
11 70 69.5967 -90.4936
11 71 69.4612 -91.4244
11 72 69.3217 -92.3384
11 73 69.1785 -93.2354
11 74 69.0318 -94.1157
11 75 68.8817 -94.9791
12 1 64.5343 -22.5706
12 2 64.8629 -23.4577
12 3 65.1635 -24.2661
12 4 65.4511 -25.053
12 5 65.7283 -25.828
12 6 65.9983 -26.6041
12 7 66.2621 -27.386
12 8 66.5205 -28.1764
12 9 66.7735 -28.9772
12 10 67.0215 -29.7896
12 11 67.2645 -30.6145
12 12 67.5025 -31.4524
12 13 67.7354 -32.304
12 14 67.9633 -33.1695
12 15 67.9026 -32.3391
12 16 68.1336 -33.2601
12 17 68.3569 -34.1828
12 18 68.573 -35.1088
12 19 68.782 -36.039
12 20 68.9841 -36.9743
12 21 69.1795 -37.915
12 22 69.3682 -38.8614
12 23 69.5503 -39.8136
12 24 69.7258 -40.7715
12 25 69.8948 -41.7348
12 26 70.0573 -42.7033
12 27 70.2133 -43.6765
12 28 70.3628 -44.6539
12 29 70.5058 -45.635
12 30 70.6424 -46.6191
12 31 70.7726 -47.6054
12 32 70.8964 -48.5934
12 33 71.0139 -49.582
12 34 71.1251 -50.5706
12 35 71.2302 -51.5582
12 36 71.3291 -52.5439
12 37 71.4221 -53.5268
12 38 71.509 -54.506
12 39 71.5902 -55.4805
12 40 71.6657 -56.4494
12 41 71.7356 -57.4117
12 42 71.8 -58.3664
12 43 71.8593 -59.3127
12 44 71.9133 -60.2495
12 45 72.2281 -62.0477
12 46 72.2707 -63.3649
12 47 72.3048 -64.6792
12 48 72.3304 -65.9898
12 49 72.3477 -67.2957
12 50 72.3568 -68.5961
12 51 72.3578 -69.8899
12 52 72.3509 -71.1763
12 53 72.336 -72.4543
12 54 72.3134 -73.723
12 55 72.2832 -74.9815
12 56 72.2456 -76.2289
12 57 72.2007 -77.4645
12 58 72.1487 -78.6874
12 59 72.0897 -79.8968
12 60 72.024 -81.0922
12 61 71.9517 -82.2728
12 62 71.8729 -83.438
12 63 71.788 -84.5873
12 64 71.697 -85.7201
12 65 71.6002 -86.8361
12 66 71.4978 -87.9349
12 67 71.3899 -89.0161
12 68 71.2768 -90.0794
12 69 71.1587 -91.1247
12 70 71.0358 -92.1516
12 71 70.9083 -93.1601
12 72 70.7764 -94.1502
12 73 70.6403 -95.1216
12 74 70.5002 -96.0745
12 75 70.3563 -97.0089
13 1 64.5872 -22.4095
13 2 64.9346 -23.2657
13 3 65.2532 -24.0391
13 4 65.5588 -24.7902
13 5 65.8542 -25.5287
13 6 66.1426 -26.2683
13 7 66.4252 -27.0139
13 8 66.7025 -27.7684
13 9 66.9749 -28.5338
13 10 67.2426 -29.3114
13 11 67.5056 -30.1022
13 12 67.7639 -30.9069
13 13 68.0175 -31.7262
13 14 68.2664 -32.5606
13 15 68.2077 -31.6797
13 16 68.4599 -32.5729
13 17 68.7048 -33.4688
13 18 68.9425 -34.3692
13 19 69.1734 -35.2752
13 20 69.3976 -36.1878
13 21 69.6152 -37.1075
13 22 69.8263 -38.0347
13 23 70.031 -38.9696
13 24 70.2292 -39.9122
13 25 70.4209 -40.8624
13 26 70.6063 -41.82
13 27 70.7852 -42.7847
13 28 70.9576 -43.7561
13 29 71.1236 -44.7336
13 30 71.2832 -45.7167
13 31 71.4363 -46.7047
13 32 71.583 -47.697
13 33 71.7232 -48.6926
13 34 71.8571 -49.6909
13 35 71.9847 -50.6909
13 36 72.1059 -51.6918
13 37 72.221 -52.6925
13 38 72.3298 -53.6921
13 39 72.4326 -54.6896
13 40 72.5295 -55.6839
13 41 72.6205 -56.674
13 42 72.7057 -57.659
13 43 72.7853 -58.6376
13 44 72.8595 -59.6089
13 45 73.2622 -61.3892
13 46 73.3294 -62.775
13 47 73.3877 -64.162
13 48 73.437 -65.549
13 49 73.4774 -66.9349
13 50 73.509 -68.3186
13 51 73.5319 -69.6989
13 52 73.5462 -71.0746
13 53 73.5519 -72.4445
13 54 73.5492 -73.8074
13 55 73.5382 -75.1621
13 56 73.519 -76.5073
13 57 73.4919 -77.8421
13 58 73.4568 -79.1653
13 59 73.4141 -80.4757
13 60 73.3639 -81.7726
13 61 73.3063 -83.0548
13 62 73.2416 -84.3216
13 63 73.1699 -85.5721
13 64 73.0915 -86.8056
13 65 73.0066 -88.0213
13 66 72.9153 -89.2188
13 67 72.818 -90.3974
13 68 72.7148 -91.5568
13 69 72.6059 -92.6964
13 70 72.4916 -93.8161
13 71 72.3721 -94.9154
13 72 72.2476 -95.9943
13 73 72.1183 -97.0526
13 74 71.9846 -98.0901
13 75 71.8465 -99.1069
14 1 64.6349 -22.2348
14 2 65.0008 -23.0597
14 3 65.3366 -23.7959
14 4 65.6594 -24.5085
14 5 65.972 -25.2074
14 6 66.2779 -25.9072
14 7 66.5783 -26.6128
14 8 66.8737 -27.3274
14 9 67.1645 -28.0531
14 10 67.451 -28.7913
14 11 67.7331 -29.5431
14 12 68.0109 -30.3095
14 13 68.2843 -31.0912
14 14 68.5534 -31.8887
14 15 68.4947 -30.9495
14 16 68.7677 -31.8092
14 17 69.0334 -32.6723
14 18 69.2922 -33.5409
14 19 69.5444 -34.4161
14 20 69.7902 -35.2991
14 21 70.0296 -36.1907
14 22 70.2627 -37.0914
14 23 70.4895 -38.0014
14 24 70.7101 -38.9211
14 25 70.9244 -39.8503
14 26 71.1324 -40.7891
14 27 71.3341 -41.7373
14 28 71.5294 -42.6945
14 29 71.7184 -43.6604
14 30 71.901 -44.6345
14 31 72.0773 -45.6163
14 32 72.247 -46.605
14 33 72.4104 -47.6
14 34 72.5673 -48.6006
14 35 72.7178 -49.6059
14 36 72.8619 -50.615
14 37 72.9996 -51.627
14 38 73.1311 -52.6408
14 39 73.2562 -53.6555
14 40 73.3752 -54.67
14 41 73.4881 -55.6831
14 42 73.5949 -56.6939
14 43 73.6959 -57.701
14 44 73.791 -58.7035
14 45 74.2827 -60.4169
14 46 74.3764 -61.8724
14 47 74.4607 -63.3343
14 48 74.5355 -64.8014
14 49 74.6009 -66.2723
14 50 74.6568 -67.7457
14 51 74.7034 -69.2201
14 52 74.7407 -70.6941
14 53 74.7687 -72.1661
14 54 74.7876 -73.6345
14 55 74.7974 -75.0979
14 56 74.7982 -76.5545
14 57 74.7902 -78.003
14 58 74.7735 -79.4419
14 59 74.7483 -80.8695
14 60 74.7147 -82.2846
14 61 74.673 -83.6858
14 62 74.6232 -85.0719
14 63 74.5656 -86.4416
14 64 74.5005 -87.7939
14 65 74.428 -89.1277
14 66 74.3484 -90.4422
14 67 74.2619 -91.7364
14 68 74.1688 -93.0098
14 69 74.0693 -94.2616
14 70 73.9635 -95.4912
14 71 73.8519 -96.6984
14 72 73.7347 -97.8826
14 73 73.612 -99.0436
14 74 73.4842 -100.181
14 75 73.3515 -101.295
15 1 64.677 -22.0458
15 2 65.061 -22.8396
15 3 65.4133 -23.5369
15 4 65.7523 -24.2086
15 5 66.0812 -24.865
15 6 66.4036 -25.5216
15 7 66.7207 -26.1836
15 8 67.0332 -26.8545
15 9 67.3414 -27.5362
15 10 67.6456 -28.2306
15 11 67.9458 -28.9387
15 12 68.2421 -29.6616
15 13 68.5345 -30.4001
15 14 68.8228 -31.155
15 15 68.762 -30.149
15 16 69.0548 -30.9694
15 17 69.3406 -31.7936
15 18 69.6198 -32.6236
15 19 69.8926 -33.4611
15 20 70.1592 -34.3073
15 21 70.4198 -35.1631
15 22 70.6742 -36.0292
15 23 70.9227 -36.9062
15 24 71.1651 -37.7943
15 25 71.4015 -38.6938
15 26 71.6318 -39.6048
15 27 71.856 -40.5271
15 28 72.0741 -41.4608
15 29 72.2859 -42.4056
15 30 72.4915 -43.361
15 31 72.6908 -44.3268
15 32 72.8837 -45.3024
15 33 73.0703 -46.2872
15 34 73.2505 -47.2806
15 35 73.4242 -48.2818
15 36 73.5916 -49.2901
15 37 73.7525 -50.3044
15 38 73.907 -51.324
15 39 74.0552 -52.3477
15 40 74.197 -53.3746
15 41 74.3325 -54.4036
15 42 74.4618 -55.4334
15 43 74.5849 -56.4629
15 44 74.702 -57.4908
15 45 75.2829 -59.0699
15 46 75.4051 -60.5935
15 47 75.5175 -62.1303
15 48 75.6199 -63.6791
15 49 75.7123 -65.2385
15 50 75.7948 -66.8069
15 51 75.8672 -68.3826
15 52 75.9297 -69.9639
15 53 75.9821 -71.5489
15 54 76.0246 -73.1356
15 55 76.0572 -74.722
15 56 76.0799 -76.3061
15 57 76.093 -77.8858
15 58 76.0964 -79.4591
15 59 76.0903 -81.024
15 60 76.0748 -82.5786
15 61 76.0502 -84.1208
15 62 76.0166 -85.649
15 63 75.9742 -87.1614
15 64 75.9233 -88.6562
15 65 75.864 -90.1321
15 66 75.7966 -91.5877
15 67 75.7214 -93.0216
15 68 75.6386 -94.4327
15 69 75.5485 -95.8201
15 70 75.4514 -97.1828
15 71 75.3475 -98.5202
15 72 75.2372 -99.8315
15 73 75.1208 -101.116
15 74 74.9984 -102.374
15 75 74.8705 -103.605
