16 110 2999 31556736
0 0.000000 180 45
0 1 44.399 143.498
0 2 44.9025 143.64
0 3 45.3537 143.742
0 4 45.7847 143.83
0 5 46.2047 143.91
0 6 46.6181 143.985
0 7 47.0268 144.058
0 8 47.4323 144.13
0 9 47.8352 144.201
0 10 48.236 144.272
0 11 48.6351 144.342
0 12 49.0327 144.413
0 13 49.429 144.484
0 14 49.8241 144.555
0 15 49.559 144.173
0 16 49.9702 144.266
0 17 50.375 144.355
0 18 50.7742 144.442
0 19 51.1684 144.526
0 20 51.558 144.608
0 21 51.9434 144.689
0 22 52.3248 144.769
0 23 52.7022 144.848
0 24 53.076 144.926
0 25 53.4461 145.003
0 26 53.8126 145.08
0 27 54.1755 145.156
0 28 54.5348 145.232
0 29 54.8906 145.307
0 30 55.2427 145.382
0 31 55.5911 145.456
0 32 55.9359 145.53
0 33 56.2769 145.604
0 34 56.6141 145.677
0 35 56.9474 145.75
0 36 57.2767 145.822
0 37 57.602 145.893
0 38 57.9231 145.964
0 39 58.2401 146.035
0 40 58.5528 146.104
0 41 58.8611 146.173
0 42 59.165 146.241
0 43 59.4643 146.308
0 44 59.759 146.373
0 45 60.3922 145.748
0 46 60.7917 145.875
0 47 61.1886 146.001
0 48 61.5831 146.129
0 49 61.9754 146.258
0 50 62.3653 146.387
0 51 62.7531 146.518
0 52 63.1387 146.65
0 53 63.5222 146.783
0 54 63.9036 146.918
0 55 64.283 147.055
0 56 64.6604 147.193
0 57 65.0358 147.334
0 58 65.4092 147.476
0 59 65.7806 147.621
0 60 66.1501 147.767
0 61 66.5176 147.916
0 62 66.8832 148.068
0 63 67.2468 148.222
0 64 67.6084 148.379
0 65 67.9681 148.538
0 66 68.3258 148.701
0 67 68.6815 148.867
0 68 69.0351 149.035
0 69 69.3868 149.208
0 70 69.7363 149.383
0 71 70.0839 149.563
0 72 70.4293 149.746
0 73 70.7726 149.933
0 74 71.1139 150.124
0 75 71.4529 150.319
0 76 71.7898 150.519
0 77 72.1245 150.723
0 78 72.4569 150.932
0 79 72.7871 151.146
0 80 73.1151 151.365
0 81 73.4407 151.59
0 82 73.764 151.82
0 83 74.0849 152.056
0 84 74.4035 152.298
0 85 74.7196 152.546
0 86 75.0333 152.801
0 87 75.3445 153.062
0 88 75.6532 153.331
0 89 75.9594 153.607
0 90 76.263 153.891
0 91 76.564 154.183
0 92 76.8624 154.483
0 93 77.1581 154.793
0 94 77.4511 155.111
0 95 77.7414 155.439
0 96 78.0289 155.777
0 97 78.3136 156.126
0 98 78.5956 156.486
0 99 78.8746 156.857
0 100 79.1508 157.24
0 101 79.424 157.636
0 102 79.6943 158.046
0 103 79.9616 158.47
0 104 80.2259 158.908
0 105 80.4871 159.362
0 106 80.7452 159.833
0 107 81.0002 160.32
0 108 81.252 160.826
0 109 81.5005 161.352
0 110 81.7459 161.897
1 1 44.402 143.623
1 2 44.8971 143.793
1 3 45.3432 143.927
1 4 45.7699 144.046
1 5 46.186 144.159
1 6 46.5956 144.269
1 7 47.0008 144.376
1 8 47.4026 144.482
1 9 47.8019 144.589
1 10 48.1992 144.695
1 11 48.5947 144.802
1 12 48.9887 144.91
1 13 49.3813 145.018
1 14 49.7727 145.128
1 15 49.5198 144.77
1 16 49.9264 144.899
1 17 50.3268 145.026
1 18 50.7217 145.15
1 19 51.1117 145.273
1 20 51.4972 145.395
1 21 51.8784 145.516
1 22 52.2557 145.636
1 23 52.6291 145.755
1 24 52.9988 145.875
1 25 53.3649 145.994
1 26 53.7273 146.113
1 27 54.0862 146.231
1 28 54.4415 146.35
1 29 54.7932 146.469
1 30 55.1413 146.588
1 31 55.4857 146.707
1 32 55.8264 146.825
1 33 56.1634 146.944
1 34 56.4965 147.063
1 35 56.8258 147.182
1 36 57.1511 147.3
1 37 57.4723 147.419
1 38 57.7894 147.537
1 39 58.1024 147.655
1 40 58.4111 147.772
1 41 58.7154 147.889
1 42 59.0153 148.005
1 43 59.3107 148.121
1 44 59.6015 148.235
1 45 60.2486 147.836
1 46 60.6414 148.027
1 47 61.0317 148.221
1 48 61.4194 148.417
1 49 61.8048 148.616
1 50 62.1878 148.817
1 51 62.5686 149.02
1 52 62.9471 149.227
1 53 63.3234 149.437
1 54 63.6975 149.65
1 55 64.0695 149.866
1 56 64.4393 150.087
1 57 64.8071 150.311
1 58 65.1727 150.538
1 59 65.5362 150.771
1 60 65.8976 151.007
1 61 66.2569 151.248
1 62 66.614 151.493
1 63 66.9691 151.744
1 64 67.322 151.999
1 65 67.6727 152.26
1 66 68.0213 152.526
1 67 68.3676 152.798
1 68 68.7118 153.076
1 69 69.0537 153.36
1 70 69.3934 153.65
1 71 69.7307 153.947
1 72 70.0658 154.251
1 73 70.3985 154.562
1 74 70.7288 154.88
1 75 71.0567 155.205
1 76 71.3821 155.539
1 77 71.7051 155.881
1 78 72.0256 156.231
1 79 72.3435 156.59
1 80 72.6588 156.958
1 81 72.9715 157.335
1 82 73.2815 157.722
1 83 73.5888 158.119
1 84 73.8933 158.527
1 85 74.1951 158.946
1 86 74.494 159.376
1 87 74.79 159.817
1 88 75.0831 160.271
1 89 75.3733 160.737
1 90 75.6604 161.217
1 91 75.9444 161.71
1 92 76.2253 162.217
1 93 76.5031 162.738
1 94 76.7776 163.274
1 95 77.0489 163.827
1 96 77.3168 164.395
1 97 77.5814 164.98
1 98 77.8425 165.583
1 99 78.1002 166.203
1 100 78.3543 166.842
1 101 78.6048 167.501
1 102 78.8517 168.18
1 103 79.0948 168.879
1 104 79.3342 169.6
1 105 79.5697 170.343
1 106 79.8013 171.109
1 107 80.029 171.899
1 108 80.2526 172.713
1 109 80.4721 173.552
1 110 80.6875 174.418
2 1 44.3976 143.745
2 2 44.8841 143.944
2 3 45.3241 144.108
2 4 45.7454 144.26
2 5 46.1565 144.406
2 6 46.5611 144.549
2 7 46.9612 144.69
2 8 47.3581 144.831
2 9 47.7524 144.972
2 10 48.1446 145.113
2 11 48.5351 145.256
2 12 48.924 145.4
2 13 49.3114 145.545
2 14 49.6976 145.692
2 15 49.4539 145.357
2 16 49.8546 145.523
2 17 50.2492 145.686
2 18 50.6384 145.848
2 19 51.0227 146.009
2 20 51.4025 146.169
2 21 51.778 146.329
2 22 52.1496 146.489
2 23 52.5173 146.648
2 24 52.8813 146.808
2 25 53.2417 146.967
2 26 53.5984 147.127
2 27 53.9515 147.288
2 28 54.301 147.449
2 29 54.6469 147.61
2 30 54.9892 147.771
2 31 55.3278 147.933
2 32 55.6626 148.095
2 33 55.9937 148.258
2 34 56.3209 148.421
2 35 56.6442 148.584
2 36 56.9635 148.748
2 37 57.2788 148.911
2 38 57.59 149.075
2 39 57.8969 149.238
2 40 58.1996 149.402
2 41 58.498 149.565
2 42 58.7919 149.727
2 43 59.0813 149.889
2 44 59.3661 150.051
2 45 60.0133 149.868
2 46 60.3969 150.122
2 47 60.7779 150.379
2 48 61.1562 150.64
2 49 61.532 150.904
2 50 61.9054 151.173
2 51 62.2763 151.445
2 52 62.6447 151.722
2 53 63.0108 152.003
2 54 63.3746 152.289
2 55 63.736 152.58
2 56 64.0951 152.876
2 57 64.4519 153.177
2 58 64.8064 153.484
2 59 65.1585 153.796
2 60 65.5083 154.115
2 61 65.8558 154.439
2 62 66.2009 154.77
2 63 66.5436 155.108
2 64 66.8839 155.453
2 65 67.2219 155.804
2 66 67.5573 156.163
2 67 67.8903 156.529
2 68 68.2208 156.903
2 69 68.5487 157.286
2 70 68.8741 157.676
2 71 69.1968 158.075
2 72 69.5169 158.483
2 73 69.8343 158.9
2 74 70.149 159.326
2 75 70.4609 159.762
2 76 70.77 160.208
2 77 71.0762 160.664
2 78 71.3795 161.131
2 79 71.6799 161.609
2 80 71.9772 162.098
2 81 72.2715 162.598
2 82 72.5627 163.11
2 83 72.8507 163.635
2 84 73.1355 164.172
2 85 73.417 164.722
2 86 73.6952 165.285
2 87 73.97 165.861
2 88 74.2414 166.452
2 89 74.5093 167.057
2 90 74.7736 167.676
2 91 75.0344 168.311
2 92 75.2914 168.96
2 93 75.5447 169.626
2 94 75.7942 170.308
2 95 76.0399 171.006
2 96 76.2816 171.721
2 97 76.5194 172.452
2 98 76.7531 173.202
2 99 76.9827 173.969
2 100 77.2082 174.754
2 101 77.4294 175.557
2 102 77.6464 176.378
2 103 77.859 177.219
2 104 78.0672 178.078
2 105 78.2709 178.956
2 106 78.4701 179.854
2 107 78.6648 -179.23
2 108 78.8549 -178.294
2 109 79.0402 -177.338
2 110 79.2209 -176.364
3 1 44.3863 143.863
3 2 44.8639 144.092
3 3 45.2969 144.287
3 4 45.7116 144.471
3 5 46.1163 144.649
3 6 46.5145 144.824
3 7 46.9084 144.999
3 8 47.2989 145.173
3 9 47.6869 145.349
3 10 48.0727 145.525
3 11 48.4566 145.703
3 12 48.839 145.882
3 13 49.2198 146.064
3 14 49.5992 146.247
3 15 49.362 145.932
3 16 49.7555 146.134
3 17 50.1429 146.334
3 18 50.5249 146.532
3 19 50.902 146.73
3 20 51.2746 146.928
3 21 51.643 147.126
3 22 52.0073 147.323
3 23 52.3678 147.521
3 24 52.7245 147.72
3 25 53.0775 147.919
3 26 53.4268 148.119
3 27 53.7725 148.319
3 28 54.1146 148.521
3 29 54.453 148.723
3 30 54.7877 148.925
3 31 55.1186 149.129
3 32 55.4458 149.333
3 33 55.7692 149.537
3 34 56.0887 149.742
3 35 56.4043 149.948
3 36 56.7158 150.154
3 37 57.0233 150.361
3 38 57.3267 150.567
3 39 57.6258 150.774
3 40 57.9206 150.981
3 41 58.2111 151.188
3 42 58.4971 151.394
3 43 58.7786 151.6
3 44 59.0555 151.805
3 45 59.6899 151.826
3 46 60.062 152.139
3 47 60.4313 152.455
3 48 60.7978 152.776
3 49 61.1615 153.101
3 50 61.5226 153.431
3 51 61.881 153.767
3 52 62.2368 154.107
3 53 62.5901 154.454
3 54 62.9407 154.806
3 55 63.2888 155.164
3 56 63.6343 155.528
3 57 63.9772 155.899
3 58 64.3176 156.276
3 59 64.6554 156.66
3 60 64.9905 157.051
3 61 65.3231 157.449
3 62 65.653 157.855
3 63 65.9802 158.268
3 64 66.3047 158.689
3 65 66.6265 159.119
3 66 66.9455 159.557
3 67 67.2617 160.003
3 68 67.5751 160.458
3 69 67.8856 160.922
3 70 68.1931 161.396
3 71 68.4977 161.879
3 72 68.7993 162.371
3 73 69.0978 162.874
3 74 69.3932 163.387
3 75 69.6854 163.91
3 76 69.9745 164.444
3 77 70.2602 164.989
3 78 70.5426 165.545
3 79 70.8217 166.113
3 80 71.0973 166.692
3 81 71.3694 167.282
3 82 71.638 167.885
3 83 71.903 168.5
3 84 72.1644 169.128
3 85 72.422 169.768
3 86 72.6758 170.421
3 87 72.9258 171.087
3 88 73.1719 171.767
3 89 73.4141 172.459
3 90 73.6522 173.165
3 91 73.8863 173.885
3 92 74.1163 174.619
3 93 74.342 175.366
3 94 74.5636 176.127
3 95 74.7808 176.902
3 96 74.9937 177.691
3 97 75.2022 178.494
3 98 75.4063 179.311
3 99 75.6059 -179.858
3 100 75.8009 -179.014
3 101 75.9914 -178.155
3 102 76.1773 -177.284
3 103 76.3585 -176.399
3 104 76.535 -175.501
3 105 76.7067 -174.591
3 106 76.8738 -173.668
3 107 77.036 -172.733
3 108 77.1935 -171.786
3 109 77.3462 -170.828
3 110 77.4941 -169.86
4 1 44.3684 143.978
4 2 44.8366 144.236
4 3 45.2615 144.462
4 4 45.6686 144.677
4 5 46.0656 144.886
4 6 46.4563 145.094
4 7 46.8425 145.301
4 8 47.2254 145.509
4 9 47.6056 145.718
4 10 47.9836 145.928
4 11 48.3597 146.14
4 12 48.734 146.354
4 13 49.1068 146.571
4 14 49.478 146.79
4 15 49.2448 146.494
4 16 49.6297 146.73
4 17 50.0086 146.965
4 18 50.382 147.199
4 19 50.7506 147.433
4 20 51.1145 147.667
4 21 51.4742 147.901
4 22 51.8298 148.136
4 23 52.1815 148.371
4 24 52.5294 148.607
4 25 52.8735 148.844
4 26 53.2138 149.082
4 27 53.5505 149.321
4 28 53.8835 149.561
4 29 54.2127 149.801
4 30 54.5382 150.043
4 31 54.86 150.286
4 32 55.1779 150.529
4 33 55.4919 150.774
4 34 55.802 151.019
4 35 56.1081 151.264
4 36 56.4102 151.511
4 37 56.7081 151.757
4 38 57.0019 152.004
4 39 57.2914 152.252
4 40 57.5766 152.499
4 41 57.8575 152.746
4 42 58.1338 152.993
4 43 58.4057 153.24
4 44 58.673 153.486
4 45 59.2828 153.696
4 46 59.6413 154.061
4 47 59.9967 154.431
4 48 60.3491 154.806
4 49 60.6986 155.186
4 50 61.0451 155.572
4 51 61.3888 155.964
4 52 61.7296 156.362
4 53 62.0676 156.766
4 54 62.4027 157.176
4 55 62.735 157.593
4 56 63.0645 158.017
4 57 63.3911 158.448
4 58 63.7149 158.886
4 59 64.0358 159.331
4 60 64.3538 159.784
4 61 64.6689 160.245
4 62 64.981 160.713
4 63 65.2901 161.19
4 64 65.5962 161.675
4 65 65.8993 162.168
4 66 66.1993 162.67
4 67 66.4961 163.181
4 68 66.7898 163.701
4 69 67.0802 164.231
4 70 67.3673 164.769
4 71 67.6512 165.317
4 72 67.9316 165.875
4 73 68.2087 166.443
4 74 68.4823 167.02
4 75 68.7523 167.608
4 76 69.0188 168.206
4 77 69.2816 168.815
4 78 69.5408 169.433
4 79 69.7962 170.063
4 80 70.0479 170.703
4 81 70.2957 171.354
4 82 70.5395 172.016
4 83 70.7795 172.689
4 84 71.0154 173.373
4 85 71.2473 174.068
4 86 71.475 174.774
4 87 71.6986 175.491
4 88 71.918 176.219
4 89 72.1331 176.958
4 90 72.3439 177.708
4 91 72.5503 178.468
4 92 72.7524 179.24
4 93 72.95 -179.978
4 94 73.1431 -179.186
4 95 73.3317 -178.383
4 96 73.5158 -177.571
4 97 73.6953 -176.748
4 98 73.8702 -175.916
4 99 74.0404 -175.075
4 100 74.206 -174.225
4 101 74.367 -173.366
4 102 74.5232 -172.499
4 103 74.6748 -171.625
4 104 74.8217 -170.743
4 105 74.9639 -169.854
4 106 75.1014 -168.959
4 107 75.2343 -168.058
4 108 75.3625 -167.152
4 109 75.4861 -166.241
4 110 75.605 -165.326
5 1 44.3443 144.09
5 2 44.8024 144.376
5 3 45.2183 144.632
5 4 45.6165 144.878
5 5 46.0048 145.119
5 6 46.3867 145.358
5 7 46.764 145.597
5 8 47.1379 145.837
5 9 47.5091 146.078
5 10 47.8779 146.321
5 11 48.2447 146.566
5 12 48.6097 146.814
5 13 48.9729 147.064
5 14 49.3346 147.317
5 15 49.103 147.039
5 16 49.4781 147.309
5 17 49.8471 147.577
5 18 50.2107 147.846
5 19 50.5692 148.114
5 20 50.9232 148.383
5 21 51.2727 148.652
5 22 51.6182 148.922
5 23 51.9596 149.193
5 24 52.2972 149.464
5 25 52.6309 149.737
5 26 52.9608 150.011
5 27 53.2869 150.286
5 28 53.6093 150.563
5 29 53.9279 150.84
5 30 54.2427 151.119
5 31 54.5536 151.398
5 32 54.8606 151.679
5 33 55.1637 151.96
5 34 55.4629 152.242
5 35 55.758 152.525
5 36 56.049 152.809
5 37 56.3358 153.093
5 38 56.6184 153.377
5 39 56.8968 153.662
5 40 57.1708 153.946
5 41 57.4404 154.231
5 42 57.7056 154.515
5 43 57.9662 154.798
5 44 58.2222 155.081
5 45 58.7967 155.462
5 46 59.1397 155.875
5 47 59.4793 156.293
5 48 59.8158 156.716
5 49 60.149 157.145
5 50 60.4791 157.58
5 51 60.806 158.021
5 52 61.1299 158.469
5 53 61.4506 158.922
5 54 61.7683 159.383
5 55 62.0828 159.85
5 56 62.3943 160.324
5 57 62.7026 160.806
5 58 63.0077 161.295
5 59 63.3098 161.791
5 60 63.6086 162.294
5 61 63.9042 162.806
5 62 64.1966 163.325
5 63 64.4857 163.853
5 64 64.7714 164.388
5 65 65.0538 164.932
5 66 65.3328 165.484
5 67 65.6084 166.045
5 68 65.8805 166.614
5 69 66.1491 167.192
5 70 66.4141 167.779
5 71 66.6754 168.374
5 72 66.9331 168.979
5 73 67.1871 169.592
5 74 67.4373 170.215
5 75 67.6837 170.846
5 76 67.9262 171.487
5 77 68.1648 172.137
5 78 68.3995 172.796
5 79 68.6301 173.464
5 80 68.8567 174.141
5 81 69.0792 174.827
5 82 69.2975 175.523
5 83 69.5117 176.227
5 84 69.7216 176.94
5 85 69.9272 177.661
5 86 70.1286 178.392
5 87 70.3255 179.131
5 88 70.5181 179.878
5 89 70.7063 -179.367
5 90 70.89 -178.604
5 91 71.0693 -177.833
5 92 71.244 -177.055
5 93 71.4142 -176.27
5 94 71.5799 -175.477
5 95 71.741 -174.679
5 96 71.8976 -173.874
5 97 72.0496 -173.063
5 98 72.197 -172.246
5 99 72.3399 -171.424
5 100 72.4781 -170.598
5 101 72.6118 -169.767
5 102 72.741 -168.933
5 103 72.8656 -168.095
5 104 72.9858 -167.254
5 105 73.1014 -166.411
5 106 73.2126 -165.566
5 107 73.3194 -164.719
5 108 73.4218 -163.872
5 109 73.5199 -163.024
5 110 73.6137 -162.177
6 1 44.3141 144.197
6 2 44.7616 144.512
6 3 45.1674 144.798
6 4 45.5557 145.073
6 5 45.934 145.344
6 6 46.3059 145.614
6 7 46.6731 145.884
6 8 47.0368 146.155
6 9 47.3976 146.427
6 10 47.756 146.702
6 11 48.1122 146.98
6 12 48.4665 147.26
6 13 48.8189 147.542
6 14 49.1696 147.828
6 15 48.9374 147.565
6 16 49.3015 147.867
6 17 49.6594 148.169
6 18 50.0117 148.47
6 19 50.359 148.771
6 20 50.7016 149.072
6 21 51.0397 149.375
6 22 51.3737 149.678
6 23 51.7035 149.982
6 24 52.0293 150.288
6 25 52.3513 150.595
6 26 52.6693 150.903
6 27 52.9835 151.212
6 28 53.2939 151.522
6 29 53.6003 151.834
6 30 53.903 152.146
6 31 54.2016 152.46
6 32 54.4964 152.775
6 33 54.7871 153.09
6 34 55.0739 153.407
6 35 55.3565 153.724
6 36 55.635 154.042
6 37 55.9093 154.36
6 38 56.1793 154.678
6 39 56.4451 154.996
6 40 56.7065 155.314
6 41 56.9634 155.632
6 42 57.2159 155.95
6 43 57.4639 156.266
6 44 57.7072 156.582
6 45 58.2369 157.116
6 46 58.5627 157.57
6 47 58.8849 158.03
6 48 59.2038 158.495
6 49 59.5191 158.966
6 50 59.8311 159.443
6 51 60.1398 159.926
6 52 60.445 160.415
6 53 60.7469 160.911
6 54 61.0455 161.413
6 55 61.3407 161.922
6 56 61.6325 162.438
6 57 61.9209 162.96
6 58 62.206 163.49
6 59 62.4876 164.027
6 60 62.7658 164.571
6 61 63.0404 165.122
6 62 63.3116 165.681
6 63 63.5793 166.247
6 64 63.8433 166.821
6 65 64.1038 167.402
6 66 64.3605 167.991
6 67 64.6136 168.588
6 68 64.863 169.192
6 69 65.1086 169.804
6 70 65.3504 170.424
6 71 65.5883 171.052
6 72 65.8223 171.687
6 73 66.0523 172.33
6 74 66.2784 172.981
6 75 66.5005 173.639
6 76 66.7185 174.305
6 77 66.9324 174.978
6 78 67.1421 175.659
6 79 67.3477 176.346
6 80 67.549 177.041
6 81 67.7461 177.744
6 82 67.939 178.452
6 83 68.1275 179.168
6 84 68.3116 179.89
6 85 68.4914 -179.381
6 86 68.6669 -178.647
6 87 68.8379 -177.906
6 88 69.0045 -177.16
6 89 69.1666 -176.409
6 90 69.3243 -175.652
6 91 69.4775 -174.891
6 92 69.6263 -174.126
6 93 69.7706 -173.356
6 94 69.9104 -172.582
6 95 70.0458 -171.805
6 96 70.1767 -171.025
6 97 70.3032 -170.242
6 98 70.4252 -169.457
6 99 70.5429 -168.669
6 100 70.6562 -167.881
6 101 70.7651 -167.091
6 102 70.8698 -166.3
6 103 70.9701 -165.51
6 104 71.0663 -164.719
6 105 71.1582 -163.929
6 106 71.246 -163.141
6 107 71.3297 -162.354
6 108 71.4094 -161.568
6 109 71.4851 -160.786
6 110 71.5569 -160.006
7 1 44.2781 144.301
7 2 44.7143 144.644
7 3 45.1091 144.958
7 4 45.4864 145.263
7 5 45.8536 145.563
7 6 46.2142 145.862
7 7 46.5701 146.162
7 8 46.9224 146.462
7 9 47.2716 146.765
7 10 47.6183 147.071
7 11 47.9627 147.379
7 12 48.305 147.689
7 13 48.6453 148.003
7 14 48.9838 148.321
7 15 48.7488 148.071
7 16 49.1007 148.404
7 17 49.4463 148.736
7 18 49.7862 149.068
7 19 50.121 149.4
7 20 50.451 149.733
7 21 50.7764 150.067
7 22 51.0976 150.401
7 23 51.4145 150.737
7 24 51.7274 151.074
7 25 52.0362 151.412
7 26 52.3411 151.752
7 27 52.6421 152.092
7 28 52.9391 152.434
7 29 53.2322 152.777
7 30 53.5213 153.121
7 31 53.8064 153.467
7 32 54.0876 153.813
7 33 54.3647 154.159
7 34 54.6377 154.507
7 35 54.9066 154.855
7 36 55.1712 155.203
7 37 55.4317 155.552
7 38 55.6879 155.9
7 39 55.9398 156.249
7 40 56.1872 156.597
7 41 56.4303 156.945
7 42 56.6689 157.291
7 43 56.903 157.637
7 44 57.1325 157.982
7 45 57.6085 158.649
7 46 57.9159 159.139
7 47 58.2195 159.634
7 48 58.5193 160.135
7 49 58.8156 160.641
7 50 59.1082 161.153
7 51 59.3972 161.671
7 52 59.6826 162.194
7 53 59.9644 162.724
7 54 60.2426 163.26
7 55 60.5172 163.803
7 56 60.7883 164.351
7 57 61.0557 164.906
7 58 61.3195 165.468
7 59 61.5796 166.036
7 60 61.8361 166.61
7 61 62.0888 167.191
7 62 62.3379 167.779
7 63 62.5832 168.373
7 64 62.8247 168.974
7 65 63.0623 169.582
7 66 63.2961 170.196
7 67 63.5261 170.817
7 68 63.7521 171.444
7 69 63.9742 172.078
7 70 64.1922 172.718
7 71 64.4063 173.365
7 72 64.6163 174.018
7 73 64.8222 174.677
7 74 65.024 175.343
7 75 65.2216 176.014
7 76 65.4151 176.691
7 77 65.6043 177.374
7 78 65.7894 178.062
7 79 65.9701 178.756
7 80 66.1466 179.454
7 81 66.3188 -179.842
7 82 66.4867 -179.133
7 83 66.6503 -178.42
7 84 66.8095 -177.702
7 85 66.9643 -176.981
7 86 67.1148 -176.255
7 87 67.261 -175.527
7 88 67.4028 -174.794
7 89 67.5402 -174.059
7 90 67.6732 -173.321
7 91 67.8019 -172.581
7 92 67.9263 -171.839
7 93 68.0463 -171.095
7 94 68.1621 -170.35
7 95 68.2735 -169.604
7 96 68.3807 -168.857
7 97 68.4837 -168.11
7 98 68.5825 -167.363
7 99 68.6771 -166.616
7 100 68.7677 -165.87
7 101 68.8541 -165.126
7 102 68.9365 -164.383
7 103 69.015 -163.642
7 104 69.0895 -162.903
7 105 69.1602 -162.167
7 106 69.2271 -161.434
7 107 69.2902 -160.704
7 108 69.3497 -159.978
7 109 69.4055 -159.256
7 110 69.4578 -158.539
8 1 44.2364 144.4
8 2 44.6582 144.769
8 3 45.0436 145.113
8 4 45.4088 145.445
8 5 45.7639 145.773
8 6 46.1122 146.101
8 7 46.4556 146.429
8 8 46.7952 146.759
8 9 47.1317 147.09
8 10 47.4655 147.424
8 11 47.7969 147.762
8 12 48.126 148.102
8 13 48.453 148.445
8 14 48.7779 148.792
8 15 48.5382 148.555
8 16 48.8768 148.916
8 17 49.2089 149.278
8 18 49.5353 149.639
8 19 49.8564 150
8 20 50.1727 150.362
8 21 50.4842 150.725
8 22 50.7914 151.089
8 23 51.0942 151.454
8 24 51.3929 151.82
8 25 51.6875 152.187
8 26 51.978 152.555
8 27 52.2646 152.925
8 28 52.5471 153.296
8 29 52.8255 153.667
8 30 53.1 154.04
8 31 53.3704 154.413
8 32 53.6368 154.788
8 33 53.8991 155.163
8 34 54.1572 155.538
8 35 54.4112 155.913
8 36 54.6609 156.289
8 37 54.9064 156.665
8 38 55.1476 157.04
8 39 55.3845 157.415
8 40 55.617 157.79
8 41 55.845 158.163
8 42 56.0687 158.535
8 43 56.2878 158.906
8 44 56.5024 159.276
8 45 56.9173 160.056
8 46 57.2051 160.576
8 47 57.4889 161.101
8 48 57.7688 161.631
8 49 58.0448 162.166
8 50 58.317 162.706
8 51 58.5854 163.252
8 52 58.85 163.803
8 53 59.1108 164.36
8 54 59.3678 164.922
8 55 59.621 165.49
8 56 59.8705 166.064
8 57 60.1161 166.643
8 58 60.3579 167.228
8 59 60.5958 167.819
8 60 60.83 168.415
8 61 61.0602 169.017
8 62 61.2865 169.625
8 63 61.509 170.238
8 64 61.7275 170.857
8 65 61.942 171.481
8 66 62.1525 172.111
8 67 62.359 172.746
8 68 62.5615 173.386
8 69 62.7599 174.032
8 70 62.9542 174.682
8 71 63.1444 175.338
8 72 63.3305 175.998
8 73 63.5124 176.663
8 74 63.6901 177.333
8 75 63.8637 178.007
8 76 64.033 178.685
8 77 64.1981 179.367
8 78 64.359 -179.948
8 79 64.5156 -179.258
8 80 64.668 -178.565
8 81 64.8161 -177.87
8 82 64.9599 -177.171
8 83 65.0994 -176.469
8 84 65.2347 -175.766
8 85 65.3657 -175.06
8 86 65.4925 -174.352
8 87 65.615 -173.642
8 88 65.7333 -172.932
8 89 65.8474 -172.22
8 90 65.9573 -171.508
8 91 66.063 -170.795
8 92 66.1646 -170.082
8 93 66.262 -169.369
8 94 66.3554 -168.657
8 95 66.4447 -167.946
8 96 66.53 -167.235
8 97 66.6113 -166.527
8 98 66.6887 -165.82
8 99 66.7623 -165.115
8 100 66.832 -164.413
8 101 66.8979 -163.713
8 102 66.9601 -163.017
8 103 67.0186 -162.324
8 104 67.0736 -161.634
8 105 67.125 -160.949
8 106 67.1729 -160.268
8 107 67.2175 -159.591
8 108 67.2587 -158.92
8 109 67.2966 -158.253
8 110 67.3314 -157.592
9 1 44.1893 144.494
9 2 44.5986 144.89
9 3 44.9712 145.261
9 4 45.3233 145.62
9 5 45.6651 145.975
9 6 46 146.33
9 7 46.3299 146.685
9 8 46.6558 147.042
9 9 46.9784 147.401
9 10 47.2982 147.763
9 11 47.6154 148.127
9 12 47.9302 148.495
9 13 48.2427 148.866
9 14 48.553 149.241
9 15 48.3064 149.014
9 16 48.6307 149.403
9 17 48.9484 149.791
9 18 49.2602 150.179
9 19 49.5666 150.568
9 20 49.8679 150.957
9 21 50.1646 151.346
9 22 50.4567 151.737
9 23 50.7443 152.129
9 24 51.0278 152.522
9 25 51.307 152.915
9 26 51.5821 153.31
9 27 51.8531 153.706
9 28 52.12 154.103
9 29 52.3828 154.5
9 30 52.6416 154.899
9 31 52.8962 155.298
9 32 53.1468 155.697
9 33 53.3932 156.097
9 34 53.6354 156.496
9 35 53.8734 156.896
9 36 54.1073 157.296
9 37 54.3368 157.695
9 38 54.5621 158.094
9 39 54.783 158.492
9 40 54.9996 158.888
9 41 55.2117 159.284
9 42 55.4195 159.678
9 43 55.6228 160.07
9 44 55.8216 160.461
9 45 56.1686 161.334
9 46 56.436 161.879
9 47 56.6993 162.428
9 48 56.9584 162.981
9 49 57.2135 163.539
9 50 57.4646 164.102
9 51 57.7117 164.67
9 52 57.9548 165.242
9 53 58.1939 165.819
9 54 58.4291 166.401
9 55 58.6603 166.988
9 56 58.8876 167.579
9 57 59.111 168.176
9 58 59.3304 168.777
9 59 59.5458 169.383
9 60 59.7572 169.993
9 61 59.9646 170.609
9 62 60.168 171.228
9 63 60.3674 171.853
9 64 60.5628 172.482
9 65 60.7541 173.115
9 66 60.9413 173.752
9 67 61.1245 174.393
9 68 61.3035 175.039
9 69 61.4785 175.688
9 70 61.6493 176.341
9 71 61.816 176.997
9 72 61.9785 177.657
9 73 62.1368 178.32
9 74 62.291 178.986
9 75 62.441 179.655
9 76 62.5869 -179.673
9 77 62.7285 -178.999
9 78 62.866 -178.323
9 79 62.9992 -177.645
9 80 63.1284 -176.965
9 81 63.2533 -176.284
9 82 63.3741 -175.601
9 83 63.4907 -174.917
9 84 63.6032 -174.233
9 85 63.7116 -173.548
9 86 63.8158 -172.862
9 87 63.916 -172.177
9 88 64.0122 -171.492
9 89 64.1043 -170.807
9 90 64.1925 -170.123
9 91 64.2766 -169.441
9 92 64.3569 -168.759
9 93 64.4333 -168.08
9 94 64.5058 -167.402
9 95 64.5746 -166.727
9 96 64.6395 -166.054
9 97 64.7008 -165.383
9 98 64.7585 -164.716
9 99 64.8125 -164.052
9 100 64.8631 -163.392
9 101 64.9101 -162.735
9 102 64.9537 -162.082
9 103 64.994 -161.434
9 104 65.031 -160.791
9 105 65.0648 -160.152
9 106 65.0954 -159.518
9 107 65.1229 -158.89
9 108 65.1475 -158.267
9 109 65.1691 -157.649
9 110 65.1878 -157.038
10 1 44.1368 144.583
10 2 44.5331 145.005
10 3 44.8919 145.402
10 4 45.2301 145.786
10 5 45.5577 146.168
10 6 45.8781 146.548
10 7 46.1934 146.929
10 8 46.5046 147.311
10 9 46.8123 147.696
10 10 47.117 148.084
10 11 47.419 148.474
10 12 47.7184 148.868
10 13 48.0153 149.265
10 14 48.31 149.665
10 15 48.0545 149.447
10 16 48.3635 149.861
10 17 48.6658 150.274
10 18 48.962 150.688
10 19 49.2527 151.101
10 20 49.5383 151.515
10 21 49.8189 151.93
10 22 50.095 152.345
10 23 50.3665 152.761
10 24 50.6337 153.178
10 25 50.8966 153.596
10 26 51.1553 154.014
10 27 51.4098 154.433
10 28 51.6602 154.853
10 29 51.9064 155.274
10 30 52.1485 155.695
10 31 52.3865 156.116
10 32 52.6203 156.537
10 33 52.8499 156.959
10 34 53.0754 157.38
10 35 53.2966 157.801
10 36 53.5137 158.221
10 37 53.7264 158.64
10 38 53.9349 159.059
10 39 54.1391 159.476
10 40 54.339 159.892
10 41 54.5345 160.305
10 42 54.7257 160.717
10 43 54.9124 161.127
10 44 55.0947 161.535
10 45 55.3679 162.483
10 46 55.6143 163.047
10 47 55.8564 163.615
10 48 56.0943 164.187
10 49 56.3279 164.762
10 50 56.5573 165.342
10 51 56.7826 165.925
10 52 57.0038 166.513
10 53 57.221 167.105
10 54 57.434 167.7
10 55 57.6429 168.3
10 56 57.8478 168.903
10 57 58.0487 169.511
10 58 58.2454 170.122
10 59 58.4382 170.737
10 60 58.6268 171.355
10 61 58.8114 171.977
10 62 58.9919 172.603
10 63 59.1684 173.232
10 64 59.3407 173.865
10 65 59.509 174.5
10 66 59.6731 175.139
10 67 59.8332 175.78
10 68 59.9892 176.424
10 69 60.141 177.071
10 70 60.2888 177.72
10 71 60.4324 178.372
10 72 60.5719 179.025
10 73 60.7073 179.68
10 74 60.8386 -179.663
10 75 60.9658 -179.004
10 76 61.0889 -178.344
10 77 61.2079 -177.683
10 78 61.3228 -177.022
10 79 61.4337 -176.359
10 80 61.5405 -175.697
10 81 61.6433 -175.034
10 82 61.742 -174.371
10 83 61.8368 -173.708
10 84 61.9276 -173.046
10 85 62.0145 -172.384
10 86 62.0975 -171.724
10 87 62.1766 -171.065
10 88 62.2518 -170.407
10 89 62.3233 -169.751
10 90 62.391 -169.097
10 91 62.455 -168.446
10 92 62.5153 -167.796
10 93 62.5719 -167.15
10 94 62.625 -166.506
10 95 62.6745 -165.866
10 96 62.7206 -165.229
10 97 62.7633 -164.595
10 98 62.8025 -163.966
10 99 62.8385 -163.34
10 100 62.8712 -162.719
10 101 62.9008 -162.103
10 102 62.9272 -161.491
10 103 62.9505 -160.884
10 104 62.9709 -160.282
10 105 62.9883 -159.685
10 106 63.0029 -159.094
10 107 63.0147 -158.509
10 108 63.0238 -157.93
10 109 63.0303 -157.356
10 110 63.0341 -156.789
11 1 44.0789 144.667
11 2 44.4619 145.114
11 3 44.8062 145.535
11 4 45.1295 145.944
11 5 45.4419 146.35
11 6 45.7471 146.754
11 7 46.0468 147.16
11 8 46.3422 147.566
11 9 46.634 147.976
11 10 46.9227 148.387
11 11 47.2084 148.802
11 12 47.4914 149.219
11 13 47.7718 149.64
11 14 48.0498 150.065
11 15 47.7834 149.852
11 16 48.0763 150.29
11 17 48.3623 150.726
11 18 48.6421 151.163
11 19 48.9162 151.599
11 20 49.1851 152.035
11 21 49.4489 152.472
11 22 49.708 152.91
11 23 49.9626 153.348
11 24 50.2126 153.786
11 25 50.4584 154.225
11 26 50.6998 154.665
11 27 50.937 155.105
11 28 51.17 155.545
11 29 51.3988 155.986
11 30 51.6234 156.426
11 31 51.8439 156.867
11 32 52.0602 157.307
11 33 52.2723 157.747
11 34 52.4803 158.187
11 35 52.684 158.625
11 36 52.8835 159.063
11 37 53.0788 159.499
11 38 53.2699 159.934
11 39 53.4567 160.367
11 40 53.6392 160.798
11 41 53.8175 161.227
11 42 53.9914 161.653
11 43 54.161 162.077
11 44 54.3263 162.498
11 45 54.5204 163.504
11 46 54.7454 164.083
11 47 54.966 164.664
11 48 55.1821 165.249
11 49 55.394 165.838
11 50 55.6015 166.429
11 51 55.8048 167.024
11 52 56.0039 167.622
11 53 56.1988 168.223
11 54 56.3895 168.827
11 55 56.5761 169.434
11 56 56.7585 170.044
11 57 56.9368 170.657
11 58 57.111 171.273
11 59 57.2811 171.892
11 60 57.4471 172.513
11 61 57.609 173.137
11 62 57.7668 173.763
11 63 57.9206 174.392
11 64 58.0702 175.023
11 65 58.2158 175.656
11 66 58.3572 176.291
11 67 58.4947 176.927
11 68 58.628 177.566
11 69 58.7573 178.205
11 70 58.8825 178.846
11 71 59.0037 179.488
11 72 59.1209 -179.869
11 73 59.234 -179.225
11 74 59.3432 -178.581
11 75 59.4483 -177.937
11 76 59.5495 -177.292
11 77 59.6467 -176.648
11 78 59.7399 -176.003
11 79 59.8293 -175.36
11 80 59.9148 -174.717
11 81 59.9964 -174.074
11 82 60.0742 -173.433
11 83 60.1481 -172.794
11 84 60.2183 -172.156
11 85 60.2848 -171.519
11 86 60.3476 -170.885
11 87 60.4067 -170.253
11 88 60.4622 -169.623
11 89 60.5142 -168.996
11 90 60.5626 -168.372
11 91 60.6075 -167.751
11 92 60.649 -167.133
11 93 60.6871 -166.518
11 94 60.7219 -165.907
11 95 60.7535 -165.3
11 96 60.7818 -164.698
11 97 60.807 -164.099
11 98 60.829 -163.505
11 99 60.8481 -162.915
11 100 60.8641 -162.33
11 101 60.8773 -161.75
11 102 60.8876 -161.176
11 103 60.8951 -160.606
11 104 60.8999 -160.042
11 105 60.9021 -159.484
11 106 60.9016 -158.931
11 107 60.8987 -158.385
11 108 60.8933 -157.844
11 109 60.8856 -157.31
11 110 60.8756 -156.781
12 1 44.0157 144.744
12 2 44.3851 145.216
12 3 44.7142 145.661
12 4 45.0219 146.093
12 5 45.3183 146.521
12 6 45.6072 146.949
12 7 45.8904 147.377
12 8 46.1692 147.806
12 9 46.4442 148.237
12 10 46.7159 148.672
12 11 46.9845 149.108
12 12 47.2502 149.548
12 13 47.5132 149.991
12 14 47.7735 150.437
12 15 47.4942 150.228
12 16 47.7702 150.687
12 17 48.0391 151.145
12 18 48.3017 151.602
12 19 48.5585 152.059
12 20 48.8099 152.516
12 21 49.0561 152.973
12 22 49.2976 153.43
12 23 49.5343 153.888
12 24 49.7665 154.345
12 25 49.9943 154.803
12 26 50.2177 155.261
12 27 50.4368 155.719
12 28 50.6517 156.177
12 29 50.8624 156.635
12 30 51.0689 157.092
12 31 51.2712 157.549
12 32 51.4694 158.006
12 33 51.6633 158.461
12 34 51.8531 158.916
12 35 52.0388 159.369
12 36 52.2202 159.82
12 37 52.3975 160.27
12 38 52.5706 160.718
12 39 52.7395 161.164
12 40 52.9042 161.608
12 41 53.0646 162.048
12 42 53.2209 162.486
12 43 53.3729 162.921
12 44 53.5207 163.352
12 45 53.631 164.398
12 46 53.8344 164.987
12 47 54.0333 165.579
12 48 54.2276 166.173
12 49 54.4175 166.77
12 50 54.603 167.369
12 51 54.7842 167.97
12 52 54.9611 168.574
12 53 55.1338 169.179
12 54 55.3022 169.788
12 55 55.4665 170.398
12 56 55.6266 171.011
12 57 55.7825 171.625
12 58 55.9343 172.242
12 59 56.082 172.86
12 60 56.2256 173.48
12 61 56.3651 174.101
12 62 56.5006 174.724
12 63 56.6319 175.349
12 64 56.7593 175.974
12 65 56.8826 176.601
12 66 57.0018 177.228
12 67 57.1171 177.856
12 68 57.2284 178.485
12 69 57.3357 179.114
12 70 57.4391 179.744
12 71 57.5385 -179.627
12 72 57.634 -178.997
12 73 57.7256 -178.368
12 74 57.8134 -177.74
12 75 57.8973 -177.112
12 76 57.9773 -176.485
12 77 58.0536 -175.858
12 78 58.1261 -175.234
12 79 58.1948 -174.61
12 80 58.2599 -173.988
12 81 58.3212 -173.368
12 82 58.379 -172.75
12 83 58.4331 -172.134
12 84 58.4837 -171.521
12 85 58.5307 -170.91
12 86 58.5743 -170.301
12 87 58.6145 -169.696
12 88 58.6513 -169.094
12 89 58.6847 -168.495
12 90 58.7148 -167.9
12 91 58.7418 -167.308
12 92 58.7655 -166.72
12 93 58.7861 -166.136
12 94 58.8036 -165.556
12 95 58.8182 -164.981
12 96 58.8297 -164.41
12 97 58.8384 -163.844
12 98 58.8442 -163.283
12 99 58.8473 -162.726
12 100 58.8476 -162.175
12 101 58.8453 -161.629
12 102 58.8404 -161.088
12 103 58.833 -160.553
12 104 58.8231 -160.023
12 105 58.8108 -159.499
12 106 58.7962 -158.981
12 107 58.7794 -158.469
12 108 58.7603 -157.963
12 109 58.7392 -157.463
12 110 58.7159 -156.97
13 1 43.9473 144.816
13 2 44.3029 145.311
13 3 44.6142 145.776
13 4 44.9075 146.232
13 5 45.1871 146.682
13 6 45.4589 147.13
13 7 45.7249 147.579
13 8 45.9862 148.029
13 9 46.2436 148.481
13 10 46.4974 148.936
13 11 46.748 149.393
13 12 46.9956 149.853
13 13 47.2403 150.316
13 14 47.4823 150.782
13 15 47.1878 150.575
13 16 47.4463 151.053
13 17 47.6975 151.53
13 18 47.9423 152.006
13 19 48.181 152.481
13 20 48.4142 152.956
13 21 48.6422 153.431
13 22 48.8652 153.905
13 23 49.0835 154.379
13 24 49.2972 154.854
13 25 49.5064 155.328
13 26 49.7112 155.801
13 27 49.9116 156.275
13 28 50.1079 156.748
13 29 50.2998 157.22
13 30 50.4876 157.692
13 31 50.6712 158.162
13 32 50.8507 158.632
13 33 51.026 159.1
13 34 51.1971 159.567
13 35 51.3642 160.031
13 36 51.5271 160.494
13 37 51.6859 160.955
13 38 51.8406 161.413
13 39 51.9911 161.869
13 40 52.1376 162.322
13 41 52.2799 162.771
13 42 52.4182 163.217
13 43 52.5523 163.659
13 44 52.6823 164.098
13 45 52.7045 165.168
13 46 52.8862 165.765
13 47 53.0632 166.362
13 48 53.2357 166.962
13 49 53.4037 167.563
13 50 53.5672 168.166
13 51 53.7264 168.77
13 52 53.8813 169.376
13 53 54.0318 169.983
13 54 54.1782 170.592
13 55 54.3203 171.202
13 56 54.4583 171.813
13 57 54.5921 172.425
13 58 54.7218 173.039
13 59 54.8474 173.653
13 60 54.9689 174.268
13 61 55.0864 174.884
13 62 55.1999 175.501
13 63 55.3094 176.117
13 64 55.4149 176.734
13 65 55.5165 177.352
13 66 55.6141 177.969
13 67 55.7079 178.586
13 68 55.7977 179.203
13 69 55.8837 179.819
13 70 55.9658 -179.565
13 71 56.0442 -178.95
13 72 56.1187 -178.336
13 73 56.1895 -177.724
13 74 56.2566 -177.112
13 75 56.32 -176.502
13 76 56.3798 -175.894
13 77 56.4359 -175.287
13 78 56.4884 -174.683
13 79 56.5374 -174.08
13 80 56.5829 -173.48
13 81 56.6249 -172.882
13 82 56.6634 -172.287
13 83 56.6986 -171.695
13 84 56.7305 -171.106
13 85 56.759 -170.52
13 86 56.7843 -169.938
13 87 56.8064 -169.359
13 88 56.8253 -168.783
13 89 56.8411 -168.211
13 90 56.8539 -167.644
13 91 56.8637 -167.08
13 92 56.8705 -166.521
13 93 56.8745 -165.966
13 94 56.8756 -165.415
13 95 56.874 -164.869
13 96 56.8696 -164.328
13 97 56.8626 -163.792
13 98 56.853 -163.261
13 99 56.8409 -162.735
13 100 56.8262 -162.215
13 101 56.8092 -161.699
13 102 56.7899 -161.19
13 103 56.7682 -160.685
13 104 56.7444 -160.187
13 105 56.7183 -159.694
13 106 56.6902 -159.207
13 107 56.6601 -158.726
13 108 56.628 -158.252
13 109 56.594 -157.783
13 110 56.5581 -157.32
14 1 43.8734 144.88
14 2 44.2154 145.399
14 3 44.5105 145.884
14 4 44.7866 146.36
14 5 45.0488 146.83
14 6 45.3028 147.298
14 7 45.5508 147.766
14 8 45.7939 148.236
14 9 46.0328 148.707
14 10 46.2681 149.18
14 11 46.5 149.655
14 12 46.7287 150.134
14 13 46.9544 150.614
14 14 47.1772 151.098
14 15 46.8653 150.889
14 16 47.1057 151.385
14 17 47.3387 151.879
14 18 47.565 152.372
14 19 47.7851 152.863
14 20 47.9996 153.354
14 21 48.2087 153.844
14 22 48.4128 154.333
14 23 48.6121 154.822
14 24 48.8067 155.311
14 25 48.9968 155.798
14 26 49.1824 156.285
14 27 49.3637 156.772
14 28 49.5407 157.257
14 29 49.7135 157.741
14 30 49.8821 158.224
14 31 50.0466 158.706
14 32 50.2069 159.186
14 33 50.3631 159.664
14 34 50.5153 160.14
14 35 50.6634 160.614
14 36 50.8074 161.085
14 37 50.9474 161.554
14 38 51.0833 162.019
14 39 51.2153 162.482
14 40 51.3432 162.941
14 41 51.4672 163.397
14 42 51.5871 163.848
14 43 51.7031 164.296
14 44 51.8152 164.739
14 45 51.7452 165.819
14 46 51.9052 166.419
14 47 52.0606 167.019
14 48 52.2113 167.621
14 49 52.3575 168.224
14 50 52.4992 168.827
14 51 52.6365 169.431
14 52 52.7695 170.036
14 53 52.8983 170.641
14 54 53.0227 171.247
14 55 53.143 171.854
14 56 53.2592 172.461
14 57 53.3712 173.069
14 58 53.4792 173.676
14 59 53.5831 174.284
14 60 53.6831 174.892
14 61 53.779 175.499
14 62 53.871 176.106
14 63 53.9592 176.713
14 64 54.0434 177.32
14 65 54.1238 177.926
14 66 54.2003 178.531
14 67 54.2731 179.135
14 68 54.3421 179.738
14 69 54.4074 -179.661
14 70 54.469 -179.06
14 71 54.527 -178.461
14 72 54.5813 -177.864
14 73 54.632 -177.269
14 74 54.6792 -176.676
14 75 54.7228 -176.084
14 76 54.763 -175.495
14 77 54.7998 -174.909
14 78 54.8331 -174.325
14 79 54.8631 -173.744
14 80 54.8898 -173.166
14 81 54.9132 -172.59
14 82 54.9334 -172.018
14 83 54.9504 -171.45
14 84 54.9643 -170.884
14 85 54.9751 -170.323
14 86 54.9828 -169.765
14 87 54.9876 -169.211
14 88 54.9895 -168.661
14 89 54.9885 -168.115
14 90 54.9847 -167.574
14 91 54.9781 -167.037
14 92 54.9688 -166.504
14 93 54.9568 -165.976
14 94 54.9423 -165.453
14 95 54.9252 -164.935
14 96 54.9056 -164.422
14 97 54.8836 -163.913
14 98 54.8592 -163.41
14 99 54.8325 -162.913
14 100 54.8036 -162.42
14 101 54.7725 -161.933
14 102 54.7393 -161.452
14 103 54.704 -160.976
14 104 54.6667 -160.506
14 105 54.6275 -160.042
14 106 54.5864 -159.583
14 107 54.5435 -159.13
14 108 54.4988 -158.684
14 109 54.4524 -158.243
14 110 54.4044 -157.809
15 1 43.7939 144.937
15 2 44.1227 145.478
15 3 44.4013 145.983
15 4 44.6579 146.476
15 5 44.9038 146.966
15 6 45.1394 147.452
15 7 45.3686 147.938
15 8 45.5928 148.424
15 9 45.8127 148.913
15 10 46.0287 149.402
15 11 46.2412 149.894
15 12 46.4504 150.389
15 13 46.6564 150.885
15 14 46.8594 151.384
15 15 46.5276 151.172
15 16 46.7496 151.684
15 17 46.9639 152.192
15 18 47.1712 152.699
15 19 47.3723 153.205
15 20 47.5675 153.709
15 21 47.7574 154.212
15 22 47.9421 154.714
15 23 48.1219 155.216
15 24 48.297 155.716
15 25 48.4675 156.215
15 26 48.6336 156.712
15 27 48.7953 157.209
15 28 48.9527 157.704
15 29 49.1059 158.198
15 30 49.255 158.69
15 31 49.3999 159.18
15 32 49.5408 159.667
15 33 49.6777 160.153
15 34 49.8105 160.636
15 35 49.9393 161.116
15 36 50.0642 161.594
15 37 50.1851 162.068
15 38 50.3022 162.539
15 39 50.4153 163.006
15 40 50.5245 163.469
15 41 50.6299 163.928
15 42 50.7314 164.382
15 43 50.8292 164.832
15 44 50.9231 165.277
15 45 50.757 166.353
15 46 50.8956 166.954
15 47 51.0294 167.555
15 48 51.1586 168.156
15 49 51.2833 168.757
15 50 51.4034 169.358
15 51 51.5192 169.96
15 52 51.6307 170.561
15 53 51.7378 171.162
15 54 51.8408 171.763
15 55 51.9397 172.364
15 56 52.0344 172.964
15 57 52.1251 173.565
15 58 52.2118 174.164
15 59 52.2945 174.763
15 60 52.3733 175.361
15 61 52.4482 175.959
15 62 52.5193 176.555
15 63 52.5865 177.15
15 64 52.6501 177.744
15 65 52.7098 178.337
15 66 52.7659 178.929
15 67 52.8183 179.518
15 68 52.8672 -179.894
15 69 52.9124 -179.308
15 70 52.9541 -178.724
15 71 52.9923 -178.142
15 72 53.027 -177.562
15 73 53.0584 -176.985
15 74 53.0863 -176.41
15 75 53.1109 -175.838
15 76 53.1322 -175.269
15 77 53.1503 -174.702
15 78 53.1652 -174.139
15 79 53.1769 -173.579
15 80 53.1855 -173.022
15 81 53.191 -172.469
15 82 53.1935 -171.92
15 83 53.1931 -171.374
15 84 53.1897 -170.832
15 85 53.1835 -170.293
15 86 53.1744 -169.759
15 87 53.1626 -169.23
15 88 53.1481 -168.704
15 89 53.1309 -168.183
15 90 53.1111 -167.666
15 91 53.0888 -167.154
15 92 53.064 -166.647
15 93 53.0368 -166.145
15 94 53.0071 -165.647
15 95 52.9752 -165.154
15 96 52.941 -164.667
15 97 52.9045 -164.184
15 98 52.866 -163.707
15 99 52.8253 -163.236
15 100 52.7826 -162.769
15 101 52.7379 -162.308
15 102 52.6913 -161.853
15 103 52.6429 -161.403
15 104 52.5926 -160.959
15 105 52.5406 -160.52
15 106 52.4869 -160.088
15 107 52.4316 -159.661
15 108 52.3747 -159.24
15 109 52.3163 -158.825
15 110 52.2564 -158.415
