22 110 2014 20666037
0 0.000000 180 45
0 1 52.0321 -178.564
0 2 52.3083 -179.239
0 3 52.5358 -179.879
0 4 52.7407 179.493
0 5 52.9319 178.871
0 6 53.115 178.248
0 7 53.2892 177.627
0 8 53.457 177.004
0 9 53.6194 176.379
0 10 53.7768 175.752
0 11 53.9295 175.123
0 12 54.0777 174.491
0 13 54.2217 173.856
0 14 54.3615 173.219
0 15 53.9619 173.504
0 16 54.1237 172.854
0 17 54.2763 172.207
0 18 54.4208 171.564
0 19 54.5577 170.923
0 20 54.6878 170.284
0 21 54.8113 169.648
0 22 54.9288 169.014
0 23 55.0405 168.382
0 24 55.1465 167.753
0 25 55.2473 167.126
0 26 55.3428 166.502
0 27 55.4333 165.881
0 28 55.5188 165.262
0 29 55.5996 164.648
0 30 55.6757 164.037
0 31 55.7472 163.429
0 32 55.8142 162.826
0 33 55.8768 162.228
0 34 55.9351 161.634
0 35 55.9891 161.045
0 36 56.039 160.462
0 37 56.0848 159.884
0 38 56.1265 159.312
0 39 56.1643 158.747
0 40 56.1983 158.188
0 41 56.2285 157.636
0 42 56.255 157.092
0 43 56.2778 156.554
0 44 56.2971 156.025
0 45 55.784 154.841
0 46 55.8302 154.127
0 47 55.8707 153.415
0 48 55.9057 152.706
0 49 55.9352 152.001
0 50 55.9595 151.298
0 51 55.9786 150.598
0 52 55.9928 149.902
0 53 56.002 149.209
0 54 56.0063 148.52
0 55 56.006 147.834
0 56 56.0011 147.152
0 57 55.9916 146.474
0 58 55.9778 145.8
0 59 55.9596 145.13
0 60 55.9371 144.464
0 61 55.9105 143.803
0 62 55.8798 143.146
0 63 55.8451 142.494
0 64 55.8065 141.846
0 65 55.7641 141.204
0 66 55.7179 140.567
0 67 55.668 139.934
0 68 55.6146 139.307
0 69 55.5576 138.686
0 70 55.4973 138.07
0 71 55.4336 137.46
0 72 55.3666 136.855
0 73 55.2964 136.256
0 74 55.2232 135.663
0 75 55.1469 135.076
0 76 55.0676 134.496
0 77 54.9855 133.921
0 78 54.9007 133.353
0 79 54.8131 132.791
0 80 54.7229 132.235
0 81 54.6301 131.686
0 82 54.5349 131.144
0 83 54.4373 130.608
0 84 54.3374 130.079
0 85 54.2352 129.556
0 86 54.1309 129.041
0 87 54.0245 128.532
0 88 53.9161 128.03
0 89 53.8058 127.534
0 90 53.6937 127.046
0 91 53.5797 126.564
0 92 53.4641 126.09
0 93 53.3468 125.622
0 94 53.228 125.162
0 95 53.1078 124.708
0 96 52.9869 124.265
0 97 52.8638 123.825
0 98 52.7395 123.392
0 99 52.6139 122.966
0 100 52.4872 122.547
0 101 52.3594 122.135
0 102 52.2306 121.73
0 103 52.1009 121.332
0 104 51.9703 120.94
0 105 51.8389 120.556
0 106 51.7067 120.179
0 107 51.5739 119.808
0 108 51.4404 119.445
0 109 51.3064 119.088
0 110 51.1718 118.738
1 1 52.1322 -178.514
1 2 52.4208 -179.166
1 3 52.6655 -179.787
1 4 52.8891 179.602
1 5 53.1015 178.994
1 6 53.3031 178.388
1 7 53.4975 177.781
1 8 53.686 177.172
1 9 53.8692 176.56
1 10 54.0475 175.946
1 11 54.2213 175.328
1 12 54.3909 174.708
1 13 54.5562 174.083
1 14 54.7176 173.456
1 15 54.3462 173.724
1 16 54.5274 173.085
1 17 54.6999 172.447
1 18 54.8644 171.812
1 19 55.0217 171.178
1 20 55.1722 170.546
1 21 55.3163 169.916
1 22 55.4544 169.286
1 23 55.5867 168.658
1 24 55.7135 168.032
1 25 55.8349 167.408
1 26 55.9511 166.785
1 27 56.0623 166.165
1 28 56.1685 165.546
1 29 56.2698 164.931
1 30 56.3663 164.318
1 31 56.4582 163.709
1 32 56.5454 163.103
1 33 56.6281 162.5
1 34 56.7064 161.902
1 35 56.7802 161.308
1 36 56.8498 160.719
1 37 56.915 160.134
1 38 56.9761 159.556
1 39 57.033 158.982
1 40 57.0859 158.415
1 41 57.1348 157.854
1 42 57.1798 157.3
1 43 57.2209 156.753
1 44 57.2583 156.213
1 45 56.8534 154.956
1 46 56.9198 154.227
1 47 56.9804 153.5
1 48 57.0354 152.775
1 49 57.0849 152.052
1 50 57.129 151.331
1 51 57.1679 150.612
1 52 57.2016 149.896
1 53 57.2303 149.182
1 54 57.254 148.471
1 55 57.2729 147.763
1 56 57.2869 147.058
1 57 57.2963 146.357
1 58 57.301 145.658
1 59 57.3012 144.964
1 60 57.297 144.272
1 61 57.2884 143.585
1 62 57.2755 142.902
1 63 57.2584 142.223
1 64 57.2371 141.548
1 65 57.2118 140.878
1 66 57.1825 140.212
1 67 57.1493 139.551
1 68 57.1122 138.895
1 69 57.0715 138.245
1 70 57.027 137.599
1 71 56.979 136.959
1 72 56.9275 136.325
1 73 56.8725 135.696
1 74 56.8142 135.073
1 75 56.7526 134.456
1 76 56.6878 133.844
1 77 56.6199 133.239
1 78 56.549 132.641
1 79 56.4751 132.048
1 80 56.3984 131.462
1 81 56.3188 130.883
1 82 56.2366 130.31
1 83 56.1518 129.743
1 84 56.0644 129.184
1 85 55.9745 128.631
1 86 55.8823 128.086
1 87 55.7878 127.547
1 88 55.6911 127.015
1 89 55.5922 126.49
1 90 55.4913 125.972
1 91 55.3884 125.462
1 92 55.2836 124.958
1 93 55.177 124.462
1 94 55.0686 123.973
1 95 54.9586 123.491
1 96 54.847 123.017
1 97 54.7339 122.549
1 98 54.6193 122.089
1 99 54.5034 121.637
1 100 54.3861 121.191
1 101 54.2677 120.753
1 102 54.1481 120.322
1 103 54.0274 119.899
1 104 53.9058 119.482
1 105 53.7831 119.073
1 106 53.6597 118.671
1 107 53.5354 118.277
1 108 53.4103 117.889
1 109 53.2846 117.509
1 110 53.1583 117.136
2 1 52.2257 -178.452
2 2 52.5279 -179.081
2 3 52.7898 -179.682
2 4 53.0319 179.726
2 5 53.2636 179.135
2 6 53.4848 178.547
2 7 53.6992 177.956
2 8 53.9078 177.364
2 9 54.1113 176.768
2 10 54.3102 176.168
2 11 54.5048 175.565
2 12 54.6952 174.958
2 13 54.8817 174.347
2 14 55.0641 173.732
2 15 54.7176 173.988
2 16 54.9184 173.361
2 17 55.1106 172.735
2 18 55.2952 172.11
2 19 55.4726 171.487
2 20 55.6434 170.864
2 21 55.808 170.241
2 22 55.9667 169.62
2 23 56.1196 168.998
2 24 56.2671 168.378
2 25 56.4092 167.758
2 26 56.5461 167.14
2 27 56.6779 166.523
2 28 56.8047 165.907
2 29 56.9266 165.293
2 30 57.0436 164.682
2 31 57.1559 164.072
2 32 57.2635 163.466
2 33 57.3664 162.862
2 34 57.4648 162.261
2 35 57.5586 161.665
2 36 57.648 161.072
2 37 57.7329 160.483
2 38 57.8135 159.899
2 39 57.8897 159.32
2 40 57.9617 158.747
2 41 58.0296 158.179
2 42 58.0933 157.617
2 43 58.1529 157.062
2 44 58.2086 156.513
2 45 57.9082 155.197
2 46 57.9955 154.454
2 47 58.077 153.713
2 48 58.1528 152.972
2 49 58.223 152.233
2 50 58.2877 151.494
2 51 58.3471 150.757
2 52 58.4012 150.022
2 53 58.4501 149.288
2 54 58.4939 148.556
2 55 58.5326 147.826
2 56 58.5664 147.098
2 57 58.5954 146.373
2 58 58.6195 145.65
2 59 58.6389 144.93
2 60 58.6536 144.213
2 61 58.6637 143.499
2 62 58.6694 142.788
2 63 58.6706 142.081
2 64 58.6674 141.378
2 65 58.6599 140.679
2 66 58.6482 139.983
2 67 58.6323 139.293
2 68 58.6124 138.606
2 69 58.5884 137.925
2 70 58.5605 137.248
2 71 58.5288 136.577
2 72 58.4933 135.91
2 73 58.4541 135.249
2 74 58.4113 134.594
2 75 58.365 133.944
2 76 58.3152 133.3
2 77 58.262 132.662
2 78 58.2055 132.031
2 79 58.1458 131.405
2 80 58.083 130.786
2 81 58.0172 130.174
2 82 57.9484 129.568
2 83 57.8767 128.968
2 84 57.8022 128.376
2 85 57.725 127.79
2 86 57.6452 127.212
2 87 57.5628 126.64
2 88 57.478 126.076
2 89 57.3908 125.519
2 90 57.3014 124.969
2 91 57.2097 124.427
2 92 57.1159 123.892
2 93 57.0201 123.364
2 94 56.9223 122.844
2 95 56.8226 122.331
2 96 56.7212 121.826
2 97 56.618 121.329
2 98 56.5132 120.839
2 99 56.4069 120.356
2 100 56.2991 119.882
2 101 56.1899 119.414
2 102 56.0794 118.955
2 103 55.9676 118.503
2 104 55.8547 118.059
2 105 55.7406 117.622
2 106 55.6256 117.193
2 107 55.5096 116.772
2 108 55.3927 116.358
2 109 55.275 115.951
2 110 55.1566 115.553
3 1 52.3131 -178.381
3 2 52.6297 -178.985
3 3 52.9086 -179.565
3 4 53.1708 179.862
3 5 53.4194 179.293
3 6 53.6597 178.724
3 7 53.8934 178.153
3 8 54.1217 177.579
3 9 54.3451 177
3 10 54.5641 176.418
3 11 54.7789 175.832
3 12 54.9898 175.241
3 13 55.1968 174.646
3 14 55.4001 174.046
3 15 55.0754 174.295
3 16 55.2955 173.682
3 17 55.5073 173.071
3 18 55.7117 172.46
3 19 55.9091 171.848
3 20 56.1001 171.237
3 21 56.285 170.626
3 22 56.4641 170.014
3 23 56.6375 169.403
3 24 56.8054 168.791
3 25 56.9681 168.179
3 26 57.1256 167.568
3 27 57.2779 166.957
3 28 57.4253 166.347
3 29 57.5677 165.738
3 30 57.7052 165.13
3 31 57.838 164.523
3 32 57.9659 163.919
3 33 58.0891 163.316
3 34 58.2076 162.717
3 35 58.3214 162.12
3 36 58.4307 161.526
3 37 58.5354 160.935
3 38 58.6356 160.349
3 39 58.7314 159.767
3 40 58.8227 159.189
3 41 58.9097 158.617
3 42 58.9923 158.05
3 43 59.0707 157.488
3 44 59.1449 156.933
3 45 58.9458 155.571
3 46 59.0546 154.817
3 47 59.1577 154.063
3 48 59.255 153.308
3 49 59.3466 152.554
3 50 59.4327 151.799
3 51 59.5133 151.045
3 52 59.5885 150.291
3 53 59.6584 149.538
3 54 59.723 148.785
3 55 59.7825 148.034
3 56 59.8368 147.283
3 57 59.8861 146.534
3 58 59.9304 145.787
3 59 59.9697 145.042
3 60 60.0042 144.298
3 61 60.0339 143.558
3 62 60.0589 142.819
3 63 60.0791 142.083
3 64 60.0948 141.351
3 65 60.1059 140.621
3 66 60.1126 139.896
3 67 60.1148 139.173
3 68 60.1127 138.455
3 69 60.1063 137.741
3 70 60.0957 137.031
3 71 60.081 136.326
3 72 60.0623 135.626
3 73 60.0395 134.93
3 74 60.0129 134.24
3 75 59.9824 133.556
3 76 59.9482 132.877
3 77 59.9104 132.203
3 78 59.8689 131.536
3 79 59.824 130.874
3 80 59.7756 130.219
3 81 59.724 129.571
3 82 59.669 128.929
3 83 59.611 128.293
3 84 59.5498 127.665
3 85 59.4857 127.043
3 86 59.4186 126.429
3 87 59.3488 125.822
3 88 59.2763 125.221
3 89 59.2011 124.629
3 90 59.1233 124.044
3 91 59.0431 123.466
3 92 58.9606 122.896
3 93 58.8758 122.334
3 94 58.7887 121.779
3 95 58.6996 121.232
3 96 58.6084 120.693
3 97 58.5154 120.162
3 98 58.4204 119.639
3 99 58.3238 119.124
3 100 58.2254 118.617
3 101 58.1254 118.118
3 102 58.024 117.626
3 103 57.9211 117.143
3 104 57.8169 116.668
3 105 57.7114 116.201
3 106 57.6047 115.742
3 107 57.4969 115.291
3 108 57.3881 114.847
3 109 57.2783 114.412
3 110 57.1676 113.985
4 1 52.3949 -178.3
4 2 52.7261 -178.879
4 3 53.0218 -179.435
4 4 53.3016 -179.986
4 5 53.5684 179.468
4 6 53.8272 178.92
4 7 54.0797 178.37
4 8 54.3271 177.816
4 9 54.5698 177.259
4 10 54.8082 176.696
4 11 55.0427 176.129
4 12 55.2735 175.558
4 13 55.5005 174.981
4 14 55.724 174.399
4 15 55.4186 174.643
4 16 55.6577 174.048
4 17 55.8888 173.454
4 18 56.1126 172.859
4 19 56.3298 172.263
4 20 56.5406 171.667
4 21 56.7455 171.069
4 22 56.9446 170.471
4 23 57.1383 169.872
4 24 57.3265 169.272
4 25 57.5095 168.671
4 26 57.6873 168.07
4 27 57.8601 167.469
4 28 58.0278 166.867
4 29 58.1906 166.266
4 30 58.3485 165.665
4 31 58.5015 165.064
4 32 58.6497 164.465
4 33 58.7931 163.867
4 34 58.9318 163.271
4 35 59.0657 162.677
4 36 59.1949 162.085
4 37 59.3195 161.496
4 38 59.4394 160.91
4 39 59.5547 160.327
4 40 59.6654 159.748
4 41 59.7716 159.174
4 42 59.8734 158.604
4 43 59.9707 158.039
4 44 60.0635 157.479
4 45 59.9628 156.087
4 46 60.0939 155.324
4 47 60.2191 154.56
4 48 60.3385 153.793
4 49 60.4523 153.026
4 50 60.5604 152.257
4 51 60.6629 151.487
4 52 60.76 150.717
4 53 60.8516 149.945
4 54 60.9379 149.174
4 55 61.0188 148.402
4 56 61.0945 147.63
4 57 61.1649 146.858
4 58 61.2302 146.087
4 59 61.2904 145.316
4 60 61.3455 144.547
4 61 61.3956 143.779
4 62 61.4407 143.012
4 63 61.4809 142.247
4 64 61.5163 141.484
4 65 61.5468 140.724
4 66 61.5727 139.966
4 67 61.5939 139.211
4 68 61.6104 138.459
4 69 61.6224 137.711
4 70 61.6299 136.966
4 71 61.633 136.225
4 72 61.6318 135.489
4 73 61.6263 134.757
4 74 61.6166 134.03
4 75 61.6028 133.307
4 76 61.5849 132.59
4 77 61.563 131.878
4 78 61.5373 131.172
4 79 61.5077 130.471
4 80 61.4745 129.777
4 81 61.4376 129.089
4 82 61.3971 128.407
4 83 61.3532 127.732
4 84 61.3059 127.064
4 85 61.2553 126.403
4 86 61.2015 125.748
4 87 61.1447 125.101
4 88 61.0848 124.462
4 89 61.022 123.83
4 90 60.9563 123.205
4 91 60.8879 122.588
4 92 60.8169 121.979
4 93 60.7434 121.378
4 94 60.6673 120.785
4 95 60.5889 120.201
4 96 60.5083 119.624
4 97 60.4254 119.055
4 98 60.3405 118.495
4 99 60.2536 117.943
4 100 60.1648 117.4
4 101 60.0741 116.865
4 102 59.9818 116.338
4 103 59.8878 115.82
4 104 59.7922 115.31
4 105 59.6952 114.809
4 106 59.5969 114.316
4 107 59.4972 113.831
4 108 59.3963 113.356
4 109 59.2943 112.888
4 110 59.1913 112.429
5 1 52.4712 -178.211
5 2 52.8169 -178.763
5 3 53.131 -179.296
5 4 53.426 -179.82
5 5 53.7102 179.657
5 6 53.9868 179.133
5 7 54.2575 178.607
5 8 54.5231 178.076
5 9 54.7844 177.541
5 10 55.0417 177.001
5 11 55.2952 176.457
5 12 55.5452 175.906
5 13 55.7916 175.351
5 14 56.0347 174.79
5 15 55.7461 175.033
5 16 56.0037 174.458
5 17 56.2537 173.883
5 18 56.4966 173.307
5 19 56.733 172.73
5 20 56.9633 172.152
5 21 57.1877 171.571
5 22 57.4066 170.99
5 23 57.62 170.406
5 24 57.8281 169.821
5 25 58.0311 169.235
5 26 58.2289 168.647
5 27 58.4218 168.059
5 28 58.6097 167.469
5 29 58.7926 166.879
5 30 58.9706 166.289
5 31 59.1438 165.698
5 32 59.3121 165.107
5 33 59.4756 164.517
5 34 59.6343 163.928
5 35 59.7881 163.34
5 36 59.9372 162.754
5 37 60.0816 162.169
5 38 60.2212 161.587
5 39 60.356 161.007
5 40 60.4862 160.43
5 41 60.6118 159.857
5 42 60.7327 159.287
5 43 60.8489 158.722
5 44 60.9607 158.161
5 45 60.9554 156.756
5 46 61.1093 155.987
5 47 61.2573 155.215
5 48 61.3994 154.44
5 49 61.5359 153.662
5 50 61.6667 152.881
5 51 61.7919 152.099
5 52 61.9116 151.313
5 53 62.0257 150.526
5 54 62.1343 149.737
5 55 62.2375 148.946
5 56 62.3353 148.154
5 57 62.4278 147.361
5 58 62.5149 146.567
5 59 62.5967 145.772
5 60 62.6733 144.977
5 61 62.7447 144.182
5 62 62.8109 143.387
5 63 62.872 142.593
5 64 62.928 141.799
5 65 62.9789 141.007
5 66 63.0249 140.217
5 67 63.0659 139.428
5 68 63.1021 138.641
5 69 63.1334 137.857
5 70 63.1599 137.075
5 71 63.1818 136.297
5 72 63.1989 135.522
5 73 63.2115 134.751
5 74 63.2196 133.983
5 75 63.2233 133.22
5 76 63.2225 132.462
5 77 63.2175 131.708
5 78 63.2083 130.96
5 79 63.1949 130.217
5 80 63.1774 129.479
5 81 63.156 128.748
5 82 63.1307 128.022
5 83 63.1016 127.303
5 84 63.0688 126.591
5 85 63.0324 125.885
5 86 62.9924 125.187
5 87 62.949 124.495
5 88 62.9023 123.812
5 89 62.8524 123.135
5 90 62.7992 122.467
5 91 62.7431 121.806
5 92 62.684 121.153
5 93 62.622 120.509
5 94 62.5573 119.872
5 95 62.49 119.245
5 96 62.42 118.625
5 97 62.3477 118.014
5 98 62.2729 117.412
5 99 62.196 116.819
5 100 62.1168 116.234
5 101 62.0356 115.659
5 102 61.9524 115.092
5 103 61.8673 114.534
5 104 61.7805 113.985
5 105 61.692 113.445
5 106 61.6019 112.914
5 107 61.5103 112.392
5 108 61.4173 111.879
5 109 61.323 111.376
5 110 61.2274 110.881
6 1 52.5421 -178.114
6 2 52.9022 -178.638
6 3 53.2321 -179.144
6 4 53.5434 -179.642
6 5 53.8443 179.862
6 6 54.138 179.364
6 7 54.426 178.862
6 8 54.7092 178.357
6 9 54.9883 177.847
6 10 55.2636 177.333
6 11 55.5354 176.812
6 12 55.8038 176.287
6 13 56.0689 175.755
6 14 56.3308 175.218
6 15 56.0567 175.462
6 16 56.3324 174.911
6 17 56.6007 174.358
6 18 56.8621 173.805
6 19 57.1172 173.249
6 20 57.3664 172.691
6 21 57.6099 172.132
6 22 57.8479 171.57
6 23 58.0806 171.006
6 24 58.3082 170.439
6 25 58.5306 169.871
6 26 58.7481 169.3
6 27 58.9606 168.728
6 28 59.1682 168.155
6 29 59.3709 167.579
6 30 59.5687 167.003
6 31 59.7617 166.426
6 32 59.9498 165.848
6 33 60.1331 165.27
6 34 60.3116 164.691
6 35 60.4852 164.113
6 36 60.654 163.536
6 37 60.818 162.96
6 38 60.9772 162.385
6 39 61.1316 161.811
6 40 61.2812 161.24
6 41 61.426 160.672
6 42 61.566 160.106
6 43 61.7013 159.544
6 44 61.8319 158.985
6 45 61.9192 157.586
6 46 62.0963 156.815
6 47 62.2675 156.04
6 48 62.433 155.26
6 49 62.5927 154.475
6 50 62.7468 153.687
6 51 62.8953 152.894
6 52 63.0382 152.097
6 53 63.1755 151.297
6 54 63.3073 150.493
6 55 63.4336 149.686
6 56 63.5543 148.876
6 57 63.6696 148.064
6 58 63.7794 147.248
6 59 63.8838 146.431
6 60 63.9828 145.611
6 61 64.0765 144.791
6 62 64.1647 143.968
6 63 64.2476 143.145
6 64 64.3253 142.321
6 65 64.3976 141.497
6 66 64.4647 140.673
6 67 64.5267 139.85
6 68 64.5834 139.027
6 69 64.6351 138.206
6 70 64.6817 137.386
6 71 64.7233 136.568
6 72 64.7599 135.752
6 73 64.7916 134.939
6 74 64.8185 134.129
6 75 64.8406 133.322
6 76 64.858 132.519
6 77 64.8707 131.72
6 78 64.8789 130.926
6 79 64.8826 130.136
6 80 64.8818 129.351
6 81 64.8768 128.571
6 82 64.8674 127.798
6 83 64.8539 127.03
6 84 64.8364 126.268
6 85 64.8148 125.513
6 86 64.7894 124.765
6 87 64.7602 124.024
6 88 64.7273 123.29
6 89 64.6907 122.564
6 90 64.6507 121.846
6 91 64.6073 121.135
6 92 64.5606 120.433
6 93 64.5107 119.739
6 94 64.4577 119.053
6 95 64.4017 118.377
6 96 64.3429 117.709
6 97 64.2813 117.05
6 98 64.217 116.4
6 99 64.1502 115.759
6 100 64.0809 115.127
6 101 64.0092 114.505
6 102 63.9353 113.892
6 103 63.8593 113.289
6 104 63.7812 112.695
6 105 63.7012 112.111
6 106 63.6194 111.536
6 107 63.5358 110.971
6 108 63.4506 110.416
6 109 63.3639 109.871
6 110 63.2757 109.335
7 1 52.6076 -178.009
7 2 52.9817 -178.504
7 3 53.3267 -178.982
7 4 53.6535 -179.451
7 5 53.9704 -179.92
7 6 54.2803 179.61
7 7 54.5847 179.136
7 8 54.8846 178.659
7 9 55.1807 178.177
7 10 55.4731 177.689
7 11 55.7623 177.196
7 12 56.0483 176.697
7 13 56.3312 176.193
7 14 56.6111 175.682
7 15 56.3495 175.931
7 16 56.6426 175.405
7 17 56.9284 174.878
7 18 57.2077 174.35
7 19 57.4808 173.819
7 20 57.7482 173.286
7 21 58.01 172.75
7 22 58.2666 172.211
7 23 58.518 171.67
7 24 58.7643 171.125
7 25 59.0057 170.579
7 26 59.2422 170.029
7 27 59.4738 169.477
7 28 59.7006 168.923
7 29 59.9226 168.367
7 30 60.1398 167.809
7 31 60.3521 167.249
7 32 60.5597 166.688
7 33 60.7624 166.126
7 34 60.9603 165.563
7 35 61.1534 164.999
7 36 61.3416 164.435
7 37 61.5249 163.872
7 38 61.7035 163.308
7 39 61.8771 162.746
7 40 62.0459 162.185
7 41 62.2099 161.625
7 42 62.3689 161.068
7 43 62.5232 160.513
7 44 62.6726 159.961
7 45 62.8492 158.589
7 46 63.0498 157.821
7 47 63.2446 157.047
7 48 63.4338 156.267
7 49 63.6173 155.48
7 50 63.7952 154.688
7 51 63.9676 153.89
7 52 64.1343 153.086
7 53 64.2955 152.277
7 54 64.4511 151.463
7 55 64.6011 150.643
7 56 64.7456 149.819
7 57 64.8846 148.99
7 58 65.018 148.156
7 59 65.1459 147.319
7 60 65.2683 146.477
7 61 65.3851 145.633
7 62 65.4964 144.785
7 63 65.6023 143.934
7 64 65.7026 143.081
7 65 65.7974 142.226
7 66 65.8868 141.369
7 67 65.9708 140.51
7 68 66.0493 139.651
7 69 66.1225 138.792
7 70 66.1903 137.932
7 71 66.2528 137.073
7 72 66.31 136.214
7 73 66.362 135.357
7 74 66.4089 134.501
7 75 66.4506 133.648
7 76 66.4872 132.797
7 77 66.5188 131.949
7 78 66.5455 131.104
7 79 66.5674 130.262
7 80 66.5844 129.425
7 81 66.5967 128.593
7 82 66.6043 127.765
7 83 66.6074 126.943
7 84 66.606 126.127
7 85 66.6003 125.316
7 86 66.5902 124.512
7 87 66.576 123.715
7 88 66.5576 122.924
7 89 66.5353 122.141
7 90 66.509 121.366
7 91 66.479 120.599
7 92 66.4453 119.84
7 93 66.408 119.089
7 94 66.3673 118.347
7 95 66.3232 117.613
7 96 66.2758 116.889
7 97 66.2253 116.175
7 98 66.1719 115.469
7 99 66.1155 114.773
7 100 66.0563 114.087
7 101 65.9944 113.411
7 102 65.93 112.745
7 103 65.8631 112.089
7 104 65.7939 111.443
7 105 65.7225 110.808
7 106 65.6489 110.182
7 107 65.5734 109.568
7 108 65.496 108.963
7 109 65.4167 108.369
7 110 65.3358 107.786
8 1 52.6677 -177.897
8 2 53.0552 -178.362
8 3 53.4146 -178.81
8 4 53.7561 -179.249
8 5 54.088 -179.688
8 6 54.4131 179.872
8 7 54.733 179.428
8 8 55.0487 178.98
8 9 55.3607 178.528
8 10 55.6694 178.07
8 11 55.975 177.607
8 12 56.2776 177.138
8 13 56.5774 176.662
8 14 56.8744 176.181
8 15 56.6231 176.437
8 16 56.9328 175.94
8 17 57.2355 175.442
8 18 57.5318 174.941
8 19 57.8221 174.438
8 20 58.1069 173.932
8 21 58.3864 173.424
8 22 58.6607 172.912
8 23 58.93 172.397
8 24 59.1944 171.879
8 25 59.454 171.357
8 26 59.7088 170.833
8 27 59.9588 170.306
8 28 60.2042 169.775
8 29 60.4448 169.243
8 30 60.6806 168.707
8 31 60.9118 168.169
8 32 61.1382 167.629
8 33 61.3598 167.088
8 34 61.5766 166.544
8 35 61.7887 166
8 36 61.9958 165.454
8 37 62.1982 164.908
8 38 62.3957 164.361
8 39 62.5883 163.814
8 40 62.776 163.268
8 41 62.9588 162.723
8 42 63.1366 162.178
8 43 63.3096 161.636
8 44 63.4776 161.095
8 45 63.7397 159.775
8 46 63.964 159.016
8 47 64.1827 158.249
8 48 64.3958 157.474
8 49 64.6034 156.692
8 50 64.8056 155.902
8 51 65.0022 155.104
8 52 65.1933 154.299
8 53 65.3789 153.487
8 54 65.5589 152.667
8 55 65.7335 151.84
8 56 65.9025 151.006
8 57 66.0659 150.165
8 58 66.2238 149.318
8 59 66.376 148.464
8 60 66.5227 147.605
8 61 66.6638 146.739
8 62 66.7992 145.869
8 63 66.929 144.993
8 64 67.0532 144.113
8 65 67.1717 143.229
8 66 67.2845 142.34
8 67 67.3918 141.448
8 68 67.4933 140.553
8 69 67.5893 139.656
8 70 67.6796 138.756
8 71 67.7644 137.854
8 72 67.8436 136.952
8 73 67.9172 136.049
8 74 67.9853 135.145
8 75 68.048 134.242
8 76 68.1052 133.339
8 77 68.1571 132.438
8 78 68.2036 131.538
8 79 68.2448 130.641
8 80 68.2809 129.747
8 81 68.3118 128.855
8 82 68.3376 127.968
8 83 68.3585 127.085
8 84 68.3744 126.206
8 85 68.3855 125.333
8 86 68.3919 124.466
8 87 68.3936 123.604
8 88 68.3908 122.749
8 89 68.3836 121.901
8 90 68.372 121.06
8 91 68.3562 120.227
8 92 68.3363 119.402
8 93 68.3123 118.586
8 94 68.2845 117.778
8 95 68.2529 116.979
8 96 68.2176 116.189
8 97 68.1788 115.409
8 98 68.1365 114.639
8 99 68.091 113.879
8 100 68.0422 113.129
8 101 67.9905 112.389
8 102 67.9358 111.66
8 103 67.8782 110.942
8 104 67.818 110.235
8 105 67.7553 109.539
8 106 67.6901 108.854
8 107 67.6225 108.18
8 108 67.5528 107.517
8 109 67.481 106.866
8 110 67.4073 106.226
9 1 52.7223 -177.778
9 2 53.125 -178.214
9 3 53.4955 -178.628
9 4 53.8507 -179.036
9 5 54.1966 -179.444
9 6 54.536 -179.852
9 7 54.8704 179.736
9 8 55.2008 179.32
9 9 55.5278 178.899
9 10 55.8516 178.474
9 11 56.1726 178.042
9 12 56.4908 177.605
9 13 56.8065 177.163
9 14 57.1195 176.713
9 15 56.8765 176.978
9 16 57.2019 176.513
9 17 57.5205 176.046
9 18 57.8329 175.577
9 19 58.1395 175.105
9 20 58.4408 174.63
9 21 58.737 174.152
9 22 59.0281 173.671
9 23 59.3144 173.186
9 24 59.596 172.698
9 25 59.8729 172.206
9 26 60.1452 171.711
9 27 60.4129 171.212
9 28 60.6759 170.71
9 29 60.9344 170.205
9 30 61.1882 169.696
9 31 61.4374 169.185
9 32 61.6819 168.671
9 33 61.9217 168.155
9 34 62.1568 167.637
9 35 62.3871 167.116
9 36 62.6127 166.594
9 37 62.8335 166.07
9 38 63.0493 165.545
9 39 63.2604 165.02
9 40 63.4665 164.494
9 41 63.6677 163.968
9 42 63.8639 163.442
9 43 64.0552 162.917
9 44 64.2415 162.393
9 45 64.5846 161.152
9 46 64.8325 160.409
9 47 65.0751 159.657
9 48 65.3123 158.895
9 49 65.5442 158.124
9 50 65.7707 157.344
9 51 65.9919 156.554
9 52 66.2077 155.755
9 53 66.4181 154.946
9 54 66.6232 154.128
9 55 66.8227 153.3
9 56 67.0169 152.463
9 57 67.2055 151.617
9 58 67.3885 150.763
9 59 67.566 149.899
9 60 67.7379 149.027
9 61 67.9042 148.147
9 62 68.0648 147.259
9 63 68.2197 146.363
9 64 68.3688 145.46
9 65 68.5122 144.55
9 66 68.6498 143.633
9 67 68.7816 142.71
9 68 68.9076 141.782
9 69 69.0278 140.848
9 70 69.1421 139.909
9 71 69.2506 138.966
9 72 69.3532 138.019
9 73 69.45 137.069
9 74 69.541 136.115
9 75 69.6261 135.16
9 76 69.7055 134.203
9 77 69.7791 133.246
9 78 69.8471 132.287
9 79 69.9093 131.329
9 80 69.9659 130.372
9 81 70.0169 129.416
9 82 70.0624 128.462
9 83 70.1025 127.511
9 84 70.1372 126.563
9 85 70.1666 125.618
9 86 70.1907 124.678
9 87 70.2098 123.743
9 88 70.2237 122.814
9 89 70.2328 121.891
9 90 70.237 120.974
9 91 70.2364 120.064
9 92 70.2313 119.162
9 93 70.2216 118.268
9 94 70.2075 117.382
9 95 70.1892 116.506
9 96 70.1667 115.639
9 97 70.1402 114.781
9 98 70.1098 113.934
9 99 70.0756 113.097
9 100 70.0378 112.27
9 101 69.9965 111.455
9 102 69.9519 110.651
9 103 69.904 109.859
9 104 69.853 109.078
9 105 69.799 108.309
9 106 69.7422 107.552
9 107 69.6828 106.808
9 108 69.6207 106.075
9 109 69.5563 105.356
9 110 69.4896 104.648
10 1 52.7711 -177.654
10 2 53.1861 -178.057
10 3 53.569 -178.438
10 4 53.937 -178.813
10 5 54.2959 -179.187
10 6 54.6485 -179.563
10 7 54.9963 -179.941
10 8 55.3404 179.677
10 9 55.6811 179.29
10 10 56.019 178.899
10 11 56.3542 178.502
10 12 56.687 178.1
10 13 57.0173 177.692
10 14 57.3453 177.277
10 15 57.1085 177.554
10 16 57.4486 177.123
10 17 57.782 176.69
10 18 58.1095 176.256
10 19 58.4315 175.818
10 20 58.7482 175.377
10 21 59.06 174.933
10 22 59.367 174.486
10 23 59.6693 174.035
10 24 59.967 173.58
10 25 60.2602 173.122
10 26 60.549 172.66
10 27 60.8332 172.194
10 28 61.113 171.725
10 29 61.3884 171.252
10 30 61.6592 170.776
10 31 61.9255 170.296
10 32 62.1873 169.813
10 33 62.4444 169.327
10 34 62.6969 168.839
10 35 62.9448 168.348
10 36 63.1879 167.855
10 37 63.4263 167.359
10 38 63.6599 166.862
10 39 63.8886 166.364
10 40 64.1125 165.864
10 41 64.3314 165.363
10 42 64.5454 164.862
10 43 64.7545 164.361
10 44 64.9585 163.86
10 45 65.3771 162.728
10 46 65.6484 162.01
10 47 65.9146 161.281
10 48 66.1758 160.542
10 49 66.4318 159.791
10 50 66.6827 159.029
10 51 66.9285 158.256
10 52 67.1692 157.472
10 53 67.4047 156.676
10 54 67.6349 155.869
10 55 67.8599 155.05
10 56 68.0796 154.219
10 57 68.2939 153.377
10 58 68.5028 152.524
10 59 68.7063 151.659
10 60 68.9042 150.783
10 61 69.0965 149.896
10 62 69.2833 148.998
10 63 69.4643 148.089
10 64 69.6396 147.17
10 65 69.8091 146.241
10 66 69.9727 145.302
10 67 70.1305 144.353
10 68 70.2823 143.396
10 69 70.4282 142.429
10 70 70.5681 141.455
10 71 70.7019 140.473
10 72 70.8297 139.483
10 73 70.9514 138.487
10 74 71.0669 137.485
10 75 71.1764 136.477
10 76 71.2798 135.464
10 77 71.377 134.447
10 78 71.4682 133.427
10 79 71.5533 132.404
10 80 71.6323 131.379
10 81 71.7053 130.352
10 82 71.7723 129.324
10 83 71.8334 128.297
10 84 71.8886 127.271
10 85 71.938 126.246
10 86 71.9816 125.223
10 87 72.0196 124.204
10 88 72.052 123.188
10 89 72.0788 122.177
10 90 72.1002 121.171
10 91 72.1164 120.171
10 92 72.1273 119.178
10 93 72.1331 118.192
10 94 72.134 117.213
10 95 72.13 116.244
10 96 72.1213 115.283
10 97 72.108 114.332
10 98 72.0902 113.391
10 99 72.0681 112.461
10 100 72.0419 111.542
10 101 72.0116 110.634
10 102 71.9775 109.739
10 103 71.9396 108.855
10 104 71.8981 107.985
10 105 71.8531 107.127
10 106 71.8049 106.282
10 107 71.7536 105.451
10 108 71.6992 104.633
10 109 71.642 103.829
10 110 71.5822 103.039
11 1 52.8142 -177.524
11 2 53.2407 -177.893
11 3 53.6351 -178.24
11 4 54.0148 -178.581
11 5 54.3855 -178.921
11 6 54.7502 -179.261
11 7 55.1103 -179.604
11 8 55.4667 -179.95
11 9 55.8202 179.699
11 10 56.1709 179.344
11 11 56.5192 178.984
11 12 56.8651 178.618
11 13 57.2089 178.247
11 14 57.5506 177.871
11 15 57.318 178.161
11 16 57.6717 177.767
11 17 58.0189 177.372
11 18 58.3604 176.974
11 19 58.6964 176.573
11 20 59.0275 176.17
11 21 59.3537 175.764
11 22 59.6753 175.354
11 23 59.9925 174.94
11 24 60.3052 174.523
11 25 60.6135 174.102
11 26 60.9176 173.678
11 27 61.2173 173.249
11 28 61.5127 172.817
11 29 61.8038 172.381
11 30 62.0905 171.942
11 31 62.3729 171.498
11 32 62.6508 171.052
11 33 62.9242 170.602
11 34 63.1931 170.149
11 35 63.4574 169.693
11 36 63.7171 169.235
11 37 63.9722 168.774
11 38 64.2225 168.31
11 39 64.468 167.845
11 40 64.7087 167.378
11 41 64.9446 166.909
11 42 65.1755 166.439
11 43 65.4015 165.969
11 44 65.6225 165.498
11 45 66.11 164.507
11 46 66.4041 163.824
11 47 66.6935 163.129
11 48 66.978 162.422
11 49 67.2578 161.703
11 50 67.5328 160.97
11 51 67.803 160.225
11 52 68.0683 159.467
11 53 68.3288 158.696
11 54 68.5843 157.911
11 55 68.8347 157.113
11 56 69.0802 156.3
11 57 69.3205 155.474
11 58 69.5556 154.634
11 59 69.7855 153.78
11 60 70.01 152.911
11 61 70.2291 152.029
11 62 70.4428 151.132
11 63 70.6508 150.222
11 64 70.8533 149.297
11 65 71.05 148.359
11 66 71.241 147.408
11 67 71.426 146.443
11 68 71.6052 145.465
11 69 71.7783 144.474
11 70 71.9454 143.471
11 71 72.1063 142.456
11 72 72.261 141.429
11 73 72.4095 140.391
11 74 72.5517 139.343
11 75 72.6875 138.285
11 76 72.817 137.218
11 77 72.94 136.142
11 78 73.0566 135.059
11 79 73.1668 133.968
11 80 73.2705 132.871
11 81 73.3677 131.768
11 82 73.4585 130.661
11 83 73.5429 129.55
11 84 73.6209 128.436
11 85 73.6925 127.32
11 86 73.7577 126.204
11 87 73.8167 125.087
11 88 73.8695 123.971
11 89 73.9162 122.857
11 90 73.9568 121.746
11 91 73.9914 120.639
11 92 74.0202 119.536
11 93 74.0432 118.439
11 94 74.0605 117.349
11 95 74.0723 116.266
11 96 74.0787 115.191
11 97 74.0799 114.125
11 98 74.0759 113.069
11 99 74.0669 112.023
11 100 74.0531 110.989
11 101 74.0346 109.966
11 102 74.0116 108.956
11 103 73.9842 107.959
11 104 73.9527 106.975
11 105 73.9171 106.006
11 106 73.8776 105.051
11 107 73.8345 104.11
11 108 73.7878 103.185
11 109 73.7378 102.276
11 110 73.6846 101.382
12 1 52.8514 -177.388
12 2 53.2885 -177.723
12 3 53.6934 -178.035
12 4 54.0837 -178.341
12 5 54.4651 -178.644
12 6 54.8406 -178.948
12 7 55.2118 -179.254
12 8 55.5794 -179.563
12 9 55.9442 -179.876
12 10 56.3065 179.808
12 11 56.6666 179.486
12 12 57.0245 179.16
12 13 57.3805 178.828
12 14 57.7345 178.491
12 15 57.504 178.798
12 16 57.87 178.443
12 17 58.2298 178.087
12 18 58.584 177.729
12 19 58.9329 177.369
12 20 59.277 177.006
12 21 59.6164 176.64
12 22 59.9514 176.271
12 23 60.282 175.899
12 24 60.6084 175.523
12 25 60.9306 175.143
12 26 61.2486 174.76
12 27 61.5625 174.373
12 28 61.8722 173.982
12 29 62.1778 173.588
12 30 62.4791 173.19
12 31 62.7762 172.789
12 32 63.0689 172.384
12 33 63.3574 171.975
12 34 63.6414 171.563
12 35 63.921 171.149
12 36 64.1961 170.731
12 37 64.4665 170.31
12 38 64.7324 169.887
12 39 64.9936 169.461
12 40 65.25 169.033
12 41 65.5017 168.604
12 42 65.7485 168.172
12 43 65.9904 167.74
12 44 66.2273 167.306
12 45 66.7757 166.492
12 46 67.0917 165.855
12 47 67.4032 165.205
12 48 67.7104 164.542
12 49 68.0131 163.866
12 50 68.3115 163.176
12 51 68.6053 162.472
12 52 68.8948 161.754
12 53 69.1796 161.021
12 54 69.4599 160.273
12 55 69.7356 159.51
12 56 70.0066 158.73
12 57 70.2727 157.935
12 58 70.5341 157.123
12 59 70.7904 156.295
12 60 71.0418 155.45
12 61 71.2881 154.588
12 62 71.5291 153.709
12 63 71.7649 152.813
12 64 71.9952 151.899
12 65 72.2201 150.967
12 66 72.4393 150.018
12 67 72.6529 149.052
12 68 72.8607 148.068
12 69 73.0625 147.066
12 70 73.2584 146.047
12 71 73.4481 145.012
12 72 73.6317 143.959
12 73 73.809 142.891
12 74 73.9799 141.806
12 75 74.1443 140.705
12 76 74.3022 139.59
12 77 74.4535 138.46
12 78 74.5981 137.316
12 79 74.736 136.16
12 80 74.867 134.991
12 81 74.9913 133.81
12 82 75.1086 132.619
12 83 75.2191 131.419
12 84 75.3226 130.21
12 85 75.4193 128.993
12 86 75.509 127.771
12 87 75.5918 126.543
12 88 75.6678 125.311
12 89 75.7369 124.077
12 90 75.7992 122.841
12 91 75.8549 121.605
12 92 75.9039 120.37
12 93 75.9463 119.138
12 94 75.9823 117.909
12 95 76.012 116.686
12 96 76.0354 115.468
12 97 76.0528 114.257
12 98 76.0641 113.056
12 99 76.0697 111.863
12 100 76.0696 110.682
12 101 76.064 109.512
12 102 76.0531 108.355
12 103 76.0371 107.211
12 104 76.016 106.082
12 105 75.9902 104.968
12 106 75.9598 103.87
12 107 75.925 102.788
12 108 75.886 101.724
12 109 75.843 100.677
12 110 75.7961 99.6482
13 1 52.8825 -177.248
13 2 53.3294 -177.547
13 3 53.7437 -177.824
13 4 54.1434 -178.092
13 5 54.5344 -178.358
13 6 54.9195 -178.624
13 7 55.3004 -178.892
13 8 55.678 -179.162
13 9 56.0528 -179.436
13 10 56.4254 -179.713
13 11 56.7958 -179.994
13 12 57.1643 179.721
13 13 57.531 179.431
13 14 57.896 179.136
13 15 57.6655 179.461
13 16 58.0426 179.147
13 17 58.4136 178.833
13 18 58.7791 178.518
13 19 59.1395 178.2
13 20 59.4952 177.881
13 21 59.8464 177.559
13 22 60.1933 177.234
13 23 60.536 176.906
13 24 60.8747 176.574
13 25 61.2093 176.24
13 26 61.5398 175.902
13 27 61.8664 175.561
13 28 62.189 175.216
13 29 62.5075 174.868
13 30 62.8219 174.516
13 31 63.1323 174.161
13 32 63.4385 173.802
13 33 63.7404 173.44
13 34 64.0381 173.075
13 35 64.3315 172.707
13 36 64.6205 172.336
13 37 64.905 171.962
13 38 65.185 171.585
13 39 65.4604 171.206
13 40 65.7312 170.825
13 41 65.9973 170.441
13 42 66.2585 170.056
13 43 66.515 169.669
13 44 66.7665 169.28
13 45 67.3664 168.678
13 46 67.7028 168.098
13 47 68.0352 167.506
13 48 68.3636 166.9
13 49 68.688 166.281
13 50 69.0085 165.648
13 51 69.3249 165.001
13 52 69.6373 164.338
13 53 69.9456 163.66
13 54 70.2498 162.965
13 55 70.5497 162.255
13 56 70.8454 161.527
13 57 71.1368 160.781
13 58 71.4238 160.018
13 59 71.7063 159.235
13 60 71.9841 158.434
13 61 72.2573 157.614
13 62 72.5258 156.773
13 63 72.7893 155.913
13 64 73.0478 155.031
13 65 73.3012 154.129
13 66 73.5494 153.205
13 67 73.7922 152.259
13 68 74.0295 151.291
13 69 74.2612 150.301
13 70 74.4872 149.288
13 71 74.7073 148.253
13 72 74.9214 147.195
13 73 75.1294 146.114
13 74 75.3311 145.011
13 75 75.5264 143.885
13 76 75.7153 142.737
13 77 75.8974 141.568
13 78 76.0728 140.376
13 79 76.2414 139.163
13 80 76.4029 137.93
13 81 76.5574 136.677
13 82 76.7047 135.406
13 83 76.8447 134.116
13 84 76.9774 132.808
13 85 77.1027 131.485
13 86 77.2205 130.148
13 87 77.3308 128.797
13 88 77.4335 127.434
13 89 77.5288 126.06
13 90 77.6164 124.677
13 91 77.6966 123.288
13 92 77.7692 121.892
13 93 77.8343 120.493
13 94 77.8921 119.092
13 95 77.9426 117.691
13 96 77.9858 116.291
13 97 78.0219 114.895
13 98 78.051 113.503
13 99 78.0732 112.119
13 100 78.0887 110.744
13 101 78.0977 109.379
13 102 78.1003 108.026
13 103 78.0968 106.686
13 104 78.0872 105.361
13 105 78.0719 104.053
13 106 78.051 102.762
13 107 78.0247 101.489
13 108 77.9934 100.236
13 109 77.9572 99.0039
13 110 77.9163 97.7929
14 1 52.9072 -177.103
14 2 53.3631 -177.367
14 3 53.7858 -177.607
14 4 54.1937 -177.837
14 5 54.5929 -178.065
14 6 54.9864 -178.292
14 7 55.3758 -178.52
14 8 55.7619 -178.75
14 9 56.1455 -178.983
14 10 56.5268 -179.218
14 11 56.9062 -179.457
14 12 57.2839 -179.7
14 13 57.6599 -179.946
14 14 58.0344 179.803
14 15 57.8015 -179.853
14 16 58.1883 179.877
14 17 58.5691 179.607
14 18 58.9446 179.336
14 19 59.315 179.064
14 20 59.6808 178.791
14 21 60.0423 178.515
14 22 60.3996 178.237
14 23 60.7529 177.956
14 24 61.1022 177.673
14 25 61.4476 177.387
14 26 61.7891 177.098
14 27 62.1267 176.806
14 28 62.4605 176.511
14 29 62.7903 176.213
14 30 63.1163 175.912
14 31 63.4382 175.608
14 32 63.7562 175.3
14 33 64.07 174.99
14 34 64.3797 174.677
14 35 64.6852 174.361
14 36 64.9864 174.043
14 37 65.2833 173.721
14 38 65.5758 173.397
14 39 65.8637 173.071
14 40 66.1472 172.743
14 41 66.426 172.412
14 42 66.7001 172.08
14 43 66.9695 171.746
14 44 67.234 171.411
14 45 67.8742 171.055
14 46 68.2291 170.546
14 47 68.5805 170.024
14 48 68.9284 169.49
14 49 69.2726 168.942
14 50 69.6134 168.381
14 51 69.9506 167.806
14 52 70.2842 167.216
14 53 70.6143 166.611
14 54 70.9407 165.989
14 55 71.2634 165.351
14 56 71.5824 164.696
14 57 71.8976 164.022
14 58 72.2089 163.33
14 59 72.5162 162.618
14 60 72.8195 161.886
14 61 73.1187 161.133
14 62 73.4136 160.359
14 63 73.7042 159.562
14 64 73.9904 158.742
14 65 74.2719 157.899
14 66 74.5488 157.031
14 67 74.8209 156.137
14 68 75.088 155.218
14 69 75.35 154.272
14 70 75.6068 153.299
14 71 75.8582 152.298
14 72 76.104 151.268
14 73 76.3441 150.209
14 74 76.5783 149.121
14 75 76.8065 148.002
14 76 77.0285 146.853
14 77 77.244 145.673
14 78 77.4531 144.462
14 79 77.6554 143.22
14 80 77.8507 141.946
14 81 78.0391 140.642
14 82 78.2201 139.307
14 83 78.3938 137.942
14 84 78.5599 136.547
14 85 78.7183 135.123
14 86 78.8688 133.672
14 87 79.0113 132.193
14 88 79.1458 130.689
14 89 79.272 129.162
14 90 79.3899 127.612
14 91 79.4995 126.042
14 92 79.6006 124.454
14 93 79.6932 122.85
14 94 79.7773 121.233
14 95 79.853 119.605
14 96 79.9202 117.969
14 97 79.979 116.327
14 98 80.0295 114.682
14 99 80.0718 113.038
14 100 80.106 111.397
14 101 80.1322 109.762
14 102 80.1507 108.136
14 103 80.1615 106.52
14 104 80.165 104.919
14 105 80.1613 103.335
14 106 80.1506 101.769
14 107 80.1333 100.223
14 108 80.1096 98.7011
14 109 80.0798 97.2035
14 110 80.0441 95.732
15 1 52.9255 -176.955
15 2 53.3895 -177.182
15 3 53.8194 -177.384
15 4 54.2344 -177.577
15 5 54.6406 -177.765
15 6 55.0411 -177.952
15 7 55.4375 -178.14
15 8 55.8308 -178.328
15 9 56.2217 -178.519
15 10 56.6104 -178.712
15 11 56.9974 -178.907
15 12 57.3826 -179.105
15 13 57.7664 -179.307
15 14 58.1488 -179.512
15 15 57.9112 -179.146
15 16 58.3063 -179.371
15 17 58.6955 -179.595
15 18 59.0793 -179.819
15 19 59.4582 179.956
15 20 59.8326 179.73
15 21 60.2028 179.503
15 22 60.5688 179.275
15 23 60.931 179.044
15 24 61.2892 178.812
15 25 61.6437 178.577
15 26 61.9944 178.34
15 27 62.3414 178.101
15 28 62.6846 177.859
15 29 63.024 177.615
15 30 63.3596 177.369
15 31 63.6913 177.12
15 32 64.0191 176.869
15 33 64.343 176.615
15 34 64.6628 176.358
15 35 64.9785 176.1
15 36 65.2901 175.839
15 37 65.5974 175.576
15 38 65.9004 175.311
15 39 66.1991 175.043
15 40 66.4932 174.774
15 41 66.7829 174.504
15 42 67.0679 174.232
15 43 67.3482 173.958
15 44 67.6238 173.683
15 45 68.2914 173.607
15 46 68.6626 173.18
15 47 69.0306 172.741
15 48 69.3954 172.292
15 49 69.7571 171.831
15 50 70.1158 171.358
15 51 70.4713 170.873
15 52 70.8238 170.373
15 53 71.1732 169.86
15 54 71.5194 169.331
15 55 71.8625 168.787
15 56 72.2024 168.227
15 57 72.539 167.65
15 58 72.8724 167.054
15 59 73.2024 166.44
15 60 73.529 165.807
15 61 73.8521 165.152
15 62 74.1716 164.477
15 63 74.4874 163.779
15 64 74.7995 163.057
15 65 75.1076 162.311
15 66 75.4118 161.539
15 67 75.7119 160.74
15 68 76.0078 159.914
15 69 76.2993 159.058
15 70 76.5862 158.172
15 71 76.8686 157.255
15 72 77.146 156.304
15 73 77.4185 155.32
15 74 77.6859 154.3
15 75 77.9478 153.243
15 76 78.2043 152.148
15 77 78.455 151.014
15 78 78.6997 149.838
15 79 78.9383 148.621
15 80 79.1705 147.361
15 81 79.396 146.057
15 82 79.6147 144.708
15 83 79.8263 143.314
15 84 80.0306 141.872
15 85 80.2272 140.384
15 86 80.416 138.849
15 87 80.5967 137.266
15 88 80.769 135.637
15 89 80.9327 133.962
15 90 81.0877 132.242
15 91 81.2336 130.479
15 92 81.3702 128.673
15 93 81.4974 126.829
15 94 81.615 124.947
15 95 81.7228 123.032
15 96 81.8208 121.087
15 97 81.9088 119.116
15 98 81.9868 117.122
15 99 82.0549 115.112
15 100 82.1129 113.089
15 101 82.1611 111.059
15 102 82.1994 109.027
15 103 82.2281 106.998
15 104 82.2473 104.977
15 105 82.2572 102.97
15 106 82.2582 100.98
15 107 82.2505 99.0136
15 108 82.2344 97.074
15 109 82.2103 95.1654
15 110 82.1785 93.2912
16 1 52.937 -176.803
16 2 53.4083 -176.994
16 3 53.8444 -177.158
16 4 54.2652 -177.311
16 5 54.6771 -177.46
16 6 55.0833 -177.606
16 7 55.4854 -177.752
16 8 55.8845 -177.898
16 9 56.2811 -178.046
16 10 56.6757 -178.195
16 11 57.0687 -178.345
16 12 57.46 -178.498
16 13 57.85 -178.654
16 14 58.2387 -178.811
16 15 57.9938 -178.422
16 16 58.3958 -178.601
16 17 58.7917 -178.777
16 18 59.1824 -178.953
16 19 59.5682 -179.129
16 20 59.9495 -179.305
16 21 60.3266 -179.481
16 22 60.6997 -179.658
16 23 61.0689 -179.836
16 24 61.4344 179.985
16 25 61.7961 179.804
16 26 62.1542 179.622
16 27 62.5086 179.438
16 28 62.8593 179.253
16 29 63.2063 179.066
16 30 63.5496 178.878
16 31 63.8892 178.687
16 32 64.2249 178.495
16 33 64.5567 178.302
16 34 64.8846 178.107
16 35 65.2085 177.91
16 36 65.5283 177.711
16 37 65.8439 177.511
16 38 66.1553 177.31
16 39 66.4624 177.107
16 40 66.7651 176.903
16 41 67.0634 176.698
16 42 67.3571 176.492
16 43 67.6462 176.286
16 44 67.9306 176.078
16 45 68.611 176.309
16 46 68.9955 175.975
16 47 69.3772 175.632
16 48 69.7561 175.281
16 49 70.1323 174.92
16 50 70.5057 174.55
16 51 70.8765 174.169
16 52 71.2446 173.778
16 53 71.6101 173.375
16 54 71.9729 172.959
16 55 72.3331 172.531
16 56 72.6906 172.089
16 57 73.0454 171.633
16 58 73.3974 171.161
16 59 73.7467 170.674
16 60 74.0932 170.169
16 61 74.4368 169.647
16 62 74.7775 169.105
16 63 75.1153 168.544
16 64 75.45 167.962
16 65 75.7816 167.357
16 66 76.1099 166.728
16 67 76.435 166.075
16 68 76.7567 165.396
16 69 77.0749 164.688
16 70 77.3895 163.951
16 71 77.7004 163.183
16 72 78.0073 162.382
16 73 78.3103 161.546
16 74 78.6092 160.672
16 75 78.9037 159.76
16 76 79.1937 158.806
16 77 79.4791 157.808
16 78 79.7595 156.764
16 79 80.0349 155.671
16 80 80.305 154.526
16 81 80.5695 153.326
16 82 80.8281 152.069
16 83 81.0807 150.751
16 84 81.3269 149.369
16 85 81.5663 147.92
16 86 81.7987 146.401
16 87 82.0237 144.809
16 88 82.2409 143.142
16 89 82.4499 141.396
16 90 82.6503 139.57
16 91 82.8418 137.661
16 92 83.0238 135.669
16 93 83.196 133.592
16 94 83.3578 131.431
16 95 83.509 129.188
16 96 83.649 126.865
16 97 83.7774 124.464
16 98 83.8939 121.992
16 99 83.9982 119.454
16 100 84.0901 116.857
16 101 84.1692 114.212
16 102 84.2355 111.527
16 103 84.2889 108.814
16 104 84.3295 106.084
16 105 84.3574 103.351
16 106 84.3728 100.625
16 107 84.376 97.9194
16 108 84.3674 95.2455
16 109 84.3475 92.614
16 110 84.3167 90.0347
17 1 52.9415 -176.648
17 2 53.4194 -176.803
17 3 53.8606 -176.928
17 4 54.2859 -177.042
17 5 54.7022 -177.15
17 6 55.1127 -177.255
17 7 55.5191 -177.359
17 8 55.9225 -177.462
17 9 56.3234 -177.566
17 10 56.7225 -177.67
17 11 57.1198 -177.775
17 12 57.5157 -177.882
17 13 57.9102 -177.99
17 14 58.3035 -178.099
17 15 58.0486 -177.685
17 16 58.4559 -177.816
17 17 58.8571 -177.944
17 18 59.2529 -178.07
17 19 59.6439 -178.196
17 20 60.0304 -178.32
17 21 60.4128 -178.444
17 22 60.7911 -178.568
17 23 61.1656 -178.692
17 24 61.5364 -178.816
17 25 61.9035 -178.941
17 26 62.267 -179.066
17 27 62.6268 -179.192
17 28 62.9831 -179.318
17 29 63.3357 -179.445
17 30 63.6846 -179.573
17 31 64.0298 -179.702
17 32 64.3712 -179.831
17 33 64.7089 -179.962
17 34 65.0426 179.907
17 35 65.3724 179.776
17 36 65.6981 179.644
17 37 66.0198 179.511
17 38 66.3373 179.377
17 39 66.6505 179.243
17 40 66.9593 179.109
17 41 67.2638 178.975
17 42 67.5637 178.84
17 43 67.859 178.706
17 44 68.1497 178.571
17 45 68.8269 179.13
17 46 69.2215 178.898
17 47 69.6135 178.66
17 48 70.003 178.417
17 49 70.39 178.169
17 50 70.7745 177.914
17 51 71.1568 177.652
17 52 71.5367 177.383
17 53 71.9143 177.106
17 54 72.2896 176.822
17 55 72.6626 176.528
17 56 73.0334 176.225
17 57 73.402 175.912
17 58 73.7682 175.588
17 59 74.1322 175.254
17 60 74.4939 174.907
17 61 74.8533 174.548
17 62 75.2103 174.175
17 63 75.565 173.788
17 64 75.9173 173.385
17 65 76.2671 172.966
17 66 76.6145 172.53
17 67 76.9593 172.075
17 68 77.3015 171.599
17 69 77.6411 171.103
17 70 77.9779 170.584
17 71 78.312 170.04
17 72 78.6432 169.469
17 73 78.9714 168.871
17 74 79.2966 168.242
17 75 79.6187 167.58
17 76 79.9375 166.883
17 77 80.253 166.147
17 78 80.5649 165.37
17 79 80.8732 164.548
17 80 81.1777 163.678
17 81 81.4782 162.755
17 82 81.7746 161.774
17 83 82.0666 160.731
17 84 82.3539 159.62
17 85 82.6364 158.434
17 86 82.9138 157.168
17 87 83.1856 155.813
17 88 83.4516 154.362
17 89 83.7114 152.804
17 90 83.9644 151.132
17 91 84.2102 149.333
17 92 84.4483 147.398
17 93 84.6779 145.314
17 94 84.8984 143.07
17 95 85.109 140.652
17 96 85.3089 138.051
17 97 85.497 135.254
17 98 85.6723 132.254
17 99 85.8339 129.045
17 100 85.9806 125.626
17 101 86.1113 122.002
17 102 86.2249 118.184
17 103 86.3204 114.192
17 104 86.3971 110.054
17 105 86.4543 105.805
17 106 86.4919 101.489
17 107 86.5096 97.151
17 108 86.5081 92.8404
17 109 86.4878 88.6032
17 110 86.4497 84.4811
18 1 52.9385 -176.49
18 2 53.4226 -176.608
18 3 53.8678 -176.695
18 4 54.2965 -176.77
18 5 54.7158 -176.837
18 6 55.1292 -176.9
18 7 55.5385 -176.962
18 8 55.9446 -177.022
18 9 56.3484 -177.081
18 10 56.7503 -177.14
18 11 57.1505 -177.199
18 12 57.5492 -177.258
18 13 57.9467 -177.318
18 14 58.343 -177.379
18 15 58.075 -176.938
18 16 58.486 -177.021
18 17 58.8909 -177.099
18 18 59.2903 -177.176
18 19 59.6848 -177.249
18 20 60.0748 -177.322
18 21 60.4605 -177.392
18 22 60.8423 -177.462
18 23 61.2201 -177.531
18 24 61.5943 -177.599
18 25 61.9648 -177.666
18 26 62.3317 -177.733
18 27 62.6949 -177.799
18 28 63.0546 -177.865
18 29 63.4106 -177.931
18 30 63.763 -177.996
18 31 64.1116 -178.061
18 32 64.4565 -178.126
18 33 64.7977 -178.191
18 34 65.1349 -178.255
18 35 65.4682 -178.319
18 36 65.7975 -178.382
18 37 66.1227 -178.445
18 38 66.4437 -178.508
18 39 66.7605 -178.57
18 40 67.073 -178.631
18 41 67.381 -178.692
18 42 67.6845 -178.751
18 43 67.9834 -178.81
18 44 68.2776 -178.868
18 45 68.934 -177.97
18 46 69.3351 -178.093
18 47 69.7337 -178.218
18 48 70.1298 -178.345
18 49 70.5237 -178.474
18 50 70.9152 -178.604
18 51 71.3046 -178.737
18 52 71.6918 -178.873
18 53 72.0769 -179.012
18 54 72.46 -179.154
18 55 72.841 -179.299
18 56 73.22 -179.448
18 57 73.5969 -179.601
18 58 73.9719 -179.758
18 59 74.3449 -179.92
18 60 74.7159 179.914
18 61 75.085 179.742
18 62 75.452 179.564
18 63 75.8171 179.38
18 64 76.1802 179.19
18 65 76.5413 178.992
18 66 76.9003 178.787
18 67 77.2573 178.574
18 68 77.6123 178.352
18 69 77.9651 178.12
18 70 78.3159 177.878
18 71 78.6645 177.625
18 72 79.011 177.361
18 73 79.3553 177.083
18 74 79.6973 176.791
18 75 80.0371 176.483
18 76 80.3746 176.159
18 77 80.7098 175.816
18 78 81.0426 175.453
18 79 81.373 175.067
18 80 81.7009 174.658
18 81 82.0262 174.22
18 82 82.349 173.753
18 83 82.6691 173.252
18 84 82.9865 172.713
18 85 83.3011 172.131
18 86 83.6127 171.502
18 87 83.9214 170.818
18 88 84.2269 170.072
18 89 84.5292 169.255
18 90 84.828 168.356
18 91 85.1232 167.361
18 92 85.4146 166.254
18 93 85.7019 165.015
18 94 85.9847 163.62
18 95 86.2626 162.037
18 96 86.5351 160.228
18 97 86.8014 158.141
18 98 87.0607 155.714
18 99 87.3118 152.864
18 100 87.5529 149.483
18 101 87.782 145.438
18 102 87.996 140.557
18 103 88.1907 134.645
18 104 88.3607 127.499
18 105 88.499 118.978
18 106 88.5978 109.119
18 107 88.6503 98.2667
18 108 88.6525 87.0948
18 109 88.6059 76.3996
18 110 88.5166 66.7954
19 1 52.9277 -176.329
19 2 53.4175 -176.412
19 3 53.8657 -176.461
19 4 54.2966 -176.495
19 5 54.7177 -176.522
19 6 55.1326 -176.544
19 7 55.5433 -176.562
19 8 55.9508 -176.578
19 9 56.3559 -176.593
19 10 56.759 -176.607
19 11 57.1605 -176.619
19 12 57.5605 -176.631
19 13 57.9592 -176.643
19 14 58.3567 -176.654
19 15 58.0723 -176.185
19 16 58.4856 -176.219
19 17 58.8925 -176.248
19 18 59.2939 -176.274
19 19 59.6901 -176.296
19 20 60.0818 -176.315
19 21 60.4691 -176.332
19 22 60.8524 -176.347
19 23 61.2318 -176.36
19 24 61.6074 -176.371
19 25 61.9792 -176.38
19 26 62.3474 -176.388
19 27 62.712 -176.394
19 28 63.0729 -176.399
19 29 63.4302 -176.402
19 30 63.7837 -176.404
19 31 64.1336 -176.404
19 32 64.4797 -176.404
19 33 64.8219 -176.401
19 34 65.1602 -176.398
19 35 65.4946 -176.393
19 36 65.8249 -176.386
19 37 66.1511 -176.378
19 38 66.4731 -176.368
19 39 66.7908 -176.356
19 40 67.1041 -176.343
19 41 67.413 -176.328
19 42 67.7173 -176.311
19 43 68.0169 -176.292
19 44 68.3118 -176.271
19 45 68.929 -175.032
19 46 69.3327 -175.044
19 47 69.7339 -175.053
19 48 70.1326 -175.06
19 49 70.529 -175.065
19 50 70.9231 -175.068
19 51 71.3149 -175.068
19 52 71.7047 -175.065
19 53 72.0923 -175.061
19 54 72.4779 -175.053
19 55 72.8614 -175.043
19 56 73.2429 -175.031
19 57 73.6224 -175.016
19 58 74 -174.998
19 59 74.3756 -174.977
19 60 74.7493 -174.953
19 61 75.121 -174.926
19 62 75.4908 -174.896
19 63 75.8586 -174.862
19 64 76.2245 -174.824
19 65 76.5885 -174.782
19 66 76.9505 -174.735
19 67 77.3105 -174.684
19 68 77.6685 -174.629
19 69 78.0245 -174.567
19 70 78.3785 -174.5
19 71 78.7305 -174.427
19 72 79.0804 -174.346
19 73 79.4282 -174.259
19 74 79.7739 -174.163
19 75 80.1175 -174.058
19 76 80.459 -173.944
19 77 80.7982 -173.818
19 78 81.1353 -173.681
19 79 81.4701 -173.531
19 80 81.8026 -173.365
19 81 82.1328 -173.184
19 82 82.4607 -172.984
19 83 82.7862 -172.763
19 84 83.1092 -172.519
19 85 83.4298 -172.249
19 86 83.7478 -171.948
19 87 84.0633 -171.612
19 88 84.3761 -171.236
19 89 84.6862 -170.813
19 90 84.9935 -170.335
19 91 85.2979 -169.792
19 92 85.5992 -169.172
19 93 85.8974 -168.459
19 94 86.1923 -167.633
19 95 86.4837 -166.667
19 96 86.7712 -165.527
19 97 87.0546 -164.166
19 98 87.3332 -162.52
19 99 87.6064 -160.498
19 100 87.8731 -157.968
19 101 88.1318 -154.736
19 102 88.38 -150.511
19 103 88.6136 -144.844
19 104 88.8258 -137.062
19 105 89.005 -126.267
19 106 89.1334 -111.691
19 107 89.1891 -93.8777
19 108 89.1604 -75.6728
19 109 89.0571 -60.2742
19 110 88.9023 -48.7097
20 1 52.9084 -176.165
20 2 53.404 -176.214
20 3 53.8542 -176.225
20 4 54.2861 -176.22
20 5 54.7077 -176.206
20 6 55.1228 -176.186
20 7 55.5334 -176.162
20 8 55.9409 -176.134
20 9 56.3457 -176.104
20 10 56.7486 -176.072
20 11 57.1497 -176.039
20 12 57.5493 -176.003
20 13 57.9476 -175.966
20 14 58.3446 -175.928
20 15 58.0401 -175.429
20 16 58.4542 -175.415
20 17 58.8616 -175.395
20 18 59.2632 -175.37
20 19 59.6595 -175.34
20 20 60.0511 -175.307
20 21 60.4382 -175.27
20 22 60.8212 -175.23
20 23 61.2001 -175.187
20 24 61.5751 -175.141
20 25 61.9463 -175.092
20 26 62.3138 -175.041
20 27 62.6775 -174.987
20 28 63.0375 -174.93
20 29 63.3938 -174.871
20 30 63.7463 -174.81
20 31 64.0951 -174.746
20 32 64.4399 -174.679
20 33 64.7809 -174.61
20 34 65.1179 -174.538
20 35 65.4508 -174.464
20 36 65.7796 -174.388
20 37 66.1042 -174.308
20 38 66.4245 -174.226
20 39 66.7405 -174.141
20 40 67.0519 -174.053
20 41 67.3588 -173.963
20 42 67.6611 -173.869
20 43 67.9586 -173.772
20 44 68.2512 -173.673
20 45 68.81 -172.101
20 46 69.2124 -172.003
20 47 69.6122 -171.898
20 48 70.0093 -171.786
20 49 70.4038 -171.668
20 50 70.7959 -171.544
20 51 71.1856 -171.412
20 52 71.5729 -171.273
20 53 71.958 -171.126
20 54 72.3407 -170.971
20 55 72.7212 -170.808
20 56 73.0995 -170.637
20 57 73.4755 -170.456
20 58 73.8494 -170.265
20 59 74.221 -170.064
20 60 74.5904 -169.853
20 61 74.9576 -169.63
20 62 75.3226 -169.395
20 63 75.6853 -169.147
20 64 76.0457 -168.886
20 65 76.4038 -168.609
20 66 76.7596 -168.318
20 67 77.113 -168.009
20 68 77.464 -167.683
20 69 77.8125 -167.338
20 70 78.1585 -166.972
20 71 78.5019 -166.583
20 72 78.8426 -166.171
20 73 79.1807 -165.733
20 74 79.5159 -165.267
20 75 79.8483 -164.77
20 76 80.1777 -164.24
20 77 80.5041 -163.674
20 78 80.8272 -163.068
20 79 81.1471 -162.42
20 80 81.4634 -161.724
20 81 81.7762 -160.977
20 82 82.0852 -160.172
20 83 82.3902 -159.305
20 84 82.691 -158.368
20 85 82.9873 -157.355
20 86 83.2789 -156.256
20 87 83.5655 -155.063
20 88 83.8466 -153.764
20 89 84.1219 -152.349
20 90 84.3908 -150.802
20 91 84.6529 -149.109
20 92 84.9074 -147.254
20 93 85.1536 -145.217
20 94 85.3907 -142.979
20 95 85.6177 -140.517
20 96 85.8334 -137.811
20 97 86.0365 -134.837
20 98 86.2256 -131.576
20 99 86.3992 -128.011
20 100 86.5554 -124.134
20 101 86.6925 -119.946
20 102 86.8087 -115.461
20 103 86.9024 -110.713
20 104 86.9722 -105.753
20 105 87.0172 -100.651
20 106 87.037 -95.4878
20 107 87.0319 -90.3532
20 108 87.0027 -85.3327
20 109 86.9509 -80.5016
20 110 86.8782 -75.9189
21 1 52.8797 -175.998
21 2 53.3815 -176.015
21 3 53.8331 -175.989
21 4 54.2648 -175.945
21 5 54.6856 -175.89
21 6 55.0996 -175.829
21 7 55.5089 -175.762
21 8 55.9147 -175.691
21 9 56.3178 -175.617
21 10 56.7188 -175.54
21 11 57.118 -175.46
21 12 57.5156 -175.378
21 13 57.9118 -175.293
21 14 58.3067 -175.205
21 15 57.9777 -174.674
21 16 58.3912 -174.612
21 17 58.7976 -174.543
21 18 59.1978 -174.468
21 19 59.5926 -174.388
21 20 59.9823 -174.303
21 21 60.3675 -174.213
21 22 60.7482 -174.118
21 23 61.1248 -174.02
21 24 61.4973 -173.918
21 25 61.8658 -173.812
21 26 62.2305 -173.702
21 27 62.5913 -173.589
21 28 62.9483 -173.472
21 29 63.3014 -173.351
21 30 63.6506 -173.227
21 31 63.9959 -173.099
21 32 64.3373 -172.968
21 33 64.6746 -172.833
21 34 65.0078 -172.695
21 35 65.3368 -172.553
21 36 65.6615 -172.408
21 37 65.982 -172.258
21 38 66.298 -172.105
21 39 66.6095 -171.949
21 40 66.9164 -171.788
21 41 67.2186 -171.624
21 42 67.516 -171.456
21 43 67.8085 -171.284
21 44 68.096 -171.108
21 45 68.5764 -169.223
21 46 68.974 -169.018
21 47 69.3685 -168.804
21 48 69.7599 -168.579
21 49 70.1485 -168.344
21 50 70.5343 -168.099
21 51 70.9173 -167.842
21 52 71.2975 -167.574
21 53 71.6751 -167.293
21 54 72.0499 -167
21 55 72.4221 -166.694
21 56 72.7917 -166.374
21 57 73.1585 -166.039
21 58 73.5227 -165.689
21 59 73.8842 -165.323
21 60 74.2429 -164.94
21 61 74.5988 -164.539
21 62 74.952 -164.119
21 63 75.3023 -163.679
21 64 75.6496 -163.219
21 65 75.994 -162.735
21 66 76.3352 -162.228
21 67 76.6734 -161.696
21 68 77.0083 -161.137
21 69 77.3398 -160.55
21 70 77.6679 -159.932
21 71 77.9925 -159.282
21 72 78.3133 -158.598
21 73 78.6303 -157.877
21 74 78.9434 -157.117
21 75 79.2522 -156.315
21 76 79.5568 -155.469
21 77 79.8567 -154.575
21 78 80.152 -153.63
21 79 80.4422 -152.631
21 80 80.7273 -151.573
21 81 81.0068 -150.454
21 82 81.2804 -149.268
21 83 81.548 -148.012
21 84 81.809 -146.681
21 85 82.0632 -145.269
21 86 82.31 -143.774
21 87 82.5492 -142.188
21 88 82.78 -140.508
21 89 83.0022 -138.729
21 90 83.215 -136.847
21 91 83.4179 -134.858
21 92 83.6104 -132.758
21 93 83.7917 -130.546
21 94 83.9613 -128.221
21 95 84.1184 -125.784
21 96 84.2625 -123.236
21 97 84.3928 -120.584
21 98 84.5089 -117.834
21 99 84.6102 -114.996
21 100 84.6962 -112.081
21 101 84.7667 -109.105
21 102 84.8214 -106.084
21 103 84.8602 -103.036
21 104 84.8833 -99.9799
21 105 84.8907 -96.9364
21 106 84.883 -93.9242
21 107 84.8605 -90.9614
21 108 84.824 -88.0647
21 109 84.774 -85.2485
21 110 84.7114 -82.5248
