22 110 2999 31556736
0 0.000000 180 45
0 1 52.9415 -176.629
0 2 53.4139 -176.346
0 3 53.8464 -176.125
0 4 54.2631 -175.927
0 5 54.6709 -175.741
0 6 55.0731 -175.56
0 7 55.4714 -175.381
0 8 55.8667 -175.204
0 9 56.2597 -175.026
0 10 56.6506 -174.848
0 11 57.0399 -174.668
0 12 57.4277 -174.486
0 13 57.814 -174.301
0 14 58.199 -174.114
0 15 57.9937 -174.836
0 16 58.391 -174.61
0 17 58.7824 -174.39
0 18 59.1686 -174.172
0 19 59.5501 -173.957
0 20 59.9272 -173.744
0 21 60.3001 -173.532
0 22 60.6692 -173.32
0 23 61.0345 -173.109
0 24 61.3961 -172.897
0 25 61.7541 -172.684
0 26 62.1085 -172.472
0 27 62.4593 -172.258
0 28 62.8065 -172.043
0 29 63.1501 -171.828
0 30 63.4901 -171.611
0 31 63.8263 -171.393
0 32 64.1588 -171.174
0 33 64.4875 -170.954
0 34 64.8123 -170.733
0 35 65.1332 -170.511
0 36 65.4502 -170.288
0 37 65.763 -170.065
0 38 66.0717 -169.841
0 39 66.3763 -169.616
0 40 66.6765 -169.391
0 41 66.9724 -169.166
0 42 67.2639 -168.94
0 43 67.5509 -168.716
0 44 67.8334 -168.491
0 45 68.6005 -169.462
0 46 68.9793 -169.07
0 47 69.3551 -168.671
0 48 69.7281 -168.264
0 49 70.0983 -167.848
0 50 70.4658 -167.423
0 51 70.8305 -166.987
0 52 71.1925 -166.541
0 53 71.5518 -166.083
0 54 71.9083 -165.613
0 55 72.2622 -165.13
0 56 72.6132 -164.633
0 57 72.9615 -164.122
0 58 73.307 -163.596
0 59 73.6497 -163.053
0 60 73.9894 -162.494
0 61 74.3262 -161.916
0 62 74.66 -161.32
0 63 74.9907 -160.703
0 64 75.3183 -160.065
0 65 75.6426 -159.405
0 66 75.9637 -158.722
0 67 76.2813 -158.013
0 68 76.5954 -157.279
0 69 76.9059 -156.516
0 70 77.2127 -155.725
0 71 77.5156 -154.903
0 72 77.8146 -154.049
0 73 78.1094 -153.16
0 74 78.3999 -152.236
0 75 78.6861 -151.274
0 76 78.9676 -150.272
0 77 79.2443 -149.228
0 78 79.5161 -148.14
0 79 79.7827 -147.006
0 80 80.0439 -145.823
0 81 80.2994 -144.589
0 82 80.5491 -143.301
0 83 80.7927 -141.958
0 84 81.0299 -140.556
0 85 81.2604 -139.094
0 86 81.4839 -137.569
0 87 81.7002 -135.98
0 88 81.9088 -134.323
0 89 82.1095 -132.598
0 90 82.3019 -130.802
0 91 82.4857 -128.936
0 92 82.6605 -126.998
0 93 82.8259 -124.989
0 94 82.9817 -122.91
0 95 83.1274 -120.761
0 96 83.2628 -118.546
0 97 83.3875 -116.267
0 98 83.5014 -113.929
0 99 83.6041 -111.538
0 100 83.6954 -109.098
0 101 83.7753 -106.617
0 102 83.8437 -104.104
0 103 83.9005 -101.566
0 104 83.9457 -99.0119
0 105 83.9796 -96.4522
0 106 84.0023 -93.8957
0 107 84.014 -91.3521
0 108 84.0151 -88.8301
0 109 84.006 -86.3385
0 110 83.987 -83.8851
1 1 52.9369 -176.456
1 2 53.3972 -176.145
1 3 53.8213 -175.89
1 4 54.2305 -175.655
1 5 54.6314 -175.431
1 6 55.0268 -175.21
1 7 55.4183 -174.991
1 8 55.8068 -174.773
1 9 56.193 -174.553
1 10 56.5771 -174.332
1 11 56.9594 -174.108
1 12 57.3401 -173.881
1 13 57.7192 -173.651
1 14 58.097 -173.418
1 15 57.9081 -174.091
1 16 58.2969 -173.821
1 17 58.68 -173.555
1 18 59.058 -173.291
1 19 59.4312 -173.029
1 20 59.8001 -172.767
1 21 60.1649 -172.506
1 22 60.5258 -172.244
1 23 60.8828 -171.981
1 24 61.2361 -171.718
1 25 61.5858 -171.453
1 26 61.9317 -171.186
1 27 62.274 -170.918
1 28 62.6127 -170.648
1 29 62.9476 -170.377
1 30 63.2789 -170.103
1 31 63.6063 -169.828
1 32 63.9299 -169.551
1 33 64.2497 -169.271
1 34 64.5655 -168.991
1 35 64.8773 -168.708
1 36 65.1851 -168.424
1 37 65.4887 -168.138
1 38 65.7882 -167.851
1 39 66.0834 -167.563
1 40 66.3742 -167.274
1 41 66.6607 -166.984
1 42 66.9427 -166.694
1 43 67.2202 -166.403
1 44 67.4931 -166.112
1 45 68.2665 -166.692
1 46 68.6298 -166.211
1 47 68.9899 -165.72
1 48 69.3468 -165.219
1 49 69.7006 -164.707
1 50 70.0513 -164.183
1 51 70.3988 -163.647
1 52 70.7432 -163.097
1 53 71.0844 -162.534
1 54 71.4224 -161.957
1 55 71.7572 -161.364
1 56 72.0888 -160.755
1 57 72.417 -160.13
1 58 72.7419 -159.486
1 59 73.0634 -158.825
1 60 73.3813 -158.144
1 61 73.6957 -157.444
1 62 74.0064 -156.722
1 63 74.3134 -155.979
1 64 74.6165 -155.213
1 65 74.9156 -154.423
1 66 75.2107 -153.608
1 67 75.5015 -152.768
1 68 75.7881 -151.901
1 69 76.0702 -151.006
1 70 76.3478 -150.083
1 71 76.6206 -149.13
1 72 76.8885 -148.145
1 73 77.1515 -147.129
1 74 77.4092 -146.079
1 75 77.6615 -144.996
1 76 77.9083 -143.877
1 77 78.1494 -142.722
1 78 78.3846 -141.53
1 79 78.6136 -140.3
1 80 78.8364 -139.031
1 81 79.0526 -137.723
1 82 79.2621 -136.375
1 83 79.4647 -134.987
1 84 79.6602 -133.557
1 85 79.8483 -132.087
1 86 80.0289 -130.577
1 87 80.2018 -129.025
1 88 80.3667 -127.434
1 89 80.5235 -125.805
1 90 80.672 -124.137
1 91 80.812 -122.433
1 92 80.9434 -120.694
1 93 81.066 -118.923
1 94 81.1797 -117.121
1 95 81.2845 -115.292
1 96 81.3802 -113.439
1 97 81.4669 -111.564
1 98 81.5445 -109.672
1 99 81.613 -107.766
1 100 81.6724 -105.849
1 101 81.723 -103.927
1 102 81.7647 -102.003
1 103 81.7977 -100.082
1 104 81.8222 -98.1662
1 105 81.8384 -96.2612
1 106 81.8465 -94.3705
1 107 81.8468 -92.4977
1 108 81.8395 -90.6463
1 109 81.8251 -88.8195
1 110 81.8037 -87.0202
2 1 52.924 -176.29
2 2 53.3722 -175.951
2 3 53.7871 -175.661
2 4 54.1879 -175.39
2 5 54.5805 -175.127
2 6 54.9678 -174.868
2 7 55.3512 -174.61
2 8 55.7316 -174.351
2 9 56.1095 -174.09
2 10 56.4853 -173.827
2 11 56.8591 -173.561
2 12 57.2312 -173.291
2 13 57.6017 -173.017
2 14 57.9706 -172.739
2 15 57.7945 -173.368
2 16 58.1736 -173.055
2 17 58.5469 -172.745
2 18 58.9151 -172.437
2 19 59.2786 -172.129
2 20 59.6378 -171.821
2 21 59.9928 -171.513
2 22 60.3437 -171.203
2 23 60.6908 -170.892
2 24 61.0341 -170.579
2 25 61.3736 -170.264
2 26 61.7094 -169.947
2 27 62.0414 -169.627
2 28 62.3696 -169.305
2 29 62.694 -168.981
2 30 63.0146 -168.655
2 31 63.3314 -168.326
2 32 63.6442 -167.994
2 33 63.953 -167.66
2 34 64.2578 -167.324
2 35 64.5585 -166.986
2 36 64.8551 -166.646
2 37 65.1475 -166.304
2 38 65.4355 -165.96
2 39 65.7193 -165.614
2 40 65.9986 -165.267
2 41 66.2735 -164.919
2 42 66.5439 -164.57
2 43 66.8097 -164.22
2 44 67.0709 -163.871
2 45 67.8324 -164.096
2 46 68.1776 -163.537
2 47 68.5193 -162.968
2 48 68.8575 -162.386
2 49 69.192 -161.793
2 50 69.523 -161.186
2 51 69.8505 -160.566
2 52 70.1744 -159.932
2 53 70.4946 -159.283
2 54 70.8111 -158.619
2 55 71.124 -157.939
2 56 71.433 -157.242
2 57 71.7382 -156.528
2 58 72.0395 -155.796
2 59 72.3368 -155.045
2 60 72.63 -154.275
2 61 72.919 -153.486
2 62 73.2038 -152.676
2 63 73.4841 -151.844
2 64 73.76 -150.992
2 65 74.0313 -150.116
2 66 74.2978 -149.218
2 67 74.5596 -148.297
2 68 74.8163 -147.351
2 69 75.068 -146.38
2 70 75.3144 -145.385
2 71 75.5555 -144.364
2 72 75.791 -143.316
2 73 76.0209 -142.242
2 74 76.245 -141.142
2 75 76.4632 -140.014
2 76 76.6752 -138.859
2 77 76.8811 -137.677
2 78 77.0805 -136.467
2 79 77.2734 -135.23
2 80 77.4596 -133.966
2 81 77.639 -132.675
2 82 77.8115 -131.357
2 83 77.9769 -130.014
2 84 78.135 -128.645
2 85 78.2859 -127.253
2 86 78.4294 -125.836
2 87 78.5653 -124.398
2 88 78.6936 -122.938
2 89 78.8143 -121.459
2 90 78.9273 -119.962
2 91 79.0325 -118.449
2 92 79.1299 -116.921
2 93 79.2195 -115.381
2 94 79.3013 -113.831
2 95 79.3754 -112.272
2 96 79.4418 -110.707
2 97 79.5005 -109.138
2 98 79.5517 -107.568
2 99 79.5955 -105.999
2 100 79.632 -104.432
2 101 79.6613 -102.872
2 102 79.6836 -101.319
2 103 79.699 -99.7754
2 104 79.7079 -98.2442
2 105 79.7103 -96.7269
2 106 79.7064 -95.2255
2 107 79.6967 -93.7416
2 108 79.6811 -92.2769
2 109 79.6601 -90.833
2 110 79.6339 -89.411
3 1 52.9035 -176.132
3 2 53.3395 -175.762
3 3 53.7443 -175.439
3 4 54.1355 -175.132
3 5 54.5187 -174.832
3 6 54.8966 -174.536
3 7 55.2706 -174.239
3 8 55.6414 -173.941
3 9 56.0097 -173.64
3 10 56.3757 -173.337
3 11 56.7397 -173.029
3 12 57.1018 -172.718
3 13 57.462 -172.402
3 14 57.8205 -172.081
3 15 57.6542 -172.67
3 16 58.0221 -172.316
3 17 58.3843 -171.964
3 18 58.7414 -171.613
3 19 59.0937 -171.262
3 20 59.4415 -170.91
3 21 59.7852 -170.557
3 22 60.1247 -170.202
3 23 60.4603 -169.845
3 24 60.7919 -169.485
3 25 61.1196 -169.124
3 26 61.4435 -168.759
3 27 61.7635 -168.392
3 28 62.0796 -168.023
3 29 62.3918 -167.65
3 30 62.7 -167.275
3 31 63.0043 -166.896
3 32 63.3045 -166.515
3 33 63.6006 -166.132
3 34 63.8926 -165.746
3 35 64.1804 -165.357
3 36 64.464 -164.966
3 37 64.7432 -164.573
3 38 65.0181 -164.178
3 39 65.2886 -163.782
3 40 65.5546 -163.384
3 41 65.816 -162.985
3 42 66.0729 -162.585
3 43 66.3252 -162.184
3 44 66.5728 -161.783
3 45 67.3069 -161.695
3 46 67.632 -161.071
3 47 67.9531 -160.436
3 48 68.2703 -159.789
3 49 68.5835 -159.129
3 50 68.8927 -158.456
3 51 69.1979 -157.77
3 52 69.4991 -157.069
3 53 69.7963 -156.354
3 54 70.0892 -155.624
3 55 70.378 -154.878
3 56 70.6626 -154.116
3 57 70.9428 -153.338
3 58 71.2186 -152.543
3 59 71.4899 -151.731
3 60 71.7566 -150.901
3 61 72.0186 -150.053
3 62 72.2759 -149.186
3 63 72.5283 -148.301
3 64 72.7757 -147.397
3 65 73.018 -146.473
3 66 73.2552 -145.53
3 67 73.4871 -144.567
3 68 73.7135 -143.584
3 69 73.9344 -142.581
3 70 74.1497 -141.558
3 71 74.3592 -140.515
3 72 74.5629 -139.452
3 73 74.7606 -138.368
3 74 74.9522 -137.265
3 75 75.1376 -136.142
3 76 75.3167 -135
3 77 75.4895 -133.839
3 78 75.6557 -132.659
3 79 75.8154 -131.461
3 80 75.9684 -130.246
3 81 76.1147 -129.015
3 82 76.2542 -127.767
3 83 76.3868 -126.505
3 84 76.5125 -125.229
3 85 76.6313 -123.94
3 86 76.7431 -122.639
3 87 76.8479 -121.327
3 88 76.9457 -120.006
3 89 77.0366 -118.677
3 90 77.1204 -117.342
3 91 77.1973 -116.001
3 92 77.2674 -114.656
3 93 77.3306 -113.31
3 94 77.387 -111.962
3 95 77.4368 -110.615
3 96 77.4801 -109.271
3 97 77.5168 -107.93
3 98 77.5473 -106.594
3 99 77.5715 -105.265
3 100 77.5898 -103.945
3 101 77.6021 -102.633
3 102 77.6087 -101.333
3 103 77.6098 -100.044
3 104 77.6055 -98.769
3 105 77.5961 -97.5079
3 106 77.5817 -96.262
3 107 77.5625 -95.0323
3 108 77.5388 -93.8197
3 109 77.5108 -92.6249
3 110 77.4786 -91.4485
4 1 52.8761 -175.981
4 2 53.2994 -175.581
4 3 53.6931 -175.223
4 4 54.0736 -174.882
4 5 54.4462 -174.546
4 6 54.8135 -174.213
4 7 55.1768 -173.879
4 8 55.5368 -173.543
4 9 55.8941 -173.205
4 10 56.2491 -172.862
4 11 56.6018 -172.515
4 12 56.9524 -172.164
4 13 57.301 -171.808
4 14 57.6477 -171.446
4 15 57.4883 -171.999
4 16 57.8437 -171.606
4 17 58.1935 -171.214
4 18 58.538 -170.823
4 19 58.8778 -170.431
4 20 59.2129 -170.037
4 21 59.5438 -169.642
4 22 59.8704 -169.245
4 23 60.1929 -168.846
4 24 60.5114 -168.444
4 25 60.8258 -168.039
4 26 61.1363 -167.631
4 27 61.4427 -167.22
4 28 61.7451 -166.806
4 29 62.0435 -166.39
4 30 62.3378 -165.97
4 31 62.628 -165.548
4 32 62.9141 -165.122
4 33 63.196 -164.694
4 34 63.4736 -164.263
4 35 63.7469 -163.83
4 36 64.0158 -163.395
4 37 64.2804 -162.957
4 38 64.5405 -162.518
4 39 64.7961 -162.077
4 40 65.0472 -161.635
4 41 65.2937 -161.192
4 42 65.5355 -160.749
4 43 65.7728 -160.305
4 44 66.0053 -159.861
4 45 66.699 -159.501
4 46 67.0023 -158.825
4 47 67.3012 -158.138
4 48 67.5958 -157.439
4 49 67.886 -156.728
4 50 68.1719 -156.004
4 51 68.4535 -155.267
4 52 68.7306 -154.517
4 53 69.0032 -153.754
4 54 69.2713 -152.977
4 55 69.5348 -152.185
4 56 69.7936 -151.38
4 57 70.0477 -150.559
4 58 70.2971 -149.724
4 59 70.5415 -148.873
4 60 70.781 -148.007
4 61 71.0154 -147.126
4 62 71.2448 -146.229
4 63 71.4689 -145.317
4 64 71.6877 -144.389
4 65 71.9011 -143.445
4 66 72.109 -142.486
4 67 72.3114 -141.511
4 68 72.5081 -140.521
4 69 72.6991 -139.515
4 70 72.8843 -138.494
4 71 73.0635 -137.459
4 72 73.2368 -136.409
4 73 73.4041 -135.346
4 74 73.5652 -134.268
4 75 73.7201 -133.178
4 76 73.8688 -132.074
4 77 74.0112 -130.959
4 78 74.1472 -129.832
4 79 74.2769 -128.695
4 80 74.4001 -127.548
4 81 74.517 -126.392
4 82 74.6273 -125.227
4 83 74.7312 -124.055
4 84 74.8287 -122.877
4 85 74.9197 -121.693
4 86 75.0044 -120.505
4 87 75.0826 -119.313
4 88 75.1545 -118.119
4 89 75.2201 -116.923
4 90 75.2795 -115.727
4 91 75.3328 -114.533
4 92 75.38 -113.34
4 93 75.4212 -112.15
4 94 75.4566 -110.964
4 95 75.4862 -109.783
4 96 75.5102 -108.609
4 97 75.5286 -107.441
4 98 75.5417 -106.282
4 99 75.5496 -105.132
4 100 75.5524 -103.991
4 101 75.5503 -102.862
4 102 75.5434 -101.744
4 103 75.532 -100.638
4 104 75.5161 -99.545
4 105 75.496 -98.4657
4 106 75.4718 -97.4006
4 107 75.4437 -96.3503
4 108 75.4119 -95.3152
4 109 75.3766 -94.2956
4 110 75.3379 -93.2921
5 1 52.8423 -175.836
5 2 53.2523 -175.406
5 3 53.6339 -175.016
5 4 54.0026 -174.64
5 5 54.3635 -174.27
5 6 54.7189 -173.901
5 7 55.0703 -173.532
5 8 55.4182 -173.16
5 9 55.7633 -172.785
5 10 56.1058 -172.405
5 11 56.446 -172.021
5 12 56.7838 -171.632
5 13 57.1195 -171.238
5 14 57.453 -170.837
5 15 57.2979 -171.359
5 16 57.6398 -170.929
5 17 57.9758 -170.499
5 18 58.3066 -170.07
5 19 58.6324 -169.64
5 20 58.9536 -169.208
5 21 59.2703 -168.774
5 22 59.5826 -168.338
5 23 59.8907 -167.899
5 24 60.1947 -167.458
5 25 60.4944 -167.014
5 26 60.7901 -166.566
5 27 61.0816 -166.116
5 28 61.369 -165.663
5 29 61.6522 -165.207
5 30 61.9312 -164.748
5 31 62.2059 -164.286
5 32 62.4764 -163.821
5 33 62.7426 -163.354
5 34 63.0045 -162.884
5 35 63.2619 -162.412
5 36 63.5149 -161.938
5 37 63.7635 -161.463
5 38 64.0075 -160.986
5 39 64.247 -160.508
5 40 64.4818 -160.029
5 41 64.7121 -159.549
5 42 64.9377 -159.069
5 43 65.1586 -158.589
5 44 65.3748 -158.11
5 45 66.0175 -157.522
5 46 66.2977 -156.806
5 47 66.5733 -156.078
5 48 66.8442 -155.34
5 49 67.1105 -154.591
5 50 67.3721 -153.831
5 51 67.629 -153.059
5 52 67.8811 -152.275
5 53 68.1285 -151.479
5 54 68.371 -150.671
5 55 68.6086 -149.851
5 56 68.8413 -149.019
5 57 69.0689 -148.174
5 58 69.2915 -147.316
5 59 69.5089 -146.446
5 60 69.7212 -145.564
5 61 69.9281 -144.669
5 62 70.1297 -143.762
5 63 70.3259 -142.842
5 64 70.5167 -141.91
5 65 70.7018 -140.967
5 66 70.8814 -140.011
5 67 71.0553 -139.044
5 68 71.2235 -138.066
5 69 71.386 -137.078
5 70 71.5426 -136.078
5 71 71.6933 -135.069
5 72 71.8381 -134.05
5 73 71.9769 -133.022
5 74 72.1097 -131.986
5 75 72.2366 -130.941
5 76 72.3574 -129.89
5 77 72.4721 -128.831
5 78 72.5808 -127.766
5 79 72.6834 -126.697
5 80 72.78 -125.622
5 81 72.8706 -124.543
5 82 72.9551 -123.462
5 83 73.0337 -122.378
5 84 73.1063 -121.292
5 85 73.1731 -120.206
5 86 73.234 -119.12
5 87 73.2891 -118.035
5 88 73.3386 -116.952
5 89 73.3824 -115.871
5 90 73.4207 -114.794
5 91 73.4536 -113.721
5 92 73.4811 -112.652
5 93 73.5034 -111.59
5 94 73.5205 -110.534
5 95 73.5327 -109.485
5 96 73.54 -108.445
5 97 73.5426 -107.412
5 98 73.5406 -106.39
5 99 73.5341 -105.376
5 100 73.5233 -104.374
5 101 73.5084 -103.382
5 102 73.4894 -102.402
5 103 73.4666 -101.433
5 104 73.44 -100.477
5 105 73.4099 -99.5341
5 106 73.3765 -98.6038
5 107 73.3398 -97.6869
5 108 73.3 -96.7837
5 109 73.2573 -95.8945
5 110 73.2119 -95.0193
6 1 52.8024 -175.698
6 2 53.1985 -175.238
6 3 53.5671 -174.816
6 4 53.9229 -174.408
6 5 54.2709 -174.005
6 6 54.6134 -173.602
6 7 54.9516 -173.199
6 8 55.2863 -172.792
6 9 55.6179 -172.382
6 10 55.9468 -171.968
6 11 56.2731 -171.549
6 12 56.5969 -171.124
6 13 56.9183 -170.694
6 14 57.2373 -170.258
6 15 57.0844 -170.75
6 16 57.4115 -170.285
6 17 57.7327 -169.821
6 18 58.0485 -169.357
6 19 58.3592 -168.891
6 20 58.6652 -168.424
6 21 58.9665 -167.955
6 22 59.2633 -167.483
6 23 59.5558 -167.009
6 24 59.844 -166.532
6 25 60.1279 -166.052
6 26 60.4075 -165.57
6 27 60.6828 -165.084
6 28 60.9539 -164.596
6 29 61.2207 -164.105
6 30 61.4832 -163.611
6 31 61.7413 -163.115
6 32 61.9951 -162.617
6 33 62.2444 -162.116
6 34 62.4894 -161.613
6 35 62.7298 -161.108
6 36 62.9658 -160.602
6 37 63.1972 -160.094
6 38 63.4241 -159.586
6 39 63.6463 -159.077
6 40 63.864 -158.568
6 41 64.077 -158.058
6 42 64.2853 -157.549
6 43 64.489 -157.041
6 44 64.688 -156.534
6 45 65.2709 -155.758
6 46 65.5273 -155.011
6 47 65.7789 -154.255
6 48 66.0255 -153.49
6 49 66.2672 -152.715
6 50 66.5039 -151.93
6 51 66.7357 -151.135
6 52 66.9626 -150.331
6 53 67.1844 -149.516
6 54 67.4011 -148.691
6 55 67.6127 -147.856
6 56 67.8192 -147.011
6 57 68.0205 -146.155
6 58 68.2165 -145.29
6 59 68.4073 -144.415
6 60 68.5927 -143.531
6 61 68.7727 -142.637
6 62 68.9473 -141.733
6 63 69.1164 -140.821
6 64 69.28 -139.899
6 65 69.438 -138.969
6 66 69.5905 -138.031
6 67 69.7373 -137.085
6 68 69.8784 -136.132
6 69 70.0138 -135.171
6 70 70.1436 -134.204
6 71 70.2676 -133.231
6 72 70.3858 -132.252
6 73 70.4983 -131.268
6 74 70.6051 -130.28
6 75 70.7061 -129.287
6 76 70.8014 -128.291
6 77 70.8909 -127.292
6 78 70.9748 -126.291
6 79 71.0529 -125.288
6 80 71.1255 -124.285
6 81 71.1924 -123.281
6 82 71.2539 -122.277
6 83 71.3098 -121.275
6 84 71.3603 -120.274
6 85 71.4055 -119.275
6 86 71.4453 -118.279
6 87 71.48 -117.287
6 88 71.5096 -116.299
6 89 71.5341 -115.316
6 90 71.5538 -114.339
6 91 71.5686 -113.367
6 92 71.5787 -112.402
6 93 71.5842 -111.445
6 94 71.5852 -110.495
6 95 71.5819 -109.553
6 96 71.5744 -108.619
6 97 71.5627 -107.695
6 98 71.5471 -106.781
6 99 71.5277 -105.876
6 100 71.5045 -104.982
6 101 71.4778 -104.099
6 102 71.4477 -103.226
6 103 71.4142 -102.365
6 104 71.3777 -101.515
6 105 71.3381 -100.678
6 106 71.2957 -99.8519
6 107 71.2506 -99.0384
6 108 71.2029 -98.2372
6 109 71.1529 -97.4487
6 110 71.1005 -96.6727
7 1 52.7567 -175.567
7 2 53.1382 -175.078
7 3 53.4929 -174.626
7 4 53.8349 -174.186
7 5 54.1689 -173.751
7 6 54.4972 -173.317
7 7 54.8212 -172.881
7 8 55.1415 -172.442
7 9 55.4585 -171.999
7 10 55.7726 -171.552
7 11 56.0839 -171.099
7 12 56.3925 -170.642
7 13 56.6985 -170.178
7 14 57.0019 -169.709
7 15 56.849 -170.176
7 16 57.1603 -169.679
7 17 57.4655 -169.183
7 18 57.7652 -168.686
7 19 58.0598 -168.188
7 20 58.3494 -167.689
7 21 58.6343 -167.188
7 22 58.9145 -166.684
7 23 59.1903 -166.178
7 24 59.4616 -165.67
7 25 59.7285 -165.158
7 26 59.991 -164.645
7 27 60.2491 -164.129
7 28 60.5028 -163.61
7 29 60.7522 -163.089
7 30 60.9971 -162.565
7 31 61.2376 -162.04
7 32 61.4737 -161.512
7 33 61.7052 -160.983
7 34 61.9323 -160.452
7 35 62.1549 -159.92
7 36 62.3729 -159.387
7 37 62.5863 -158.854
7 38 62.7951 -158.32
7 39 62.9994 -157.786
7 40 63.199 -157.253
7 41 63.394 -156.72
7 42 63.5844 -156.189
7 43 63.7701 -155.659
7 44 63.9512 -155.131
7 45 64.4674 -154.204
7 46 64.6996 -153.437
7 47 64.9267 -152.662
7 48 65.1487 -151.879
7 49 65.3656 -151.089
7 50 65.5774 -150.29
7 51 65.784 -149.483
7 52 65.9855 -148.668
7 53 66.1818 -147.845
7 54 66.3729 -147.013
7 55 66.5588 -146.174
7 56 66.7395 -145.327
7 57 66.9148 -144.473
7 58 67.0849 -143.611
7 59 67.2496 -142.742
7 60 67.4089 -141.865
7 61 67.5628 -140.982
7 62 67.7114 -140.093
7 63 67.8544 -139.197
7 64 67.992 -138.295
7 65 68.1241 -137.388
7 66 68.2508 -136.475
7 67 68.3719 -135.558
7 68 68.4875 -134.636
7 69 68.5976 -133.71
7 70 68.7021 -132.781
7 71 68.8012 -131.849
7 72 68.8948 -130.914
7 73 68.9828 -129.977
7 74 69.0655 -129.038
7 75 69.1427 -128.099
7 76 69.2145 -127.159
7 77 69.281 -126.218
7 78 69.3421 -125.279
7 79 69.398 -124.34
7 80 69.4487 -123.403
7 81 69.4943 -122.468
7 82 69.5347 -121.535
7 83 69.5702 -120.606
7 84 69.6007 -119.681
7 85 69.6264 -118.759
7 86 69.6473 -117.843
7 87 69.6635 -116.931
7 88 69.6752 -116.026
7 89 69.6823 -115.126
7 90 69.6851 -114.233
7 91 69.6837 -113.347
7 92 69.678 -112.469
7 93 69.6684 -111.598
7 94 69.6548 -110.735
7 95 69.6373 -109.882
7 96 69.6162 -109.036
7 97 69.5915 -108.201
7 98 69.5634 -107.374
7 99 69.532 -106.558
7 100 69.4973 -105.751
7 101 69.4596 -104.955
7 102 69.419 -104.169
7 103 69.3755 -103.394
7 104 69.3294 -102.629
7 105 69.2808 -101.876
7 106 69.2297 -101.134
7 107 69.1764 -100.403
7 108 69.1209 -99.6832
7 109 69.0633 -98.9749
7 110 69.0039 -98.2781
8 1 52.7057 -175.444
8 2 53.07 -174.929
8 3 53.4117 -174.444
8 4 53.7388 -173.975
8 5 54.0578 -173.51
8 6 54.371 -173.045
8 7 54.6797 -172.579
8 8 54.9845 -172.109
8 9 55.2858 -171.636
8 10 55.584 -171.158
8 11 55.8792 -170.675
8 12 56.1715 -170.187
8 13 56.461 -169.692
8 14 56.7477 -169.192
8 15 56.593 -169.637
8 16 56.8875 -169.111
8 17 57.1758 -168.586
8 18 57.4585 -168.06
8 19 57.7359 -167.533
8 20 58.0082 -167.005
8 21 58.2756 -166.475
8 22 58.5383 -165.943
8 23 58.7963 -165.409
8 24 59.0498 -164.873
8 25 59.2988 -164.334
8 26 59.5432 -163.794
8 27 59.7832 -163.251
8 28 60.0187 -162.706
8 29 60.2497 -162.159
8 30 60.4763 -161.611
8 31 60.6983 -161.061
8 32 60.9158 -160.509
8 33 61.1288 -159.957
8 34 61.3373 -159.403
8 35 61.5412 -158.85
8 36 61.7406 -158.296
8 37 61.9353 -157.742
8 38 62.1255 -157.188
8 39 62.3112 -156.635
8 40 62.4922 -156.084
8 41 62.6686 -155.534
8 42 62.8405 -154.985
8 43 63.0078 -154.44
8 44 63.1706 -153.897
8 45 63.6146 -152.853
8 46 63.8224 -152.074
8 47 64.025 -151.289
8 48 64.2224 -150.497
8 49 64.4145 -149.699
8 50 64.6014 -148.894
8 51 64.7831 -148.084
8 52 64.9595 -147.267
8 53 65.1307 -146.444
8 54 65.2966 -145.615
8 55 65.4573 -144.78
8 56 65.6127 -143.94
8 57 65.7628 -143.094
8 58 65.9075 -142.243
8 59 66.047 -141.387
8 60 66.1812 -140.527
8 61 66.31 -139.661
8 62 66.4335 -138.792
8 63 66.5516 -137.919
8 64 66.6645 -137.043
8 65 66.7719 -136.164
8 66 66.8741 -135.281
8 67 66.9709 -134.397
8 68 67.0625 -133.511
8 69 67.1487 -132.623
8 70 67.2297 -131.733
8 71 67.3055 -130.844
8 72 67.376 -129.954
8 73 67.4414 -129.064
8 74 67.5017 -128.175
8 75 67.5569 -127.287
8 76 67.607 -126.4
8 77 67.6522 -125.516
8 78 67.6925 -124.633
8 79 67.7279 -123.754
8 80 67.7585 -122.878
8 81 67.7844 -122.006
8 82 67.8057 -121.138
8 83 67.8224 -120.274
8 84 67.8347 -119.416
8 85 67.8425 -118.563
8 86 67.8461 -117.715
8 87 67.8454 -116.874
8 88 67.8407 -116.039
8 89 67.832 -115.211
8 90 67.8193 -114.39
8 91 67.8029 -113.577
8 92 67.7828 -112.772
8 93 67.7591 -111.974
8 94 67.7319 -111.185
8 95 67.7015 -110.405
8 96 67.6677 -109.633
8 97 67.6309 -108.871
8 98 67.5911 -108.118
8 99 67.5483 -107.374
8 100 67.5029 -106.64
8 101 67.4548 -105.915
8 102 67.4041 -105.2
8 103 67.3511 -104.496
8 104 67.2957 -103.802
8 105 67.2382 -103.117
8 106 67.1787 -102.443
8 107 67.1172 -101.78
8 108 67.0539 -101.127
8 109 66.9889 -100.484
8 110 66.9224 -99.852
9 1 52.6495 -175.327
9 2 52.9979 -174.786
9 3 53.3238 -174.273
9 4 53.635 -173.775
9 5 53.9381 -173.281
9 6 54.2353 -172.788
9 7 54.5276 -172.294
9 8 54.8159 -171.796
9 9 55.1006 -171.294
9 10 55.3819 -170.788
9 11 55.66 -170.277
9 12 55.935 -169.76
9 13 56.207 -169.238
9 14 56.476 -168.71
9 15 56.3177 -169.137
9 16 56.5945 -168.584
9 17 56.8651 -168.032
9 18 57.1298 -167.48
9 19 57.3892 -166.927
9 20 57.6433 -166.373
9 21 57.8924 -165.818
9 22 58.1367 -165.262
9 23 58.3762 -164.703
9 24 58.6111 -164.143
9 25 58.8413 -163.581
9 26 59.0669 -163.018
9 27 59.288 -162.452
9 28 59.5045 -161.886
9 29 59.7165 -161.318
9 30 59.924 -160.749
9 31 60.1269 -160.179
9 32 60.3252 -159.608
9 33 60.5191 -159.037
9 34 60.7083 -158.466
9 35 60.8931 -157.895
9 36 61.0732 -157.325
9 37 61.2489 -156.756
9 38 61.42 -156.188
9 39 61.5865 -155.621
9 40 61.7486 -155.057
9 41 61.9061 -154.494
9 42 62.0592 -153.935
9 43 62.2078 -153.379
9 44 62.3519 -152.826
9 45 62.7195 -151.696
9 46 62.9031 -150.912
9 47 63.0813 -150.123
9 48 63.2542 -149.329
9 49 63.4218 -148.53
9 50 63.5842 -147.727
9 51 63.7413 -146.919
9 52 63.8931 -146.107
9 53 64.0396 -145.291
9 54 64.181 -144.471
9 55 64.317 -143.647
9 56 64.4479 -142.819
9 57 64.5735 -141.987
9 58 64.6939 -141.153
9 59 64.809 -140.316
9 60 64.919 -139.476
9 61 65.0237 -138.633
9 62 65.1233 -137.789
9 63 65.2177 -136.942
9 64 65.3069 -136.095
9 65 65.391 -135.246
9 66 65.47 -134.397
9 67 65.5439 -133.547
9 68 65.6128 -132.698
9 69 65.6766 -131.848
9 70 65.7355 -131
9 71 65.7894 -130.152
9 72 65.8384 -129.306
9 73 65.8826 -128.462
9 74 65.922 -127.621
9 75 65.9567 -126.781
9 76 65.9867 -125.945
9 77 66.0122 -125.113
9 78 66.033 -124.284
9 79 66.0495 -123.459
9 80 66.0615 -122.639
9 81 66.0692 -121.823
9 82 66.0727 -121.013
9 83 66.0721 -120.208
9 84 66.0674 -119.408
9 85 66.0588 -118.615
9 86 66.0463 -117.829
9 87 66.03 -117.049
9 88 66.0101 -116.276
9 89 65.9866 -115.51
9 90 65.9596 -114.751
9 91 65.9292 -114.001
9 92 65.8956 -113.258
9 93 65.8588 -112.523
9 94 65.819 -111.796
9 95 65.7762 -111.078
9 96 65.7306 -110.369
9 97 65.6823 -109.668
9 98 65.6314 -108.977
9 99 65.5779 -108.294
9 100 65.5221 -107.621
9 101 65.464 -106.956
9 102 65.4037 -106.302
9 103 65.3414 -105.656
9 104 65.2771 -105.02
9 105 65.2109 -104.394
9 106 65.1431 -103.777
9 107 65.0736 -103.17
9 108 65.0025 -102.572
9 109 64.9301 -101.984
9 110 64.8563 -101.406
10 1 52.5884 -175.219
10 2 52.9203 -174.651
10 3 53.2295 -174.111
10 4 53.5241 -173.587
10 5 53.8104 -173.067
10 6 54.0905 -172.548
10 7 54.3656 -172.027
10 8 54.6365 -171.503
10 9 54.9036 -170.975
10 10 55.1671 -170.443
10 11 55.4272 -169.906
10 12 55.6841 -169.364
10 13 55.9377 -168.817
10 14 56.1881 -168.264
10 15 56.0245 -168.675
10 16 56.2828 -168.098
10 17 56.5348 -167.523
10 18 56.7809 -166.948
10 19 57.0214 -166.372
10 20 57.2567 -165.796
10 21 57.4868 -165.219
10 22 57.7119 -164.641
10 23 57.9322 -164.062
10 24 58.1477 -163.482
10 25 58.3586 -162.9
10 26 58.5647 -162.318
10 27 58.7663 -161.734
10 28 58.9633 -161.15
10 29 59.1556 -160.565
10 30 59.3434 -159.979
10 31 59.5267 -159.394
10 32 59.7054 -158.809
10 33 59.8796 -158.224
10 34 60.0493 -157.639
10 35 60.2144 -157.056
10 36 60.3751 -156.474
10 37 60.5313 -155.894
10 38 60.683 -155.316
10 39 60.8302 -154.74
10 40 60.973 -154.167
10 41 61.1115 -153.597
10 42 61.2455 -153.031
10 43 61.3753 -152.469
10 44 61.5007 -151.911
10 45 61.7887 -150.722
10 46 61.9482 -149.938
10 47 62.1024 -149.151
10 48 62.2512 -148.36
10 49 62.3947 -147.567
10 50 62.533 -146.77
10 51 62.666 -145.971
10 52 62.7937 -145.169
10 53 62.9163 -144.364
10 54 63.0337 -143.557
10 55 63.1459 -142.748
10 56 63.253 -141.937
10 57 63.355 -141.124
10 58 63.4519 -140.31
10 59 63.5437 -139.494
10 60 63.6304 -138.678
10 61 63.7121 -137.861
10 62 63.7888 -137.044
10 63 63.8605 -136.226
10 64 63.9273 -135.409
10 65 63.9892 -134.593
10 66 64.0463 -133.777
10 67 64.0985 -132.963
10 68 64.1459 -132.15
10 69 64.1886 -131.339
10 70 64.2266 -130.53
10 71 64.26 -129.723
10 72 64.2888 -128.92
10 73 64.3131 -128.119
10 74 64.333 -127.322
10 75 64.3485 -126.529
10 76 64.3596 -125.74
10 77 64.3666 -124.955
10 78 64.3694 -124.175
10 79 64.368 -123.4
10 80 64.3627 -122.63
10 81 64.3535 -121.866
10 82 64.3404 -121.107
10 83 64.3236 -120.354
10 84 64.3031 -119.608
10 85 64.279 -118.868
10 86 64.2515 -118.135
10 87 64.2205 -117.409
10 88 64.1863 -116.69
10 89 64.1489 -115.978
10 90 64.1085 -115.274
10 91 64.065 -114.577
10 92 64.0186 -113.889
10 93 63.9695 -113.208
10 94 63.9176 -112.535
10 95 63.8632 -111.871
10 96 63.8063 -111.215
10 97 63.747 -110.567
10 98 63.6855 -109.928
10 99 63.6217 -109.298
10 100 63.5559 -108.676
10 101 63.4882 -108.063
10 102 63.4185 -107.459
10 103 63.3471 -106.864
10 104 63.274 -106.278
10 105 63.1994 -105.7
10 106 63.1233 -105.132
10 107 63.0459 -104.573
10 108 62.9671 -104.022
10 109 62.8872 -103.481
10 110 62.8062 -102.948
11 1 52.5226 -175.118
11 2 52.8375 -174.525
11 3 53.1293 -173.961
11 4 53.4064 -173.412
11 5 53.675 -172.868
11 6 53.9372 -172.324
11 7 54.1943 -171.779
11 8 54.447 -171.231
11 9 54.6956 -170.68
11 10 54.9405 -170.124
11 11 55.1818 -169.564
11 12 55.4196 -168.999
11 13 55.6541 -168.43
11 14 55.8851 -167.855
11 15 55.7146 -168.253
11 16 55.9539 -167.655
11 17 56.1867 -167.059
11 18 56.4134 -166.464
11 19 56.6345 -165.869
11 20 56.8502 -165.274
11 21 57.0606 -164.679
11 22 57.266 -164.083
11 23 57.4665 -163.486
11 24 57.6622 -162.889
11 25 57.8531 -162.292
11 26 58.0393 -161.694
11 27 58.2208 -161.096
11 28 58.3978 -160.498
11 29 58.5701 -159.9
11 30 58.7379 -159.302
11 31 58.9012 -158.705
11 32 59.0599 -158.109
11 33 59.2141 -157.514
11 34 59.3639 -156.92
11 35 59.5092 -156.329
11 36 59.6501 -155.739
11 37 59.7866 -155.152
11 38 59.9188 -154.568
11 39 60.0466 -153.987
11 40 60.1701 -153.41
11 41 60.2893 -152.837
11 42 60.4044 -152.268
11 43 60.5152 -151.704
11 44 60.622 -151.145
11 45 60.8279 -149.92
11 46 60.9638 -149.141
11 47 61.0943 -148.36
11 48 61.2195 -147.577
11 49 61.3394 -146.793
11 50 61.4541 -146.007
11 51 61.5637 -145.22
11 52 61.6681 -144.431
11 53 61.7674 -143.642
11 54 61.8616 -142.851
11 55 61.9507 -142.06
11 56 62.0349 -141.269
11 57 62.1141 -140.477
11 58 62.1883 -139.686
11 59 62.2577 -138.894
11 60 62.3222 -138.104
11 61 62.3818 -137.314
11 62 62.4367 -136.525
11 63 62.4868 -135.737
11 64 62.5322 -134.951
11 65 62.573 -134.167
11 66 62.6092 -133.385
11 67 62.6408 -132.605
11 68 62.668 -131.828
11 69 62.6906 -131.054
11 70 62.709 -130.283
11 71 62.723 -129.516
11 72 62.7327 -128.753
11 73 62.7383 -127.993
11 74 62.7397 -127.238
11 75 62.7371 -126.488
11 76 62.7306 -125.742
11 77 62.7201 -125.001
11 78 62.7058 -124.266
11 79 62.6878 -123.536
11 80 62.6662 -122.812
11 81 62.641 -122.094
11 82 62.6123 -121.382
11 83 62.5802 -120.676
11 84 62.5448 -119.977
11 85 62.5061 -119.284
11 86 62.4644 -118.599
11 87 62.4196 -117.92
11 88 62.3719 -117.249
11 89 62.3214 -116.585
11 90 62.2681 -115.928
11 91 62.2121 -115.279
11 92 62.1536 -114.637
11 93 62.0927 -114.004
11 94 62.0294 -113.378
11 95 61.9638 -112.76
11 96 61.896 -112.151
11 97 61.8262 -111.549
11 98 61.7544 -110.956
11 99 61.6807 -110.371
11 100 61.6052 -109.794
11 101 61.528 -109.225
11 102 61.4492 -108.665
11 103 61.369 -108.113
11 104 61.2873 -107.57
11 105 61.2043 -107.035
11 106 61.12 -106.508
11 107 61.0347 -105.99
11 108 60.9482 -105.48
11 109 60.8609 -104.978
11 110 60.7726 -104.485
12 1 52.4525 -175.026
12 2 52.7497 -174.409
12 3 53.0219 -173.825
12 4 53.2823 -173.25
12 5 53.5325 -172.683
12 6 53.7761 -172.117
12 7 54.0144 -171.55
12 8 54.248 -170.981
12 9 54.4775 -170.408
12 10 54.703 -169.832
12 11 54.9248 -169.251
12 12 55.1429 -168.666
12 13 55.3574 -168.077
12 14 55.5684 -167.483
12 15 55.3895 -167.871
12 16 55.6091 -167.256
12 17 55.8221 -166.642
12 18 56.029 -166.03
12 19 56.2301 -165.418
12 20 56.4257 -164.808
12 21 56.616 -164.197
12 22 56.8012 -163.586
12 23 56.9814 -162.976
12 24 57.1568 -162.366
12 25 57.3274 -161.756
12 26 57.4932 -161.146
12 27 57.6544 -160.537
12 28 57.811 -159.928
12 29 57.963 -159.321
12 30 58.1105 -158.714
12 31 58.2535 -158.109
12 32 58.392 -157.506
12 33 58.5261 -156.905
12 34 58.6558 -156.306
12 35 58.7812 -155.71
12 36 58.9022 -155.116
12 37 59.019 -154.526
12 38 59.1315 -153.94
12 39 59.2398 -153.357
12 40 59.344 -152.779
12 41 59.4441 -152.206
12 42 59.5402 -151.638
12 43 59.6323 -151.075
12 44 59.7204 -150.518
12 45 59.8425 -149.278
12 46 59.9552 -148.507
12 47 60.0625 -147.736
12 48 60.1647 -146.964
12 49 60.2616 -146.192
12 50 60.3534 -145.42
12 51 60.4402 -144.648
12 52 60.5219 -143.876
12 53 60.5986 -143.104
12 54 60.6704 -142.333
12 55 60.7373 -141.562
12 56 60.7993 -140.793
12 57 60.8566 -140.024
12 58 60.9091 -139.256
12 59 60.9569 -138.49
12 60 61 -137.726
12 61 61.0386 -136.964
12 62 61.0726 -136.203
12 63 61.1021 -135.446
12 64 61.1271 -134.691
12 65 61.1478 -133.938
12 66 61.1641 -133.189
12 67 61.1762 -132.443
12 68 61.184 -131.701
12 69 61.1877 -130.963
12 70 61.1874 -130.228
12 71 61.183 -129.498
12 72 61.1747 -128.772
12 73 61.1625 -128.051
12 74 61.1465 -127.335
12 75 61.1267 -126.624
12 76 61.1034 -125.919
12 77 61.0765 -125.219
12 78 61.0461 -124.524
12 79 61.0123 -123.836
12 80 60.9751 -123.153
12 81 60.9348 -122.477
12 82 60.8912 -121.807
12 83 60.8447 -121.143
12 84 60.7951 -120.486
12 85 60.7427 -119.836
12 86 60.6874 -119.193
12 87 60.6295 -118.557
12 88 60.5689 -117.928
12 89 60.5058 -117.306
12 90 60.4402 -116.691
12 91 60.3724 -116.084
12 92 60.3022 -115.485
12 93 60.2299 -114.892
12 94 60.1555 -114.308
12 95 60.0792 -113.731
12 96 60.0009 -113.162
12 97 59.9208 -112.601
12 98 59.8391 -112.048
12 99 59.7557 -111.502
12 100 59.6708 -110.964
12 101 59.5844 -110.434
12 102 59.4966 -109.913
12 103 59.4076 -109.399
12 104 59.3175 -108.892
12 105 59.2262 -108.394
12 106 59.1339 -107.904
12 107 59.0406 -107.422
12 108 58.9465 -106.947
12 109 58.8517 -106.481
12 110 58.7561 -106.022
13 1 52.3781 -174.942
13 2 52.6572 -174.303
13 3 52.9109 -173.698
13 4 53.1523 -173.102
13 5 53.3834 -172.515
13 6 53.6077 -171.929
13 7 53.8265 -171.342
13 8 54.0405 -170.753
13 9 54.2501 -170.162
13 10 54.4556 -169.567
13 11 54.6571 -168.968
13 12 54.8549 -168.366
13 13 55.049 -167.76
13 14 55.2393 -167.149
13 15 55.0504 -167.532
13 16 55.25 -166.9
13 17 55.4428 -166.272
13 18 55.6294 -165.646
13 19 55.81 -165.021
13 20 55.9852 -164.397
13 21 56.1549 -163.774
13 22 56.3196 -163.152
13 23 56.4792 -162.531
13 24 56.6339 -161.911
13 25 56.7838 -161.291
13 26 56.929 -160.673
13 27 57.0696 -160.056
13 28 57.2056 -159.441
13 29 57.3371 -158.827
13 30 57.4641 -158.215
13 31 57.5867 -157.606
13 32 57.7049 -156.998
13 33 57.8188 -156.394
13 34 57.9284 -155.793
13 35 58.0337 -155.195
13 36 58.1349 -154.601
13 37 58.232 -154.011
13 38 58.3249 -153.425
13 39 58.4139 -152.844
13 40 58.4989 -152.268
13 41 58.5799 -151.698
13 42 58.6572 -151.134
13 43 58.7306 -150.575
13 44 58.8004 -150.023
13 45 58.8373 -148.785
13 46 58.9273 -148.025
13 47 59.0121 -147.267
13 48 59.0917 -146.509
13 49 59.1663 -145.752
13 50 59.2359 -144.996
13 51 59.3005 -144.241
13 52 59.3602 -143.487
13 53 59.4151 -142.735
13 54 59.4652 -141.984
13 55 59.5106 -141.235
13 56 59.5514 -140.488
13 57 59.5875 -139.743
13 58 59.6192 -139
13 59 59.6463 -138.26
13 60 59.669 -137.523
13 61 59.6873 -136.788
13 62 59.7013 -136.056
13 63 59.7111 -135.328
13 64 59.7167 -134.603
13 65 59.7181 -133.882
13 66 59.7155 -133.165
13 67 59.7089 -132.451
13 68 59.6984 -131.742
13 69 59.684 -131.038
13 70 59.6658 -130.338
13 71 59.644 -129.642
13 72 59.6184 -128.952
13 73 59.5893 -128.267
13 74 59.5567 -127.587
13 75 59.5207 -126.913
13 76 59.4814 -126.244
13 77 59.4388 -125.582
13 78 59.393 -124.925
13 79 59.3442 -124.274
13 80 59.2923 -123.629
13 81 59.2375 -122.991
13 82 59.1798 -122.359
13 83 59.1194 -121.733
13 84 59.0563 -121.115
13 85 58.9907 -120.503
13 86 58.9225 -119.898
13 87 58.8519 -119.3
13 88 58.779 -118.708
13 89 58.7038 -118.124
13 90 58.6265 -117.547
13 91 58.5471 -116.978
13 92 58.4657 -116.415
13 93 58.3824 -115.86
13 94 58.2973 -115.312
13 95 58.2105 -114.772
13 96 58.1221 -114.239
13 97 58.032 -113.713
13 98 57.9406 -113.195
13 99 57.8477 -112.685
13 100 57.7535 -112.182
13 101 57.6581 -111.686
13 102 57.5615 -111.198
13 103 57.4639 -110.717
13 104 57.3653 -110.244
13 105 57.2658 -109.779
13 106 57.1655 -109.321
13 107 57.0644 -108.87
13 108 56.9626 -108.427
13 109 56.8603 -107.991
13 110 56.7574 -107.563
14 1 52.2997 -174.867
14 2 52.5603 -174.208
14 3 52.7949 -173.582
14 4 53.0156 -172.971
14 5 53.2282 -172.362
14 6 53.4326 -171.758
14 7 53.6313 -171.154
14 8 53.825 -170.548
14 9 54.0142 -169.941
14 10 54.1991 -169.33
14 11 54.38 -168.716
14 12 54.5569 -168.099
14 13 54.7299 -167.478
14 14 54.8992 -166.855
14 15 54.6988 -167.234
14 16 54.8779 -166.59
14 17 55.0502 -165.949
14 18 55.2161 -165.311
14 19 55.376 -164.675
14 20 55.5304 -164.042
14 21 55.6793 -163.409
14 22 55.8231 -162.779
14 23 55.9619 -162.15
14 24 56.0957 -161.523
14 25 56.2248 -160.897
14 26 56.3492 -160.274
14 27 56.4691 -159.652
14 28 56.5844 -159.033
14 29 56.6952 -158.416
14 30 56.8017 -157.801
14 31 56.9038 -157.19
14 32 57.0017 -156.582
14 33 57.0954 -155.978
14 34 57.1849 -155.377
14 35 57.2703 -154.781
14 36 57.3517 -154.188
14 37 57.4292 -153.601
14 38 57.5027 -153.019
14 39 57.5724 -152.442
14 40 57.6383 -151.871
14 41 57.7006 -151.306
14 42 57.7592 -150.748
14 43 57.8142 -150.196
14 44 57.8658 -149.651
14 45 57.8165 -148.43
14 46 57.8845 -147.685
14 47 57.9473 -146.94
14 48 58.0051 -146.198
14 49 58.0579 -145.458
14 50 58.1059 -144.719
14 51 58.1491 -143.983
14 52 58.1875 -143.249
14 53 58.2213 -142.517
14 54 58.2506 -141.788
14 55 58.2753 -141.062
14 56 58.2955 -140.338
14 57 58.3113 -139.617
14 58 58.3229 -138.899
14 59 58.3301 -138.185
14 60 58.3332 -137.474
14 61 58.3321 -136.767
14 62 58.327 -136.063
14 63 58.3178 -135.364
14 64 58.3048 -134.668
14 65 58.2879 -133.977
14 66 58.2671 -133.29
14 67 58.2427 -132.608
14 68 58.2146 -131.93
14 69 58.1829 -131.258
14 70 58.1478 -130.59
14 71 58.1092 -129.928
14 72 58.0672 -129.271
14 73 58.022 -128.619
14 74 57.9735 -127.973
14 75 57.922 -127.333
14 76 57.8673 -126.698
14 77 57.8098 -126.07
14 78 57.7493 -125.447
14 79 57.686 -124.831
14 80 57.62 -124.221
14 81 57.5514 -123.618
14 82 57.4802 -123.02
14 83 57.4065 -122.43
14 84 57.3304 -121.846
14 85 57.252 -121.268
14 86 57.1714 -120.698
14 87 57.0886 -120.134
14 88 57.0038 -119.577
14 89 56.917 -119.027
14 90 56.8282 -118.484
14 91 56.7377 -117.948
14 92 56.6454 -117.418
14 93 56.5515 -116.896
14 94 56.4559 -116.381
14 95 56.3589 -115.874
14 96 56.2605 -115.373
14 97 56.1608 -114.879
14 98 56.0597 -114.393
14 99 55.9575 -113.913
14 100 55.8542 -113.441
14 101 55.7499 -112.976
14 102 55.6446 -112.518
14 103 55.5385 -112.068
14 104 55.4316 -111.624
14 105 55.3239 -111.188
14 106 55.2156 -110.758
14 107 55.1066 -110.336
14 108 54.9972 -109.921
14 109 54.8873 -109.512
14 110 54.7771 -109.111
15 1 52.2174 -174.802
15 2 52.4594 -174.123
15 3 52.6745 -173.48
15 4 52.8751 -172.851
15 5 53.0663 -172.229
15 6 53.2514 -171.607
15 7 53.4295 -170.988
15 8 53.6024 -170.367
15 9 53.7707 -169.745
15 10 53.9346 -169.121
15 11 54.0943 -168.494
15 12 54.2499 -167.865
15 13 54.4015 -167.233
15 14 54.5493 -166.598
15 15 54.336 -166.978
15 16 54.4944 -166.324
15 17 54.6458 -165.673
15 18 54.7908 -165.027
15 19 54.9298 -164.383
15 20 55.0632 -163.742
15 21 55.1911 -163.103
15 22 55.3139 -162.467
15 23 55.4316 -161.833
15 24 55.5445 -161.201
15 25 55.6527 -160.572
15 26 55.7562 -159.946
15 27 55.8552 -159.322
15 28 55.9498 -158.702
15 29 56.04 -158.084
15 30 56.126 -157.47
15 31 56.2077 -156.86
15 32 56.2853 -156.254
15 33 56.3589 -155.652
15 34 56.4284 -155.054
15 35 56.494 -154.462
15 36 56.5558 -153.874
15 37 56.6138 -153.292
15 38 56.6681 -152.716
15 39 56.7188 -152.145
15 40 56.7659 -151.581
15 41 56.8095 -151.024
15 42 56.8498 -150.473
15 43 56.8867 -149.93
15 44 56.9204 -149.394
15 45 56.7841 -148.205
15 46 56.8306 -147.474
15 47 56.8721 -146.746
15 48 56.9087 -146.021
15 49 56.9404 -145.298
15 50 56.9675 -144.579
15 51 56.99 -143.862
15 52 57.0079 -143.148
15 53 57.0213 -142.438
15 54 57.0303 -141.731
15 55 57.035 -141.027
15 56 57.0355 -140.327
15 57 57.0318 -139.63
15 58 57.024 -138.937
15 59 57.0121 -138.249
15 60 56.9963 -137.564
15 61 56.9766 -136.883
15 62 56.9531 -136.207
15 63 56.9258 -135.535
15 64 56.8949 -134.868
15 65 56.8603 -134.206
15 66 56.8223 -133.548
15 67 56.7807 -132.895
15 68 56.7358 -132.248
15 69 56.6876 -131.605
15 70 56.6361 -130.969
15 71 56.5815 -130.337
15 72 56.5237 -129.711
15 73 56.463 -129.091
15 74 56.3994 -128.476
15 75 56.3329 -127.867
15 76 56.2636 -127.265
15 77 56.1916 -126.668
15 78 56.117 -126.077
15 79 56.0399 -125.493
15 80 55.9603 -124.915
15 81 55.8784 -124.343
15 82 55.7941 -123.778
15 83 55.7076 -123.219
15 84 55.619 -122.666
15 85 55.5283 -122.12
15 86 55.4357 -121.581
15 87 55.3411 -121.048
15 88 55.2447 -120.522
15 89 55.1466 -120.003
15 90 55.0468 -119.491
15 91 54.9454 -118.985
15 92 54.8425 -118.486
15 93 54.7381 -117.994
15 94 54.6324 -117.509
15 95 54.5254 -117.03
15 96 54.4173 -116.559
15 97 54.3079 -116.094
15 98 54.1975 -115.636
15 99 54.0862 -115.185
15 100 53.9739 -114.74
15 101 53.8608 -114.303
15 102 53.7469 -113.872
15 103 53.6322 -113.448
15 104 53.517 -113.031
15 105 53.4012 -112.621
15 106 53.2849 -112.218
15 107 53.1682 -111.821
15 108 53.0522 -111.435
15 109 52.9347 -111.051
15 110 52.8169 -110.674
16 1 52.1315 -174.746
16 2 52.3546 -174.049
16 3 52.5498 -173.39
16 4 52.7301 -172.746
16 5 52.9006 -172.11
16 6 53.0638 -171.477
16 7 53.2218 -170.842
16 8 53.3736 -170.21
16 9 53.5205 -169.576
16 10 53.6629 -168.941
16 11 53.8011 -168.304
16 12 53.9351 -167.665
16 13 54.065 -167.024
16 14 54.1909 -166.381
16 15 53.9632 -166.764
16 16 54.1007 -166.102
16 17 54.2311 -165.445
16 18 54.3551 -164.792
16 19 54.473 -164.142
16 20 54.5853 -163.497
16 21 54.6921 -162.854
16 22 54.7938 -162.215
16 23 54.8905 -161.578
16 24 54.9824 -160.945
16 25 55.0696 -160.315
16 26 55.1522 -159.688
16 27 55.2305 -159.065
16 28 55.3044 -158.446
16 29 55.374 -157.831
16 30 55.4396 -157.219
16 31 55.501 -156.613
16 32 55.5585 -156.01
16 33 55.6121 -155.413
16 34 55.6618 -154.821
16 35 55.7078 -154.234
16 36 55.7502 -153.653
16 37 55.789 -153.078
16 38 55.8243 -152.51
16 39 55.8562 -151.948
16 40 55.8847 -151.392
16 41 55.91 -150.844
16 42 55.9322 -150.303
16 43 55.9513 -149.77
16 44 55.9674 -149.245
16 45 55.7435 -148.099
16 46 55.7691 -147.385
16 47 55.7899 -146.674
16 48 55.8059 -145.966
16 49 55.8173 -145.262
16 50 55.8242 -144.562
16 51 55.8266 -143.866
16 52 55.8246 -143.173
16 53 55.8184 -142.484
16 54 55.8079 -141.799
16 55 55.7934 -141.118
16 56 55.7748 -140.442
16 57 55.7522 -139.769
16 58 55.7258 -139.101
16 59 55.6956 -138.437
16 60 55.6616 -137.778
16 61 55.624 -137.123
16 62 55.5828 -136.474
16 63 55.5381 -135.829
16 64 55.49 -135.189
16 65 55.4385 -134.554
16 66 55.3837 -133.924
16 67 55.3257 -133.299
16 68 55.2646 -132.68
16 69 55.2005 -132.067
16 70 55.1333 -131.458
16 71 55.0633 -130.856
16 72 54.9904 -130.259
16 73 54.9148 -129.668
16 74 54.8366 -129.083
16 75 54.7557 -128.503
16 76 54.6723 -127.93
16 77 54.5864 -127.363
16 78 54.4982 -126.802
16 79 54.4078 -126.247
16 80 54.3151 -125.698
16 81 54.2202 -125.156
16 82 54.1233 -124.619
16 83 54.0245 -124.09
16 84 53.9237 -123.566
16 85 53.8211 -123.049
16 86 53.7168 -122.539
16 87 53.6107 -122.035
16 88 53.5031 -121.537
16 89 53.3939 -121.046
16 90 53.2833 -120.561
16 91 53.1713 -120.083
16 92 53.0589 -119.616
16 93 52.9443 -119.151
16 94 52.8286 -118.692
16 95 52.7118 -118.24
16 96 52.5939 -117.795
16 97 52.4751 -117.356
16 98 52.3554 -116.923
16 99 52.2349 -116.497
16 100 52.1136 -116.078
16 101 51.9916 -115.665
16 102 51.8691 -115.259
16 103 51.746 -114.859
16 104 51.6224 -114.466
16 105 51.4983 -114.079
16 106 51.374 -113.699
16 107 51.2493 -113.325
16 108 51.1243 -112.957
16 109 50.9992 -112.596
16 110 50.874 -112.241
17 1 52.0419 -174.7
17 2 52.2462 -173.987
17 3 52.4213 -173.313
17 4 52.5809 -172.657
17 5 52.7305 -172.008
17 6 52.8724 -171.364
17 7 53.0081 -170.721
17 8 53.1392 -170.076
17 9 53.2645 -169.433
17 10 53.3852 -168.79
17 11 53.5015 -168.145
17 12 53.6136 -167.499
17 13 53.7216 -166.851
17 14 53.8255 -166.202
17 15 53.5816 -166.593
17 16 53.6982 -165.925
17 17 53.8076 -165.263
17 18 53.9105 -164.606
17 19 54.0073 -163.954
17 20 54.0984 -163.305
17 21 54.1841 -162.661
17 22 54.2647 -162.021
17 23 54.3404 -161.385
17 24 54.4113 -160.752
17 25 54.4776 -160.123
17 26 54.5395 -159.499
17 27 54.5971 -158.879
17 28 54.6504 -158.263
17 29 54.6997 -157.652
17 30 54.7449 -157.045
17 31 54.7863 -156.444
17 32 54.8238 -155.848
17 33 54.8576 -155.257
17 34 54.8878 -154.672
17 35 54.9145 -154.094
17 36 54.9377 -153.521
17 37 54.9575 -152.955
17 38 54.9741 -152.396
17 39 54.9875 -151.844
17 40 54.9978 -151.299
17 41 55.0051 -150.761
17 42 55.0095 -150.231
17 43 55.0111 -149.71
17 44 55.01 -149.196
17 45 54.6977 -148.105
17 46 54.7031 -147.407
17 47 54.7039 -146.714
17 48 54.7 -146.025
17 49 54.6917 -145.341
17 50 54.679 -144.66
17 51 54.662 -143.984
17 52 54.6408 -143.313
17 53 54.6156 -142.646
17 54 54.5864 -141.983
17 55 54.5532 -141.325
17 56 54.5163 -140.671
17 57 54.4756 -140.022
17 58 54.4312 -139.378
17 59 54.3833 -138.739
17 60 54.3318 -138.104
17 61 54.2769 -137.475
17 62 54.2187 -136.851
17 63 54.1572 -136.231
17 64 54.0926 -135.618
17 65 54.0248 -135.009
17 66 53.9539 -134.406
17 67 53.8801 -133.808
17 68 53.8034 -133.216
17 69 53.724 -132.629
17 70 53.6417 -132.048
17 71 53.5569 -131.473
17 72 53.4694 -130.903
17 73 53.3794 -130.34
17 74 53.287 -129.782
17 75 53.1923 -129.23
17 76 53.0952 -128.684
17 77 52.9966 -128.148
17 78 52.8952 -127.614
17 79 52.7918 -127.086
17 80 52.6863 -126.564
17 81 52.579 -126.049
17 82 52.4698 -125.539
17 83 52.3588 -125.036
17 84 52.2462 -124.539
17 85 52.1319 -124.049
17 86 52.0161 -123.564
17 87 51.8989 -123.086
17 88 51.7802 -122.614
17 89 51.6602 -122.149
17 90 51.5389 -121.69
17 91 51.4165 -121.237
17 92 51.2929 -120.79
17 93 51.1683 -120.35
17 94 51.0427 -119.916
17 95 50.9161 -119.489
17 96 50.7888 -119.068
17 97 50.6606 -118.653
17 98 50.5317 -118.244
17 99 50.4022 -117.842
17 100 50.2732 -117.45
17 101 50.1427 -117.06
17 102 50.0117 -116.677
17 103 49.8803 -116.3
17 104 49.7486 -115.929
17 105 49.6165 -115.564
17 106 49.4843 -115.206
17 107 49.3519 -114.853
17 108 49.2193 -114.507
17 109 49.0867 -114.167
17 110 48.9541 -113.833
18 1 51.9488 -174.666
18 2 52.1345 -173.937
18 3 52.2893 -173.25
18 4 52.428 -172.583
18 5 52.5563 -171.924
18 6 52.6768 -171.27
18 7 52.7908 -170.619
18 8 52.8993 -169.969
18 9 53.0028 -169.319
18 10 53.1022 -168.667
18 11 53.1965 -168.017
18 12 53.2866 -167.366
18 13 53.3724 -166.714
18 14 53.4542 -166.062
18 15 53.1925 -166.464
18 16 53.2881 -165.793
18 17 53.3766 -165.128
18 18 53.4584 -164.469
18 19 53.5342 -163.816
18 20 53.6042 -163.167
18 21 53.6689 -162.524
18 22 53.7285 -161.885
18 23 53.7832 -161.251
18 24 53.8333 -160.621
18 25 53.8789 -159.996
18 26 53.9202 -159.375
18 27 53.9572 -158.76
18 28 53.9902 -158.15
18 29 54.0192 -157.545
18 30 54.0444 -156.945
18 31 54.0659 -156.351
18 32 54.0837 -155.763
18 33 54.0981 -155.181
18 34 54.1089 -154.605
18 35 54.1165 -154.035
18 36 54.1209 -153.473
18 37 54.1221 -152.917
18 38 54.1202 -152.369
18 39 54.1155 -151.828
18 40 54.1079 -151.294
18 41 54.0975 -150.769
18 42 54.0845 -150.251
18 43 54.0689 -149.742
18 44 54.0509 -149.242
18 45 53.6494 -148.215
18 46 53.6353 -147.535
18 47 53.6167 -146.86
18 48 53.5936 -146.19
18 49 53.5662 -145.525
18 50 53.5346 -144.865
18 51 53.4989 -144.209
18 52 53.4593 -143.559
18 53 53.4157 -142.913
18 54 53.3683 -142.272
18 55 53.3173 -141.636
18 56 53.2626 -141.005
18 57 53.2044 -140.379
18 58 53.1427 -139.759
18 59 53.0781 -139.147
18 60 53.0098 -138.536
18 61 52.9383 -137.931
18 62 52.8637 -137.331
18 63 52.786 -136.737
18 64 52.7053 -136.147
18 65 52.6218 -135.564
18 66 52.5354 -134.986
18 67 52.4464 -134.413
18 68 52.3546 -133.846
18 69 52.2603 -133.285
18 70 52.1635 -132.73
18 71 52.0642 -132.18
18 72 51.9626 -131.636
18 73 51.8587 -131.098
18 74 51.7526 -130.565
18 75 51.6443 -130.039
18 76 51.534 -129.519
18 77 51.4217 -129.004
18 78 51.3075 -128.496
18 79 51.1915 -127.993
18 80 51.0736 -127.497
18 81 50.9541 -127.007
18 82 50.833 -126.522
18 83 50.7103 -126.044
18 84 50.5861 -125.572
18 85 50.4604 -125.106
18 86 50.3335 -124.646
18 87 50.2063 -124.196
18 88 50.0769 -123.749
18 89 49.9465 -123.308
18 90 49.8149 -122.873
18 91 49.6824 -122.444
18 92 49.5489 -122.021
18 93 49.4145 -121.605
18 94 49.2793 -121.194
18 95 49.1434 -120.789
18 96 49.0067 -120.391
18 97 48.8695 -119.999
18 98 48.7317 -119.612
18 99 48.5933 -119.232
18 100 48.4546 -118.858
18 101 48.3154 -118.49
18 102 48.1759 -118.127
18 103 48.0361 -117.771
18 104 47.8962 -117.421
18 105 47.756 -117.076
18 106 47.6158 -116.738
18 107 47.4755 -116.405
18 108 47.3351 -116.078
18 109 47.1949 -115.757
18 110 47.0547 -115.442
19 1 51.852 -174.643
19 2 52.0196 -173.898
19 3 52.1541 -173.201
19 4 52.2718 -172.524
19 5 52.3787 -171.858
19 6 52.4775 -171.197
19 7 52.5698 -170.539
19 8 52.6564 -169.883
19 9 52.7378 -169.229
19 10 52.8145 -168.575
19 11 52.8867 -167.921
19 12 52.9546 -167.268
19 13 53.0183 -166.614
19 14 53.0779 -165.961
19 15 52.7958 -166.38
19 16 52.8707 -165.707
19 17 52.9383 -165.042
19 18 52.9993 -164.384
19 19 53.0541 -163.731
19 20 53.1042 -163.081
19 21 53.148 -162.44
19 22 53.1868 -161.805
19 23 53.2208 -161.175
19 24 53.2502 -160.55
19 25 53.2753 -159.93
19 26 53.2961 -159.316
19 27 53.3129 -158.707
19 28 53.3257 -158.104
19 29 53.3348 -157.507
19 30 53.3402 -156.916
19 31 53.3421 -156.33
19 32 53.3405 -155.752
19 33 53.3357 -155.179
19 34 53.3276 -154.614
19 35 53.3164 -154.055
19 36 53.3022 -153.504
19 37 53.2851 -152.96
19 38 53.2652 -152.424
19 39 53.2426 -151.895
19 40 53.2174 -151.374
19 41 53.1897 -150.862
19 42 53.1597 -150.357
19 43 53.1273 -149.862
19 44 53.0928 -149.375
19 45 52.6012 -148.425
19 46 52.5683 -147.763
19 47 52.5309 -147.107
19 48 52.4893 -146.456
19 49 52.4435 -145.81
19 50 52.3937 -145.169
19 51 52.3399 -144.534
19 52 52.2824 -143.904
19 53 52.2211 -143.279
19 54 52.1563 -142.66
19 55 52.0879 -142.046
19 56 52.0161 -141.437
19 57 51.941 -140.834
19 58 51.8626 -140.236
19 59 51.7811 -139.643
19 60 51.6965 -139.056
19 61 51.6089 -138.474
19 62 51.5184 -137.898
19 63 51.4251 -137.327
19 64 51.329 -136.762
19 65 51.2302 -136.202
19 66 51.1289 -135.648
19 67 51.025 -135.1
19 68 50.9187 -134.557
19 69 50.81 -134.02
19 70 50.6991 -133.489
19 71 50.5859 -132.963
19 72 50.4706 -132.444
19 73 50.3532 -131.93
19 74 50.2346 -131.426
19 75 50.1134 -130.924
19 76 49.9903 -130.428
19 77 49.8655 -129.938
19 78 49.7389 -129.454
19 79 49.6107 -128.975
19 80 49.481 -128.503
19 81 49.3497 -128.037
19 82 49.217 -127.576
19 83 49.083 -127.122
19 84 48.9476 -126.673
19 85 48.811 -126.231
19 86 48.6733 -125.794
19 87 48.5344 -125.363
19 88 48.3946 -124.939
19 89 48.2537 -124.52
19 90 48.112 -124.107
19 91 47.9694 -123.7
19 92 47.826 -123.299
19 93 47.6819 -122.904
19 94 47.5371 -122.515
19 95 47.3918 -122.131
19 96 47.2459 -121.754
19 97 47.0995 -121.382
19 98 46.9527 -121.016
19 99 46.8055 -120.656
19 100 46.658 -120.302
19 101 46.5102 -119.953
19 102 46.3622 -119.611
19 103 46.2141 -119.274
19 104 46.0659 -118.943
19 105 45.9176 -118.617
19 106 45.7693 -118.297
19 107 45.6211 -117.983
19 108 45.4729 -117.674
19 109 45.3249 -117.371
19 110 45.1771 -117.074
20 1 51.7514 -174.632
20 2 51.9016 -173.873
20 3 52.0161 -173.166
20 4 52.1128 -172.482
20 5 52.1982 -171.809
20 6 52.2753 -171.143
20 7 52.3456 -170.481
20 8 52.4102 -169.822
20 9 52.4696 -169.165
20 10 52.5241 -168.509
20 11 52.5742 -167.854
20 12 52.6199 -167.2
20 13 52.6614 -166.547
20 14 52.6989 -165.895
20 15 52.3951 -166.335
20 16 52.4495 -165.662
20 17 52.4965 -164.998
20 18 52.5367 -164.341
20 19 52.5708 -163.692
20 20 52.5993 -163.049
20 21 52.6224 -162.412
20 22 52.6406 -161.782
20 23 52.6541 -161.158
20 24 52.6632 -160.539
20 25 52.668 -159.927
20 26 52.6687 -159.32
20 27 52.6655 -158.72
20 28 52.6586 -158.126
20 29 52.648 -157.538
20 30 52.634 -156.956
20 31 52.6166 -156.382
20 32 52.596 -155.814
20 33 52.5723 -155.253
20 34 52.5456 -154.699
20 35 52.516 -154.152
20 36 52.4836 -153.613
20 37 52.4486 -153.082
20 38 52.411 -152.558
20 39 52.371 -152.043
20 40 52.3286 -151.536
20 41 52.284 -151.037
20 42 52.2373 -150.546
20 43 52.1885 -150.065
20 44 52.1378 -149.592
20 45 51.5544 -148.722
20 46 51.5033 -148.078
20 47 51.4479 -147.441
20 48 51.3883 -146.809
20 49 51.3248 -146.182
20 50 51.2574 -145.561
20 51 51.1862 -144.946
20 52 51.1114 -144.337
20 53 51.0331 -143.733
20 54 50.9514 -143.135
20 55 50.8663 -142.542
20 56 50.778 -141.955
20 57 50.6865 -141.373
20 58 50.5921 -140.797
20 59 50.4946 -140.227
20 60 50.3943 -139.662
20 61 50.2919 -139.106
20 62 50.1861 -138.553
20 63 50.0777 -138.005
20 64 49.9668 -137.463
20 65 49.8534 -136.927
20 66 49.7377 -136.396
20 67 49.6196 -135.871
20 68 49.4993 -135.352
20 69 49.3768 -134.838
20 70 49.2523 -134.331
20 71 49.1257 -133.829
20 72 48.9972 -133.332
20 73 48.8669 -132.842
20 74 48.7347 -132.357
20 75 48.6008 -131.878
20 76 48.4652 -131.405
20 77 48.3281 -130.938
20 78 48.1895 -130.476
20 79 48.0493 -130.02
20 80 47.9079 -129.571
20 81 47.765 -129.126
20 82 47.621 -128.688
20 83 47.4757 -128.256
20 84 47.3294 -127.829
20 85 47.1819 -127.408
20 86 47.0335 -126.993
20 87 46.8841 -126.584
20 88 46.7339 -126.18
20 89 46.5828 -125.782
20 90 46.431 -125.39
20 91 46.2785 -125.004
20 92 46.1254 -124.623
20 93 45.9716 -124.248
20 94 45.8174 -123.879
20 95 45.6627 -123.516
20 96 45.5076 -123.158
20 97 45.3521 -122.805
20 98 45.1964 -122.459
20 99 45.0403 -122.118
20 100 44.8841 -121.782
20 101 44.7277 -121.453
20 102 44.5713 -121.128
20 103 44.4148 -120.81
20 104 44.2583 -120.496
20 105 44.1018 -120.189
20 106 43.9454 -119.886
20 107 43.7892 -119.59
20 108 43.6332 -119.298
20 109 43.4774 -119.012
20 110 43.3219 -118.732
21 1 51.6466 -174.635
21 2 51.7807 -173.861
21 3 51.8754 -173.146
21 4 51.9511 -172.456
21 5 52.0151 -171.779
21 6 52.0705 -171.11
21 7 52.119 -170.446
21 8 52.1615 -169.785
21 9 52.1989 -169.127
21 10 52.2313 -168.472
21 11 52.2593 -167.818
21 12 52.2829 -167.166
21 13 52.3023 -166.515
21 14 52.3178 -165.865
21 15 51.9898 -166.331
21 16 52.024 -165.66
21 17 52.0507 -164.998
21 18 52.0705 -164.345
21 19 52.0842 -163.701
21 20 52.0923 -163.063
21 21 52.0951 -162.433
21 22 52.093 -161.809
21 23 52.0863 -161.192
21 24 52.0752 -160.582
21 25 52.0601 -159.978
21 26 52.041 -159.38
21 27 52.0181 -158.79
21 28 51.9917 -158.206
21 29 51.9618 -157.628
21 30 51.9287 -157.058
21 31 51.8924 -156.495
21 32 51.853 -155.939
21 33 51.8108 -155.39
21 34 51.7658 -154.849
21 35 51.7182 -154.315
21 36 51.668 -153.79
21 37 51.6154 -153.272
21 38 51.5605 -152.762
21 39 51.5034 -152.261
21 40 51.4442 -151.768
21 41 51.383 -151.283
21 42 51.3199 -150.808
21 43 51.255 -150.341
21 44 51.1885 -149.883
21 45 50.511 -149.108
21 46 50.4423 -148.482
21 47 50.3695 -147.863
21 48 50.2934 -147.253
21 49 50.2128 -146.646
21 50 50.1285 -146.045
21 51 50.0407 -145.45
21 52 49.9493 -144.86
21 53 49.8546 -144.277
21 54 49.7567 -143.7
21 55 49.6556 -143.128
21 56 49.5514 -142.562
21 57 49.4443 -142.002
21 58 49.3344 -141.448
21 59 49.2216 -140.899
21 60 49.1062 -140.356
21 61 48.9882 -139.819
21 62 48.8677 -139.288
21 63 48.7448 -138.762
21 64 48.6194 -138.242
21 65 48.4919 -137.727
21 66 48.3621 -137.219
21 67 48.2302 -136.716
21 68 48.0963 -136.219
21 69 47.9604 -135.727
21 70 47.8226 -135.242
21 71 47.683 -134.762
21 72 47.5416 -134.287
21 73 47.3985 -133.819
21 74 47.2538 -133.356
21 75 47.1076 -132.899
21 76 46.9599 -132.447
21 77 46.8108 -132.001
21 78 46.6603 -131.561
21 79 46.5086 -131.127
21 80 46.3556 -130.698
21 81 46.2015 -130.275
21 82 46.0463 -129.858
21 83 45.8901 -129.446
21 84 45.7329 -129.04
21 85 45.5748 -128.639
21 86 45.4158 -128.245
21 87 45.2561 -127.856
21 88 45.0956 -127.472
21 89 44.9345 -127.094
21 90 44.7728 -126.722
21 91 44.6105 -126.355
21 92 44.4477 -125.993
21 93 44.2844 -125.638
21 94 44.1208 -125.287
21 95 43.9568 -124.943
21 96 43.7925 -124.603
21 97 43.628 -124.27
21 98 43.4633 -123.941
21 99 43.2984 -123.618
21 100 43.1335 -123.301
21 101 42.9685 -122.989
21 102 42.8035 -122.682
21 103 42.6386 -122.381
21 104 42.4738 -122.085
21 105 42.3091 -121.794
21 106 42.1446 -121.508
21 107 41.9803 -121.228
21 108 41.8163 -120.953
21 109 41.6525 -120.684
21 110 41.4892 -120.419
