16 75 1995 29376000
0 0.000000 180 45
0 1 62.8884 24.9219
0 2 63.3187 24.3162
0 3 63.6921 23.7243
0 4 64.043 23.129
0 5 64.377 22.5284
0 6 64.7012 21.9184
0 7 65.0179 21.2976
0 8 65.3285 20.6649
0 9 65.6337 20.0197
0 10 65.9341 19.3613
0 11 66.2299 18.6894
0 12 66.5213 18.0034
0 13 66.8085 17.303
0 14 67.0914 16.5878
0 15 66.7324 16.7333
0 16 67.0344 16.0054
0 17 67.3266 15.2673
0 18 67.6099 14.5185
0 19 67.8849 13.7589
0 20 68.152 12.9881
0 21 68.4117 12.2061
0 22 68.6641 11.4129
0 23 68.9094 10.6085
0 24 69.1478 9.79313
0 25 69.3793 8.96691
0 26 69.604 8.13012
0 27 69.8219 7.2831
0 28 70.0331 6.42621
0 29 70.2375 5.5599
0 30 70.4352 4.68465
0 31 70.6262 3.80101
0 32 70.8103 2.90959
0 33 70.9877 2.01104
0 34 71.1583 1.10607
0 35 71.3221 0.195445
0 36 71.4791 -0.72004
0 37 71.6293 -1.63953
0 38 71.7728 -2.56212
0 39 71.9095 -3.48688
0 40 72.0394 -4.41284
0 41 72.1627 -5.33899
0 42 72.2793 -6.26429
0 43 72.3893 -7.18768
0 44 72.4928 -8.10808
0 45 72.3359 -10.3721
0 46 72.4746 -11.6284
0 47 72.6037 -12.8964
0 48 72.7232 -14.175
0 49 72.8332 -15.4633
0 50 72.9336 -16.76
0 51 73.0245 -18.0642
0 52 73.1059 -19.3745
0 53 73.178 -20.6896
0 54 73.2408 -22.0084
0 55 73.2942 -23.3293
0 56 73.3385 -24.6511
0 57 73.3736 -25.9723
0 58 73.3998 -27.2916
0 59 73.417 -28.6074
0 60 73.4254 -29.9186
0 61 73.4251 -31.2236
0 62 73.4164 -32.5211
0 63 73.3992 -33.8098
0 64 73.3738 -35.0885
0 65 73.3404 -36.356
0 66 73.2991 -37.6111
0 67 73.2501 -38.8527
0 68 73.1936 -40.0798
0 69 73.1299 -41.2915
0 70 73.0591 -42.4868
0 71 72.9814 -43.665
0 72 72.8971 -44.8254
0 73 72.8065 -45.9673
0 74 72.7096 -47.0901
0 75 72.6068 -48.1934
1 1 62.952 25.0604
1 2 63.3904 24.4989
1 3 63.7758 23.9498
1 4 64.14 23.3972
1 5 64.4881 22.8392
1 6 64.827 22.2719
1 7 65.1588 21.694
1 8 65.4849 21.1042
1 9 65.8062 20.502
1 10 66.1229 19.8867
1 11 66.4355 19.2578
1 12 66.744 18.6147
1 13 67.0487 17.957
1 14 67.3495 17.2843
1 15 67.0102 17.4288
1 16 67.329 16.7424
1 17 67.6386 16.0452
1 18 67.9398 15.3367
1 19 68.2331 14.6164
1 20 68.5189 13.8841
1 21 68.7976 13.1396
1 22 69.0695 12.3828
1 23 69.3345 11.6136
1 24 69.593 10.8321
1 25 69.8449 10.0383
1 26 70.0903 9.23232
1 27 70.3291 8.41441
1 28 70.5615 7.58479
1 29 70.7873 6.74378
1 30 71.0066 5.89175
1 31 71.2192 5.02912
1 32 71.4253 4.15639
1 33 71.6247 3.27408
1 34 71.8174 2.38282
1 35 72.0034 1.48325
1 36 72.1827 0.576108
1 37 72.3551 -0.337843
1 38 72.5208 -1.25777
1 39 72.6797 -2.18278
1 40 72.8318 -3.11194
1 41 72.9771 -4.04427
1 42 73.1156 -4.97873
1 43 73.2474 -5.91426
1 44 73.3725 -6.84975
1 45 73.3205 -9.19509
1 46 73.4851 -10.4872
1 47 73.6401 -11.7965
1 48 73.7853 -13.1223
1 49 73.9208 -14.4634
1 50 74.0465 -15.8189
1 51 74.1624 -17.1874
1 52 74.2685 -18.5678
1 53 74.3648 -19.9585
1 54 74.4513 -21.3581
1 55 74.528 -22.7652
1 56 74.595 -24.1779
1 57 74.6522 -25.5948
1 58 74.6998 -27.014
1 59 74.7377 -28.4338
1 60 74.7662 -29.8524
1 61 74.7852 -31.2682
1 62 74.7949 -32.6793
1 63 74.7955 -34.084
1 64 74.787 -35.4806
1 65 74.7696 -36.8675
1 66 74.7435 -38.2431
1 67 74.7089 -39.6059
1 68 74.666 -40.9545
1 69 74.615 -42.2874
1 70 74.5561 -43.6036
1 71 74.4896 -44.9017
1 72 74.4156 -46.1808
1 73 74.3345 -47.4399
1 74 74.2464 -48.6782
1 75 74.1516 -49.8948
2 1 63.0085 25.2069
2 2 63.4553 24.691
2 3 63.8544 24.1852
2 4 64.2287 23.6791
2 5 64.5899 23.1663
2 6 64.9424 22.6447
2 7 65.2883 22.1126
2 8 65.6289 21.5692
2 9 65.965 21.0136
2 10 66.2969 20.4452
2 11 66.6252 19.8634
2 12 66.9497 19.2676
2 13 67.2708 18.6574
2 14 67.5884 18.0322
2 15 67.2658 18.1791
2 16 67.6006 17.5395
2 17 67.9267 16.8887
2 18 68.2448 16.2262
2 19 68.5555 15.5515
2 20 68.8591 14.8643
2 21 69.156 14.1642
2 22 69.4464 13.4511
2 23 69.7304 12.7247
2 24 70.0082 11.985
2 25 70.2797 11.2319
2 26 70.545 10.4653
2 27 70.8041 9.68543
2 28 71.0569 8.8923
2 29 71.3036 8.08609
2 30 71.5439 7.26702
2 31 71.7778 6.43537
2 32 72.0054 5.59148
2 33 72.2265 4.73574
2 34 72.4411 3.86862
2 35 72.6491 2.99064
2 36 72.8505 2.10239
2 37 73.0452 1.20451
2 38 73.2332 0.297734
2 39 73.4145 -0.617162
2 40 73.5889 -1.53933
2 41 73.7566 -2.46787
2 42 73.9174 -3.4018
2 43 74.0714 -4.34009
2 44 74.2186 -5.28168
2 45 74.2694 -7.67261
2 46 74.4614 -8.99151
2 47 74.6437 -10.3344
2 48 74.8163 -11.7006
2 49 74.979 -13.0892
2 50 75.1318 -14.4994
2 51 75.2746 -15.9299
2 52 75.4074 -17.3795
2 53 75.5299 -18.8469
2 54 75.6423 -20.3303
2 55 75.7444 -21.8282
2 56 75.8361 -23.3387
2 57 75.9175 -24.8598
2 58 75.9886 -26.3896
2 59 76.0494 -27.9259
2 60 76.0999 -29.4665
2 61 76.1401 -31.0092
2 62 76.1701 -32.5517
2 63 76.1901 -34.0917
2 64 76.2001 -35.627
2 65 76.2002 -37.1554
2 66 76.1907 -38.6746
2 67 76.1717 -40.1825
2 68 76.1433 -41.6772
2 69 76.1059 -43.1566
2 70 76.0596 -44.619
2 71 76.0047 -46.0626
2 72 75.9414 -47.486
2 73 75.8699 -48.8876
2 74 75.7907 -50.2663
2 75 75.7039 -51.6208
3 1 63.0583 25.3604
3 2 63.5133 24.8917
3 3 63.9231 24.4327
3 4 64.3088 23.9737
3 5 64.682 23.5086
3 6 65.047 23.0352
3 7 65.4058 22.552
3 8 65.7597 22.058
3 9 66.1094 21.5524
3 10 66.4554 21.0346
3 11 66.798 20.5038
3 12 67.1374 19.9597
3 13 67.4736 19.4015
3 14 67.8067 18.8288
3 15 67.4981 18.9812
3 16 67.8479 18.3934
3 17 68.1894 17.7946
3 18 68.5233 17.184
3 19 68.8503 16.5612
3 20 69.1706 15.9257
3 21 69.4846 15.2772
3 22 69.7925 14.6152
3 23 70.0944 13.9395
3 24 70.3903 13.25
3 25 70.6804 12.5463
3 26 70.9647 11.8284
3 27 71.2431 11.0961
3 28 71.5156 10.3495
3 29 71.7822 9.58854
3 30 72.0428 8.81327
3 31 72.2973 8.02381
3 32 72.5458 7.22032
3 33 72.788 6.40304
3 34 73.0239 5.57225
3 35 73.2535 4.7283
3 36 73.4767 3.87159
3 37 73.6934 3.00262
3 38 73.9035 2.12194
3 39 74.107 1.23016
3 40 74.3038 0.32799
3 41 74.4938 -0.583803
3 42 74.6771 -1.50438
3 43 74.8536 -2.43281
3 44 75.0232 -3.36812
3 45 75.1743 -5.75707
3 46 75.3949 -7.08881
3 47 75.6061 -8.45216
3 48 75.8076 -9.84684
3 49 75.9994 -11.2724
3 50 76.1812 -12.7283
3 51 76.353 -14.2136
3 52 76.5145 -15.7273
3 53 76.6656 -17.2682
3 54 76.8061 -18.8348
3 55 76.936 -20.4254
3 56 77.0551 -22.0381
3 57 77.1633 -23.6709
3 58 77.2604 -25.3214
3 59 77.3465 -26.9872
3 60 77.4215 -28.6656
3 61 77.4853 -30.3538
3 62 77.538 -32.049
3 63 77.5796 -33.7482
3 64 77.6101 -35.4483
3 65 77.6297 -37.1462
3 66 77.6385 -38.8391
3 67 77.6366 -40.5238
3 68 77.6242 -42.1974
3 69 77.6014 -43.8571
3 70 77.5686 -45.5003
3 71 77.526 -47.1244
3 72 77.4739 -48.727
3 73 77.4124 -50.306
3 74 77.342 -51.8594
3 75 77.263 -53.3854
4 1 63.1016 25.5203
4 2 63.5645 25.1001
4 3 63.9839 24.6897
4 4 64.38 24.2798
4 5 64.7641 23.8647
4 6 65.1404 23.442
4 7 65.5108 23.0103
4 8 65.8767 22.5687
4 9 66.2388 22.1163
4 10 66.5975 21.6525
4 11 66.9532 21.1766
4 12 67.3059 20.6881
4 13 67.6559 20.1863
4 14 68.0032 19.6708
4 15 67.7061 19.8316
4 16 68.0695 19.3006
4 17 68.4252 18.7591
4 18 68.7737 18.2062
4 19 69.1156 17.6415
4 20 69.4514 17.0644
4 21 69.7812 16.4744
4 22 70.1052 15.8712
4 23 70.4237 15.2543
4 24 70.7366 14.6234
4 25 71.0441 13.9782
4 26 71.3461 13.3185
4 27 71.6426 12.644
4 28 71.9336 11.9546
4 29 72.219 11.25
4 30 72.4988 10.5303
4 31 72.7729 9.79535
4 32 73.0412 9.04511
4 33 73.3036 8.27965
4 34 73.56 7.49904
4 35 73.8104 6.70345
4 36 74.0547 5.89308
4 37 74.2927 5.0682
4 38 74.5244 4.22916
4 39 74.7497 3.37638
4 40 74.9685 2.51035
4 41 75.1807 1.63163
4 42 75.3863 0.740871
4 43 75.5852 -0.16119
4 44 75.7774 -1.07374
4 45 76.0251 -3.3983
4 46 76.2754 -4.72204
4 47 76.5166 -6.08558
4 48 76.7486 -7.48936
4 49 76.971 -8.93362
4 50 77.1837 -10.4184
4 51 77.3865 -11.9435
4 52 77.5791 -13.5086
4 53 77.7612 -15.1128
4 54 77.9327 -16.7551
4 55 78.0932 -18.4343
4 56 78.2425 -20.1488
4 57 78.3804 -21.8964
4 58 78.5068 -23.6749
4 59 78.6213 -25.4816
4 60 78.7239 -27.3136
4 61 78.8145 -29.1676
4 62 78.8928 -31.0399
4 63 78.959 -32.9269
4 64 79.0128 -34.8244
4 65 79.0545 -36.7283
4 66 79.0839 -38.6345
4 67 79.1012 -40.5385
4 68 79.1066 -42.4362
4 69 79.1002 -44.3232
4 70 79.0822 -46.1956
4 71 79.0529 -48.0494
4 72 79.0125 -49.881
4 73 78.9614 -51.687
4 74 78.8999 -53.4642
4 75 78.8284 -55.2098
5 1 63.1385 25.6859
5 2 63.6087 25.3154
5 3 64.0369 24.9552
5 4 64.4422 24.5963
5 5 64.836 24.2331
5 6 65.2222 23.8634
5 7 65.603 23.4857
5 8 65.9795 23.0991
5 9 66.3526 22.7028
5 10 66.7226 22.2962
5 11 67.0898 21.8787
5 12 67.4545 21.4496
5 13 67.8168 21.0084
5 14 68.1767 20.5545
5 15 67.8885 20.7261
5 16 68.2643 20.2567
5 17 68.6327 19.7775
5 18 68.9944 19.2879
5 19 69.3499 18.7873
5 20 69.6995 18.2749
5 21 70.0436 17.7505
5 22 70.3823 17.2133
5 23 70.7159 16.6631
5 24 71.0443 16.0994
5 25 71.3676 15.5219
5 26 71.6858 14.93
5 27 71.9989 14.3237
5 28 72.3069 13.7024
5 29 72.6097 13.066
5 30 72.9072 12.4143
5 31 73.1994 11.7469
5 32 73.4862 11.0637
5 33 73.7676 10.3646
5 34 74.0433 9.6494
5 35 74.3133 8.91816
5 36 74.5775 8.17083
5 37 74.8358 7.40747
5 38 75.0882 6.62817
5 39 75.3344 5.83312
5 40 75.5744 5.02255
5 41 75.8081 4.1968
5 42 76.0355 3.35625
5 43 76.2563 2.50138
5 44 76.4706 1.63277
5 45 76.8098 -0.547645
5 46 77.0903 -1.83379
5 47 77.3623 -3.16776
5 48 77.6257 -4.55097
5 49 77.8802 -5.98474
5 50 78.1255 -7.47019
5 51 78.3612 -9.00825
5 52 78.5871 -10.5996
5 53 78.8027 -12.2446
5 54 79.0078 -13.9434
5 55 79.202 -15.6955
5 56 79.3849 -17.5003
5 57 79.5562 -19.3564
5 58 79.7154 -21.2621
5 59 79.8623 -23.2151
5 60 79.9966 -25.2126
5 61 80.1179 -27.2509
5 62 80.226 -29.3262
5 63 80.3206 -31.4338
5 64 80.4016 -33.5686
5 65 80.4689 -35.7251
5 66 80.5223 -37.8974
5 67 80.562 -40.0793
5 68 80.5878 -42.2644
5 69 80.6 -44.4463
5 70 80.5987 -46.6186
5 71 80.5841 -48.775
5 72 80.5565 -50.9096
5 73 80.5163 -53.0167
5 74 80.4638 -55.091
5 75 80.3995 -57.128
6 1 63.169 25.8564
6 2 63.6459 25.5368
6 3 64.0818 25.2281
6 4 64.4951 24.9219
6 5 64.8973 24.6124
6 6 65.2922 24.2976
6 7 65.6819 23.976
6 8 66.0677 23.6469
6 9 66.4502 23.3093
6 10 66.83 22.9628
6 11 67.2073 22.6067
6 12 67.5824 22.2405
6 13 67.9553 21.8636
6 14 68.3262 21.4754
6 15 68.0444 21.6601
6 16 68.4311 21.2565
6 17 68.8107 20.8445
6 18 69.1839 20.4232
6 19 69.5513 19.9922
6 20 69.9132 19.5507
6 21 70.2699 19.0982
6 22 70.6216 18.6343
6 23 70.9684 18.1584
6 24 71.3105 17.6701
6 25 71.6478 17.169
6 26 71.9805 16.6546
6 27 72.3084 16.1265
6 28 72.6316 15.5844
6 29 72.95 15.0279
6 30 73.2635 14.4566
6 31 73.5721 13.8702
6 32 73.8757 13.2684
6 33 74.1742 12.6508
6 34 74.4675 12.0173
6 35 74.7555 11.3675
6 36 75.038 10.7014
6 37 75.3151 10.0187
6 38 75.5866 9.31929
6 39 75.8523 8.60316
6 40 76.1122 7.87027
6 41 76.3662 7.12069
6 42 76.6141 6.35453
6 43 76.8558 5.57197
6 44 77.0913 4.77328
6 45 77.5143 2.83494
6 46 77.8247 1.62617
6 47 78.1276 0.363155
6 48 78.4227 -0.956806
6 49 78.7098 -2.33641
6 50 78.9886 -3.77831
6 51 79.2587 -5.28509
6 52 79.5196 -6.85922
6 53 79.7711 -8.50295
6 54 80.0125 -10.2183
6 55 80.2435 -12.0069
6 56 80.4635 -13.87
6 57 80.672 -15.8082
6 58 80.8685 -17.8217
6 59 81.0525 -19.9097
6 60 81.2233 -22.0706
6 61 81.3806 -24.3019
6 62 81.5237 -26.6001
6 63 81.6522 -28.9605
6 64 81.7657 -31.3774
6 65 81.8638 -33.8439
6 66 81.9462 -36.3521
6 67 82.0127 -38.8932
6 68 82.0632 -41.4576
6 69 82.0975 -44.0353
6 70 82.1158 -46.6157
6 71 82.1182 -49.1883
6 72 82.1049 -51.7426
6 73 82.0764 -54.2689
6 74 82.033 -56.7576
6 75 81.9752 -59.2005
7 1 63.1931 26.0312
7 2 63.6761 25.7633
7 3 64.1184 25.5074
7 4 64.5386 25.2551
7 5 64.9478 25.0009
7 6 65.35 24.7427
7 7 65.7472 24.4792
7 8 66.1406 24.2095
7 9 66.5311 23.933
7 10 66.9191 23.6491
7 11 67.3049 23.3572
7 12 67.6886 23.0568
7 13 68.0705 22.7474
7 14 68.4507 22.4286
7 15 68.1729 22.6281
7 16 68.5688 22.2943
7 17 68.9579 21.9536
7 18 69.3409 21.6053
7 19 69.7184 21.2488
7 20 70.0907 20.8836
7 21 70.4581 20.5091
7 22 70.8208 20.1248
7 23 71.179 19.7302
7 24 71.5328 19.3249
7 25 71.8821 18.9085
7 26 72.2272 18.4805
7 27 72.5678 18.0404
7 28 72.9041 17.5879
7 29 73.2359 17.1225
7 30 73.5633 16.6439
7 31 73.8861 16.1515
7 32 74.2043 15.6452
7 33 74.5178 15.1243
7 34 74.8265 14.5887
7 35 75.1303 14.0379
7 36 75.4291 13.4717
7 37 75.7228 12.8896
7 38 76.0113 12.2914
7 39 76.2945 11.6769
7 40 76.5722 11.0458
7 41 76.8445 10.398
7 42 77.1111 9.73333
7 43 77.3719 9.05167
7 44 77.6269 8.35302
7 45 78.1226 6.77011
7 46 78.4614 5.68885
7 47 78.794 4.55053
7 48 79.12 3.35117
7 49 79.4392 2.08657
7 50 79.7513 0.752332
7 51 80.0559 -0.656152
7 52 80.3526 -2.14365
7 53 80.6411 -3.71504
7 54 80.9207 -5.37529
7 55 81.1909 -7.1293
7 56 81.4511 -8.98186
7 57 81.7008 -10.9375
7 58 81.939 -13.0002
7 59 82.1652 -15.1735
7 60 82.3786 -17.4597
7 61 82.5782 -19.8602
7 62 82.7634 -22.3749
7 63 82.9331 -25.0017
7 64 83.0867 -27.7365
7 65 83.2233 -30.5732
7 66 83.3422 -33.5027
7 67 83.4427 -36.5137
7 68 83.5244 -39.5924
7 69 83.5867 -42.7228
7 70 83.6295 -45.8871
7 71 83.6527 -49.0661
7 72 83.6564 -52.2405
7 73 83.641 -55.3906
7 74 83.6068 -58.498
7 75 83.5546 -61.5455
8 1 63.2107 26.2096
8 2 63.699 25.9941
8 3 64.1468 25.7919
8 4 64.5724 25.5947
8 5 64.9873 25.397
8 6 65.3953 25.1968
8 7 65.7985 24.9929
8 8 66.1982 24.7844
8 9 66.595 24.5708
8 10 66.9895 24.3515
8 11 67.382 24.1261
8 12 67.7727 23.894
8 13 68.1618 23.655
8 14 68.5494 23.4086
8 15 68.2731 23.6245
8 16 68.6765 23.3636
8 17 69.0733 23.0978
8 18 69.4643 22.8264
8 19 69.8499 22.5488
8 20 70.2306 22.2645
8 21 70.6067 21.9731
8 22 70.9783 21.674
8 23 71.3457 21.3668
8 24 71.7089 21.0512
8 25 72.0681 20.7267
8 26 72.4231 20.3929
8 27 72.7742 20.0495
8 28 73.1211 19.6959
8 29 73.4639 19.3319
8 30 73.8026 18.957
8 31 74.1371 18.5708
8 32 74.4673 18.1729
8 33 74.7932 17.763
8 34 75.1146 17.3407
8 35 75.4315 16.9055
8 36 75.7439 16.4572
8 37 76.0515 15.9952
8 38 76.3543 15.5193
8 39 76.6521 15.029
8 40 76.945 14.5241
8 41 77.2328 14.0043
8 42 77.5153 13.4692
8 43 77.7925 12.9186
8 44 78.0643 12.3522
8 45 78.6178 11.2452
8 46 78.982 10.3494
8 47 79.3413 9.39962
8 48 79.6954 8.39119
8 49 80.0442 7.31883
8 50 80.3874 6.17676
8 51 80.7248 4.95867
8 52 81.056 3.65763
8 53 81.3806 2.26608
8 54 81.6982 0.77578
8 55 82.0082 -0.822173
8 56 82.3101 -2.53736
8 57 82.6031 -4.37999
8 58 82.8866 -6.36078
8 59 83.1596 -8.49079
8 60 83.4212 -10.7812
8 61 83.6703 -13.2427
8 62 83.9057 -15.8855
8 63 84.1262 -18.7178
8 64 84.3303 -21.7456
8 65 84.5166 -24.9713
8 66 84.6837 -28.3926
8 67 84.8301 -32.0014
8 68 84.9543 -35.7828
8 69 85.0552 -39.7143
8 70 85.1317 -43.7662
8 71 85.183 -47.9021
8 72 85.2089 -52.0806
8 73 85.2093 -56.2576
8 74 85.1847 -60.3892
8 75 85.1359 -64.4342
9 1 63.222 26.3908
9 2 63.7146 26.2283
9 3 64.1666 26.0806
9 4 64.5965 25.9393
9 5 65.0157 25.799
9 6 65.428 25.6579
9 7 65.8357 25.5148
9 8 66.2399 25.3688
9 9 66.6414 25.2196
9 10 67.0408 25.0665
9 11 67.4383 24.9093
9 12 67.8342 24.7476
9 13 68.2286 24.5811
9 14 68.6216 24.4094
9 15 68.3444 24.6429
9 16 68.7535 24.4576
9 17 69.1561 24.2694
9 18 69.553 24.078
9 19 69.9447 23.8827
9 20 70.3317 23.683
9 21 70.7143 23.4787
9 22 71.0926 23.2694
9 23 71.4668 23.0546
9 24 71.8371 22.834
9 25 72.2036 22.6074
9 26 72.5661 22.3743
9 27 72.9249 22.1345
9 28 73.2798 21.8877
9 29 73.6309 21.6335
9 30 73.9781 21.3716
9 31 74.3213 21.1017
9 32 74.6606 20.8236
9 33 74.9958 20.5367
9 34 75.3269 20.2409
9 35 75.6537 19.9359
9 36 75.9763 19.6212
9 37 76.2945 19.2965
9 38 76.6082 18.9616
9 39 76.9173 18.6161
9 40 77.2218 18.2597
9 41 77.5216 17.892
9 42 77.8164 17.5129
9 43 78.1064 17.1219
9 44 78.3912 16.7188
9 45 78.9832 16.2
9 46 79.3679 15.5487
9 47 79.7489 14.8545
9 48 80.1261 14.1128
9 49 80.4995 13.3186
9 50 80.8688 12.466
9 51 81.2341 11.5484
9 52 81.595 10.5583
9 53 81.9514 9.48721
9 54 82.3029 8.32512
9 55 82.6493 7.06073
9 56 82.9901 5.681
9 57 83.3248 4.1709
9 58 83.6528 2.51312
9 59 83.9734 0.687785
9 60 84.2858 -1.32788
9 61 84.5888 -3.55978
9 62 84.8812 -6.03705
9 63 85.1617 -8.79191
9 64 85.4283 -11.859
9 65 85.6792 -15.2743
9 66 85.9117 -19.072
9 67 86.1233 -23.2814
9 68 86.3108 -27.9202
9 69 86.471 -32.988
9 70 86.6006 -38.4573
9 71 86.6967 -44.2678
9 72 86.757 -50.3239
9 73 86.78 -56.5009
9 74 86.7657 -62.6581
9 75 86.7152 -68.6574
10 1 63.2266 26.5744
10 2 63.7229 26.465
10 3 64.178 26.3721
10 4 64.6107 26.2873
10 5 65.0327 26.2052
10 6 65.4479 26.1239
10 7 65.8585 26.0423
10 8 66.2657 25.9599
10 9 66.6702 25.876
10 10 67.0727 25.7903
10 11 67.4734 25.7026
10 12 67.8726 25.6126
10 13 68.2704 25.52
10 14 68.6669 25.4248
10 15 68.3862 25.6767
10 16 68.7991 25.5687
10 17 69.2055 25.4602
10 18 69.6063 25.3509
10 19 70.002 25.2402
10 20 70.3931 25.1279
10 21 70.7798 25.0137
10 22 71.1624 24.8972
10 23 71.5411 24.7782
10 24 71.9159 24.6566
10 25 72.287 24.5321
10 26 72.6544 24.4044
10 27 73.018 24.2735
10 28 73.3781 24.139
10 29 73.7344 24.0008
10 30 74.087 23.8588
10 31 74.4358 23.7127
10 32 74.7809 23.5624
10 33 75.122 23.4077
10 34 75.4592 23.2484
10 35 75.7924 23.0843
10 36 76.1215 22.9153
10 37 76.4465 22.7411
10 38 76.7672 22.5617
10 39 77.0835 22.3767
10 40 77.3955 22.1862
10 41 77.7029 21.9898
10 42 78.0057 21.7875
10 43 78.3038 21.579
10 44 78.5972 21.3643
10 45 79.2044 21.5182
10 46 79.6028 21.1613
10 47 79.9983 20.7802
10 48 80.3911 20.3722
10 49 80.7811 19.9338
10 50 81.1684 19.4614
10 51 81.553 18.9503
10 52 81.9348 18.3956
10 53 82.3138 17.7909
10 54 82.69 17.1291
10 55 83.0631 16.4015
10 56 83.4332 15.5976
10 57 83.8 14.7048
10 58 84.1633 13.7073
10 59 84.5228 12.5861
10 60 84.8782 11.317
10 61 85.229 9.86975
10 62 85.5745 8.20572
10 63 85.914 6.27514
10 64 86.2464 4.01332
10 65 86.5702 1.3354
10 66 86.8835 -1.87037
10 67 87.1833 -5.75083
10 68 87.4659 -10.4958
10 69 87.7256 -16.3398
10 70 87.9547 -23.5435
10 71 88.1431 -32.3252
10 72 88.2785 -42.7126
10 73 88.3491 -54.3431
10 74 88.348 -66.3971
10 75 88.2764 -77.8659
11 1 63.2245 26.7595
11 2 63.7237 26.7033
11 3 64.1807 26.6655
11 4 64.615 26.6374
11 5 65.0383 26.6137
11 6 65.4549 26.5926
11 7 65.8668 26.5731
11 8 66.2753 26.5546
11 9 66.6812 26.5366
11 10 67.085 26.5189
11 11 67.4871 26.5014
11 12 67.8877 26.4838
11 13 68.2869 26.4661
11 14 68.6849 26.4482
11 15 68.3981 26.7191
11 16 68.8128 26.6893
11 17 69.2211 26.6615
11 18 69.6237 26.6354
11 19 70.0212 26.6107
11 20 70.4141 26.5872
11 21 70.8026 26.5645
11 22 71.187 26.5427
11 23 71.5676 26.5216
11 24 71.9443 26.501
11 25 72.3173 26.4809
11 26 72.6866 26.4612
11 27 73.0523 26.4419
11 28 73.4144 26.4229
11 29 73.7728 26.4042
11 30 74.1276 26.3858
11 31 74.4787 26.3677
11 32 74.826 26.3499
11 33 75.1694 26.3324
11 34 75.509 26.3151
11 35 75.8447 26.2982
11 36 76.1763 26.2816
11 37 76.5039 26.2654
11 38 76.8272 26.2496
11 39 77.1463 26.2344
11 40 77.4611 26.2197
11 41 77.7714 26.2056
11 42 78.0772 26.1923
11 43 78.3783 26.1798
11 44 78.6748 26.1682
11 45 79.2713 27.0314
11 46 79.6751 26.9979
11 47 80.0764 26.964
11 48 80.4753 26.9297
11 49 80.8718 26.8947
11 50 81.2662 26.8589
11 51 81.6583 26.822
11 52 82.0484 26.7838
11 53 82.4363 26.7441
11 54 82.8222 26.7024
11 55 83.2061 26.6583
11 56 83.588 26.6115
11 57 83.968 26.5614
11 58 84.346 26.5071
11 59 84.7221 26.4479
11 60 85.0963 26.3826
11 61 85.4685 26.3096
11 62 85.8388 26.2269
11 63 86.2072 26.1318
11 64 86.5737 26.0203
11 65 86.9382 25.8867
11 66 87.3008 25.7221
11 67 87.6614 25.5126
11 68 88.0201 25.2342
11 69 88.3767 24.8422
11 70 88.7312 24.2425
11 71 89.0835 23.1982
11 72 89.4331 20.8929
11 73 89.777 11.4818
11 74 89.8556 -128.962
11 75 89.5199 -146.085
12 1 63.2155 26.9456
12 2 63.717 26.9422
12 3 64.1747 26.9594
12 4 64.6092 26.988
12 5 65.0325 27.0228
12 6 65.4488 27.062
12 7 65.8605 27.1045
12 8 66.2687 27.15
12 9 66.6742 27.198
12 10 67.0776 27.2484
12 11 67.4792 27.3011
12 12 67.8793 27.3561
12 13 68.2781 27.4134
12 14 68.6755 27.473
12 15 68.3798 27.763
12 16 68.7945 27.8115
12 17 69.2025 27.8645
12 18 69.6048 27.9218
12 19 70.0019 27.9832
12 20 70.3943 28.0485
12 21 70.7823 28.1177
12 22 71.1661 28.1907
12 23 71.5459 28.2676
12 24 71.9218 28.3483
12 25 72.294 28.4329
12 26 72.6624 28.5215
12 27 73.0272 28.6142
12 28 73.3882 28.7111
12 29 73.7455 28.8123
12 30 74.0991 28.918
12 31 74.449 29.0283
12 32 74.7949 29.1435
12 33 75.137 29.2637
12 34 75.4752 29.3892
12 35 75.8093 29.52
12 36 76.1393 29.6567
12 37 76.4651 29.7992
12 38 76.7866 29.948
12 39 77.1038 30.1034
12 40 77.4165 30.2655
12 41 77.7247 30.4348
12 42 78.0283 30.6116
12 43 78.3271 30.7962
12 44 78.621 30.9891
12 45 79.1802 32.5396
12 46 79.5805 32.8297
12 47 79.978 33.1434
12 48 80.3728 33.4833
12 49 80.7649 33.8524
12 50 81.1542 34.2542
12 51 81.5409 34.6928
12 52 81.9248 35.1729
12 53 82.306 35.7002
12 54 82.6845 36.2814
12 55 83.0601 36.9248
12 56 83.4327 37.6402
12 57 83.8022 38.4394
12 58 84.1684 39.3374
12 59 84.531 40.3523
12 60 84.8898 41.5071
12 61 85.2443 42.8311
12 62 85.594 44.3617
12 63 85.9381 46.1474
12 64 86.2757 48.2523
12 65 86.6054 50.7614
12 66 86.9255 53.7886
12 67 87.2333 57.4876
12 68 87.525 62.0635
12 69 87.7953 67.782
12 70 88.0363 74.9605
12 71 88.2371 83.9047
12 72 88.3841 94.7363
12 73 88.4631 107.114
12 74 88.4649 120.077
12 75 88.3907 132.372
13 1 63.1994 27.132
13 2 63.7026 27.181
13 3 64.1599 27.2528
13 4 64.5932 27.3378
13 5 65.0151 27.4308
13 6 65.4298 27.5298
13 7 65.8396 27.6341
13 8 66.2458 27.7432
13 9 66.6493 27.8568
13 10 67.0505 27.9748
13 11 67.4499 28.0973
13 12 67.8476 28.2244
13 13 68.2439 28.3561
13 14 68.6388 28.4925
13 15 68.3313 28.8014
13 16 68.744 28.9273
13 17 69.1498 29.0603
13 18 69.5497 29.2
13 19 69.9442 29.3465
13 20 70.3338 29.4996
13 21 70.7189 29.6594
13 22 71.0996 29.8259
13 23 71.4761 29.9993
13 24 71.8486 30.1797
13 25 72.2172 30.3672
13 26 72.5819 30.5621
13 27 72.9427 30.7646
13 28 73.2997 30.975
13 29 73.6527 31.1934
13 30 74.0019 31.4202
13 31 74.347 31.6558
13 32 74.6882 31.9004
13 33 75.0252 32.1543
13 34 75.3581 32.4181
13 35 75.6867 32.6919
13 36 76.011 32.9763
13 37 76.3308 33.2716
13 38 76.6462 33.5783
13 39 76.9569 33.8968
13 40 77.2629 34.2276
13 41 77.564 34.5712
13 42 77.8603 34.928
13 43 78.1514 35.2986
13 44 78.4375 35.6833
13 45 78.9339 37.8433
13 46 79.3226 38.4286
13 47 79.7075 39.0566
13 48 80.0887 39.7316
13 49 80.466 40.4587
13 50 80.8393 41.2433
13 51 81.2086 42.0918
13 52 81.5737 43.0117
13 53 81.9343 44.0112
13 54 82.2903 45.1002
13 55 82.6412 46.2899
13 56 82.9867 47.5932
13 57 83.3264 49.0251
13 58 83.6595 50.6032
13 59 83.9856 52.3475
13 60 84.3036 54.2815
13 61 84.6127 56.4319
13 62 84.9116 58.8293
13 63 85.1989 61.508
13 64 85.4728 64.5055
13 65 85.7312 67.8618
13 66 85.9717 71.6166
13 67 86.1915 75.8055
13 68 86.3873 80.4541
13 69 86.5556 85.569
13 70 86.693 91.1288
13 71 86.796 97.0747
13 72 86.862 103.307
13 73 86.8892 109.69
13 74 86.8774 116.068
13 75 86.8277 122.283
14 1 63.1759 27.3183
14 2 63.6804 27.4186
14 3 64.1362 27.5444
14 4 64.5672 27.6852
14 5 64.9862 27.8357
14 6 65.3978 27.994
14 7 65.8042 28.1593
14 8 66.2068 28.3312
14 9 66.6065 28.5095
14 10 67.0039 28.6942
14 11 67.3991 28.8855
14 12 67.7926 29.0834
14 13 68.1845 29.2882
14 14 68.5748 29.5001
14 15 68.2526 29.8274
14 16 68.6614 30.0291
14 17 69.0631 30.2402
14 18 69.4585 30.4605
14 19 69.8483 30.6898
14 20 70.2329 30.9284
14 21 70.6127 31.1761
14 22 70.988 31.4333
14 23 71.3588 31.7001
14 24 71.7253 31.9767
14 25 72.0876 32.2634
14 26 72.4458 32.5605
14 27 72.7999 32.8683
14 28 73.1498 33.1871
14 29 73.4955 33.5172
14 30 73.837 33.8591
14 31 74.1743 34.2132
14 32 74.5072 34.5798
14 33 74.8357 34.9594
14 34 75.1598 35.3524
14 35 75.4792 35.7593
14 36 75.794 36.1806
14 37 76.104 36.6166
14 38 76.409 37.068
14 39 76.7091 37.5351
14 40 77.004 38.0185
14 41 77.2937 38.5186
14 42 77.5781 39.0359
14 43 77.8569 39.5709
14 44 78.1302 40.1239
14 45 78.5419 42.776
14 46 78.912 43.607
14 47 79.2771 44.4923
14 48 79.637 45.4364
14 49 79.9916 46.4446
14 50 80.3406 47.5225
14 51 80.6839 48.6764
14 52 81.021 49.9133
14 53 81.3516 51.2407
14 54 81.6753 52.6671
14 55 81.9915 54.2015
14 56 82.2998 55.8538
14 57 82.5993 57.6345
14 58 82.8895 59.5551
14 59 83.1693 61.6271
14 60 83.4379 63.8628
14 61 83.6942 66.2739
14 62 83.9369 68.8719
14 63 84.1648 71.6666
14 64 84.3764 74.6658
14 65 84.5702 77.8737
14 66 84.7447 81.2898
14 67 84.8982 84.9075
14 68 85.0293 88.713
14 69 85.1366 92.6845
14 70 85.2189 96.7914
14 71 85.2754 100.996
14 72 85.3056 105.254
14 73 85.3093 109.518
14 74 85.2871 113.741
14 75 85.2398 117.876
15 1 63.1444 27.5039
15 2 63.6502 27.6544
15 3 64.1037 27.8332
15 4 64.5311 28.0289
15 5 64.9459 28.236
15 6 65.3528 28.4525
15 7 65.7543 28.6777
15 8 66.1518 28.9112
15 9 66.5461 29.1529
15 10 66.9378 29.4028
15 11 67.3273 29.6612
15 12 67.7147 29.9282
15 13 68.1003 30.2042
15 14 68.4841 30.4894
15 15 68.1437 30.8342
15 16 68.5469 31.1094
15 17 68.9426 31.3959
15 18 69.3316 31.6937
15 19 69.7147 32.0028
15 20 70.0922 32.3233
15 21 70.4646 32.6552
15 22 70.832 32.9989
15 23 71.1947 33.3545
15 24 71.5528 33.7224
15 25 71.9064 34.1027
15 26 72.2555 34.4959
15 27 72.6001 34.9023
15 28 72.9402 35.3223
15 29 73.2758 35.7562
15 30 73.6068 36.2044
15 31 73.9332 36.6674
15 32 74.2549 37.1455
15 33 74.5717 37.6393
15 34 74.8837 38.149
15 35 75.1906 38.6752
15 36 75.4925 39.2182
15 37 75.7891 39.7785
15 38 76.0803 40.3565
15 39 76.3661 40.9525
15 40 76.6463 41.5668
15 41 76.9208 42.1999
15 42 77.1895 42.852
15 43 77.4521 43.5234
15 44 77.7087 44.2142
15 45 78.0175 47.2231
15 46 78.3641 48.2413
15 47 78.7043 49.3175
15 48 79.0379 50.4554
15 49 79.3646 51.6594
15 50 79.6841 52.9339
15 51 79.9962 54.2835
15 52 80.3004 55.7132
15 53 80.5963 57.2279
15 54 80.8835 58.8329
15 55 81.1612 60.5334
15 56 81.429 62.3346
15 57 81.6863 64.2413
15 58 81.9322 66.2581
15 59 82.1661 68.389
15 60 82.3871 70.6371
15 61 82.5944 73.0044
15 62 82.7871 75.4914
15 63 82.9643 78.0969
15 64 83.1252 80.8173
15 65 83.2689 83.647
15 66 83.3947 86.5774
15 67 83.5016 89.5973
15 68 83.5893 92.6927
15 69 83.6572 95.8473
15 70 83.705 99.0423
15 71 83.7326 102.258
15 72 83.74 105.473
15 73 83.7276 108.667
15 74 83.6958 111.82
15 75 83.6452 114.912
