16 75 2999 31556736
0 0.000000 180 45
0 1 -50.1432 69.6306
0 2 -50.6527 69.5307
0 3 -51.1034 69.4102
0 4 -51.5312 69.2803
0 5 -51.9466 69.1442
0 6 -52.3542 69.0033
0 7 -52.7567 68.8585
0 8 -53.1552 68.7101
0 9 -53.5508 68.5583
0 10 -53.944 68.4033
0 11 -54.3351 68.245
0 12 -54.7245 68.0836
0 13 -55.1122 67.919
0 14 -55.4985 67.7512
0 15 -55.1633 67.5114
0 16 -55.5692 67.3543
0 17 -55.9678 67.1927
0 18 -56.3602 67.0267
0 19 -56.7468 66.8567
0 20 -57.1283 66.6827
0 21 -57.505 66.505
0 22 -57.8771 66.3236
0 23 -58.2449 66.1387
0 24 -58.6085 65.9502
0 25 -58.9681 65.7582
0 26 -59.3236 65.5628
0 27 -59.6751 65.364
0 28 -60.0227 65.1619
0 29 -60.3663 64.9565
0 30 -60.7058 64.7477
0 31 -61.0414 64.5357
0 32 -61.3729 64.3205
0 33 -61.7002 64.1021
0 34 -62.0233 63.8805
0 35 -62.3422 63.6558
0 36 -62.6567 63.4281
0 37 -62.9669 63.1972
0 38 -63.2725 62.9634
0 39 -63.5736 62.7267
0 40 -63.8699 62.487
0 41 -64.1616 62.2446
0 42 -64.4484 61.9994
0 43 -64.7302 61.7516
0 44 -65.0071 61.5012
0 45 -65.4215 60.1436
0 46 -65.8022 59.8137
0 47 -66.1794 59.4742
0 48 -66.5533 59.1247
0 49 -66.9239 58.7649
0 50 -67.2913 58.3944
0 51 -67.6556 58.0129
0 52 -68.0166 57.62
0 53 -68.3745 57.2153
0 54 -68.7293 56.7984
0 55 -69.0809 56.3689
0 56 -69.4293 55.9263
0 57 -69.7746 55.4701
0 58 -70.1167 54.9998
0 59 -70.4555 54.515
0 60 -70.791 54.015
0 61 -71.1232 53.4993
0 62 -71.452 52.9674
0 63 -71.7774 52.4186
0 64 -72.0992 51.8523
0 65 -72.4174 51.2678
0 66 -72.732 50.6645
0 67 -73.0428 50.0417
0 68 -73.3498 49.3987
0 69 -73.6528 48.7347
0 70 -73.9517 48.049
0 71 -74.2465 47.3408
0 72 -74.5371 46.6093
0 73 -74.8232 45.8538
0 74 -75.1048 45.0734
0 75 -75.3818 44.2674
1 1 -50.1742 69.7615
1 2 -50.6822 69.6958
1 3 -51.1351 69.6112
1 4 -51.5661 69.518
1 5 -51.9854 69.4194
1 6 -52.3972 69.3168
1 7 -52.804 69.2108
1 8 -53.2071 69.1018
1 9 -53.6074 68.9902
1 10 -54.0055 68.876
1 11 -54.4016 68.7593
1 12 -54.796 68.6401
1 13 -55.189 68.5184
1 14 -55.5806 68.3943
1 15 -55.2624 68.171
1 16 -55.6726 68.057
1 17 -56.0759 67.9391
1 18 -56.4731 67.8176
1 19 -56.8648 67.6927
1 20 -57.2516 67.5645
1 21 -57.6338 67.4333
1 22 -58.0115 67.299
1 23 -58.3852 67.1618
1 24 -58.7548 67.0217
1 25 -59.1204 66.8788
1 26 -59.4822 66.7331
1 27 -59.8401 66.5846
1 28 -60.1942 66.4335
1 29 -60.5445 66.2796
1 30 -60.8909 66.123
1 31 -61.2334 65.9637
1 32 -61.5719 65.8018
1 33 -61.9065 65.6373
1 34 -62.237 65.4702
1 35 -62.5633 65.3004
1 36 -62.8854 65.1281
1 37 -63.2033 64.9532
1 38 -63.5167 64.7757
1 39 -63.8258 64.5958
1 40 -64.1302 64.4134
1 41 -64.4301 64.2286
1 42 -64.7252 64.0414
1 43 -65.0155 63.8518
1 44 -65.3009 63.6599
1 45 -65.7826 62.5144
1 46 -66.1736 62.2639
1 47 -66.5616 62.0054
1 48 -66.9466 61.7387
1 49 -67.3287 61.4634
1 50 -67.708 61.1794
1 51 -68.0845 60.8861
1 52 -68.4583 60.5834
1 53 -68.8293 60.2708
1 54 -69.1976 59.948
1 55 -69.5633 59.6145
1 56 -69.9262 59.2699
1 57 -70.2864 58.9137
1 58 -70.644 58.5455
1 59 -70.9988 58.1647
1 60 -71.3508 57.7708
1 61 -71.7 57.3632
1 62 -72.0464 56.9414
1 63 -72.39 56.5046
1 64 -72.7306 56.0522
1 65 -73.0682 55.5835
1 66 -73.4028 55.0977
1 67 -73.7343 54.5941
1 68 -74.0626 54.0718
1 69 -74.3877 53.5299
1 70 -74.7094 52.9676
1 71 -75.0278 52.3839
1 72 -75.3426 51.7776
1 73 -75.6538 51.1479
1 74 -75.9613 50.4935
1 75 -76.265 49.8133
2 1 -50.1974 69.8927
2 2 -50.7038 69.8621
2 3 -51.158 69.8139
2 4 -51.5913 69.758
2 5 -52.0131 69.6975
2 6 -52.4278 69.6335
2 7 -52.8376 69.5669
2 8 -53.2439 69.4981
2 9 -53.6474 69.4272
2 10 -54.0488 69.3545
2 11 -54.4484 69.28
2 12 -54.8464 69.2038
2 13 -55.243 69.1259
2 14 -55.6383 69.0464
2 15 -55.3339 68.8395
2 16 -55.7471 68.7695
2 17 -56.1535 68.6964
2 18 -56.554 68.6204
2 19 -56.9493 68.5417
2 20 -57.3397 68.4606
2 21 -57.7257 68.377
2 22 -58.1074 68.2911
2 23 -58.4851 68.2031
2 24 -58.8589 68.1129
2 25 -59.2289 68.0205
2 26 -59.5951 67.9261
2 27 -59.9575 67.8297
2 28 -60.3163 67.7313
2 29 -60.6713 67.6308
2 30 -61.0225 67.5284
2 31 -61.3699 67.424
2 32 -61.7135 67.3177
2 33 -62.0532 67.2094
2 34 -62.3889 67.0991
2 35 -62.7206 66.9869
2 36 -63.0482 66.8728
2 37 -63.3716 66.7567
2 38 -63.6907 66.6387
2 39 -64.0054 66.5188
2 40 -64.3157 66.397
2 41 -64.6215 66.2733
2 42 -64.9227 66.1476
2 43 -65.2191 66.0202
2 44 -65.5107 65.8908
2 45 -66.0453 64.9782
2 46 -66.4438 64.8137
2 47 -66.8395 64.6435
2 48 -67.2325 64.4672
2 49 -67.623 64.2849
2 50 -68.011 64.0961
2 51 -68.3964 63.9007
2 52 -68.7795 63.6984
2 53 -69.1602 63.4889
2 54 -69.5386 63.272
2 55 -69.9146 63.0473
2 56 -70.2883 62.8145
2 57 -70.6596 62.5732
2 58 -71.0287 62.323
2 59 -71.3955 62.0635
2 60 -71.7599 61.7943
2 61 -72.1221 61.5148
2 62 -72.4818 61.2246
2 63 -72.8392 60.9232
2 64 -73.1942 60.6099
2 65 -73.5468 60.2842
2 66 -73.8968 59.9454
2 67 -74.2444 59.5927
2 68 -74.5895 59.2255
2 69 -74.9319 58.8429
2 70 -75.2717 58.444
2 71 -75.6088 58.028
2 72 -75.9431 57.5939
2 73 -76.2745 57.1405
2 74 -76.6031 56.6668
2 75 -76.9287 56.1715
3 1 -50.2133 70.024
3 2 -50.7179 70.029
3 3 -51.1724 70.0177
3 4 -51.6066 69.9994
3 5 -52.0297 69.9772
3 6 -52.4459 69.9523
3 7 -52.8574 69.9255
3 8 -53.2654 69.8972
3 9 -53.6707 69.8675
3 10 -54.074 69.8368
3 11 -54.4755 69.805
3 12 -54.8755 69.7723
3 13 -55.2741 69.7387
3 14 -55.6715 69.7042
3 15 -55.378 69.5136
3 16 -55.7925 69.4883
3 17 -56.2006 69.4607
3 18 -56.6029 69.4309
3 19 -57 69.3992
3 20 -57.3924 69.3658
3 21 -57.7805 69.3307
3 22 -58.1644 69.2941
3 23 -58.5444 69.2561
3 24 -58.9205 69.2167
3 25 -59.2929 69.176
3 26 -59.6616 69.134
3 27 -60.0267 69.0908
3 28 -60.388 69.0463
3 29 -60.7458 69.0006
3 30 -61.0998 68.9537
3 31 -61.4501 68.9056
3 32 -61.7966 68.8563
3 33 -62.1393 68.8058
3 34 -62.4781 68.7541
3 35 -62.8129 68.7012
3 36 -63.1436 68.6471
3 37 -63.4703 68.5918
3 38 -63.7927 68.5353
3 39 -64.1109 68.4776
3 40 -64.4247 68.4186
3 41 -64.734 68.3584
3 42 -65.0388 68.297
3 43 -65.3389 68.2342
3 44 -65.6343 68.1702
3 45 -66.207 67.506
3 46 -66.6097 67.4322
3 47 -67.0099 67.3552
3 48 -67.4076 67.275
3 49 -67.803 67.1914
3 50 -68.196 67.1043
3 51 -68.5868 67.0136
3 52 -68.9753 66.9192
3 53 -69.3617 66.8209
3 54 -69.746 66.7186
3 55 -70.1282 66.6121
3 56 -70.5084 66.5012
3 57 -70.8865 66.3858
3 58 -71.2625 66.2656
3 59 -71.6366 66.1403
3 60 -72.0086 66.0099
3 61 -72.3786 65.8738
3 62 -72.7465 65.732
3 63 -73.1125 65.5841
3 64 -73.4763 65.4297
3 65 -73.8382 65.2685
3 66 -74.1979 65.1001
3 67 -74.5556 64.9241
3 68 -74.9112 64.74
3 69 -75.2646 64.5474
3 70 -75.6159 64.3457
3 71 -75.965 64.1343
3 72 -76.3119 63.9126
3 73 -76.6565 63.6799
3 74 -76.9988 63.4355
3 75 -77.3389 63.1787
4 1 -50.2221 70.1549
4 2 -50.7244 70.1959
4 3 -51.1782 70.2217
4 4 -51.6123 70.2413
4 5 -52.0354 70.2577
4 6 -52.4516 70.272
4 7 -52.8633 70.2852
4 8 -53.2716 70.2975
4 9 -53.6773 70.3093
4 10 -54.0809 70.3207
4 11 -54.4827 70.3318
4 12 -54.8831 70.3428
4 13 -55.2821 70.3537
4 14 -55.68 70.3645
4 15 -55.3945 70.19
4 16 -55.809 70.2097
4 17 -56.2171 70.2279
4 18 -56.6195 70.2446
4 19 -57.0169 70.2603
4 20 -57.4096 70.2749
4 21 -57.798 70.2888
4 22 -58.1823 70.3019
4 23 -58.5627 70.3144
4 24 -58.9394 70.3263
4 25 -59.3123 70.3376
4 26 -59.6815 70.3485
4 27 -60.0472 70.359
4 28 -60.4092 70.369
4 29 -60.7676 70.3786
4 30 -61.1223 70.3879
4 31 -61.4734 70.3967
4 32 -61.8206 70.4052
4 33 -62.1641 70.4132
4 34 -62.5037 70.4209
4 35 -62.8394 70.4282
4 36 -63.1711 70.435
4 37 -63.4987 70.4414
4 38 -63.8221 70.4474
4 39 -64.1412 70.4529
4 40 -64.456 70.4579
4 41 -64.7664 70.4623
4 42 -65.0723 70.4662
4 43 -65.3736 70.4695
4 44 -65.6702 70.4722
4 45 -66.2662 70.0652
4 46 -66.6699 70.0845
4 47 -67.0711 70.1035
4 48 -67.4699 70.122
4 49 -67.8663 70.1402
4 50 -68.2606 70.158
4 51 -68.6527 70.1755
4 52 -69.0427 70.1928
4 53 -69.4306 70.2098
4 54 -69.8164 70.2265
4 55 -70.2003 70.2431
4 56 -70.5822 70.2595
4 57 -70.9622 70.2756
4 58 -71.3402 70.2916
4 59 -71.7163 70.3075
4 60 -72.0905 70.3232
4 61 -72.4627 70.3387
4 62 -72.8331 70.3541
4 63 -73.2016 70.3694
4 64 -73.5681 70.3845
4 65 -73.9327 70.3995
4 66 -74.2955 70.4144
4 67 -74.6562 70.4291
4 68 -75.0151 70.4437
4 69 -75.3719 70.4582
4 70 -75.7268 70.4725
4 71 -76.0797 70.4866
4 72 -76.4306 70.5006
4 73 -76.7795 70.5143
4 74 -77.1264 70.5279
4 75 -77.4711 70.5413
5 1 -50.2242 70.2851
5 2 -50.7236 70.3624
5 3 -51.1756 70.4253
5 4 -51.6082 70.4828
5 5 -52.0299 70.5377
5 6 -52.445 70.5913
5 7 -52.8554 70.6444
5 8 -53.2625 70.6974
5 9 -53.667 70.7505
5 10 -54.0694 70.804
5 11 -54.4701 70.858
5 12 -54.8693 70.9126
5 13 -55.2671 70.968
5 14 -55.6637 71.0241
5 15 -55.3837 70.8653
5 16 -55.7966 70.93
5 17 -56.2032 70.9939
5 18 -56.6041 71.0572
5 19 -57 71.1201
5 20 -57.3913 71.1829
5 21 -57.7783 71.2456
5 22 -58.1612 71.3083
5 23 -58.5402 71.3712
5 24 -58.9155 71.4343
5 25 -59.287 71.4977
5 26 -59.6549 71.5614
5 27 -60.0191 71.6254
5 28 -60.3797 71.6898
5 29 -60.7367 71.7547
5 30 -61.0901 71.8199
5 31 -61.4397 71.8856
5 32 -61.7856 71.9517
5 33 -62.1277 72.0182
5 34 -62.4659 72.0851
5 35 -62.8001 72.1523
5 36 -63.1304 72.22
5 37 -63.4565 72.2879
5 38 -63.7785 72.3562
5 39 -64.0963 72.4248
5 40 -64.4097 72.4935
5 41 -64.7187 72.5625
5 42 -65.0231 72.6316
5 43 -65.323 72.7008
5 44 -65.6182 72.7699
5 45 -66.2228 72.6221
5 46 -66.6239 72.7344
5 47 -67.0226 72.849
5 48 -67.4188 72.9661
5 49 -67.8127 73.0858
5 50 -68.2042 73.2084
5 51 -68.5936 73.3339
5 52 -68.9808 73.4625
5 53 -69.3659 73.5945
5 54 -69.7489 73.73
5 55 -70.1298 73.8693
5 56 -70.5086 74.0125
5 57 -70.8855 74.1598
5 58 -71.2603 74.3116
5 59 -71.6331 74.468
5 60 -72.0039 74.6294
5 61 -72.3727 74.7959
5 62 -72.7395 74.9679
5 63 -73.1042 75.1457
5 64 -73.467 75.3296
5 65 -73.8276 75.52
5 66 -74.1863 75.7173
5 67 -74.5428 75.9219
5 68 -74.8973 76.1341
5 69 -75.2496 76.3546
5 70 -75.5998 76.5837
5 71 -75.9478 76.8221
5 72 -76.2937 77.0704
5 73 -76.6373 77.3291
5 74 -76.9786 77.599
5 75 -77.3177 77.8808
6 1 -50.2196 70.4141
6 2 -50.7154 70.5278
6 3 -51.1646 70.6278
6 4 -51.5944 70.723
6 5 -52.0136 70.8163
6 6 -52.426 70.9089
6 7 -52.8338 71.0017
6 8 -53.2383 71.0951
6 9 -53.6401 71.1893
6 10 -54.0398 71.2847
6 11 -54.4377 71.3813
6 12 -54.8341 71.4792
6 13 -55.2291 71.5787
6 14 -55.6228 71.6798
6 15 -55.3457 71.5361
6 16 -55.7555 71.6455
6 17 -56.159 71.7547
6 18 -56.5568 71.8642
6 19 -56.9496 71.9739
6 20 -57.3378 72.0843
6 21 -57.7216 72.1953
6 22 -58.1013 72.3071
6 23 -58.4771 72.4199
6 24 -58.8491 72.5336
6 25 -59.2173 72.6483
6 26 -59.5819 72.7642
6 27 -59.9428 72.8811
6 28 -60.3 72.9992
6 29 -60.6535 73.1184
6 30 -61.0034 73.2389
6 31 -61.3495 73.3604
6 32 -61.6918 73.4832
6 33 -62.0303 73.6071
6 34 -62.3649 73.7322
6 35 -62.6955 73.8584
6 36 -63.0221 73.9856
6 37 -63.3445 74.1139
6 38 -63.6627 74.2433
6 39 -63.9767 74.3735
6 40 -64.2862 74.5047
6 41 -64.5914 74.6366
6 42 -64.892 74.7694
6 43 -65.1879 74.9028
6 44 -65.4792 75.0368
6 45 -66.0778 75.1428
6 46 -66.4731 75.3454
6 47 -66.8658 75.5528
6 48 -67.2558 75.7653
6 49 -67.6434 75.9832
6 50 -68.0285 76.2068
6 51 -68.4112 76.4363
6 52 -68.7916 76.672
6 53 -69.1696 76.9143
6 54 -69.5454 77.1635
6 55 -69.9188 77.4199
6 56 -70.29 77.684
6 57 -70.6589 77.9561
6 58 -71.0255 78.2366
6 59 -71.3899 78.5259
6 60 -71.752 78.8245
6 61 -72.1118 79.1328
6 62 -72.4693 79.4514
6 63 -72.8244 79.7809
6 64 -73.1771 80.1217
6 65 -73.5275 80.4744
6 66 -73.8754 80.8398
6 67 -74.2209 81.2185
6 68 -74.5638 81.6112
6 69 -74.9042 82.0187
6 70 -75.2419 82.4418
6 71 -75.577 82.8814
6 72 -75.9094 83.3385
6 73 -76.239 83.814
6 74 -76.5657 84.309
6 75 -76.8895 84.8247
7 1 -50.2086 70.5417
7 2 -50.7001 70.6915
7 3 -51.1452 70.8283
7 4 -51.5712 70.9609
7 5 -51.9864 71.0922
7 6 -52.3948 71.2236
7 7 -52.7986 71.3557
7 8 -53.1989 71.489
7 9 -53.5966 71.6239
7 10 -53.9921 71.7606
7 11 -54.3857 71.8992
7 12 -54.7777 72.0399
7 13 -55.1683 72.1829
7 14 -55.5574 72.3282
7 15 -55.2809 72.199
7 16 -55.6861 72.3524
7 17 -56.0849 72.5063
7 18 -56.478 72.6611
7 19 -56.8661 72.8169
7 20 -57.2494 72.974
7 21 -57.6283 73.1325
7 22 -58.0031 73.2924
7 23 -58.3739 73.4539
7 24 -58.7407 73.6172
7 25 -59.1038 73.7821
7 26 -59.4632 73.9488
7 27 -59.8188 74.1173
7 28 -60.1706 74.2877
7 29 -60.5187 74.4599
7 30 -60.8631 74.6339
7 31 -61.2036 74.8098
7 32 -61.5403 74.9875
7 33 -61.8731 75.1671
7 34 -62.2019 75.3484
7 35 -62.5267 75.5314
7 36 -62.8473 75.7162
7 37 -63.1638 75.9026
7 38 -63.476 76.0906
7 39 -63.7838 76.2801
7 40 -64.0873 76.4711
7 41 -64.3862 76.6634
7 42 -64.6805 76.8569
7 43 -64.9702 77.0516
7 44 -65.255 77.2473
7 45 -65.8339 77.5954
7 46 -66.2202 77.8833
7 47 -66.6035 78.1782
7 48 -66.9841 78.4803
7 49 -67.3619 78.7901
7 50 -67.7369 79.1079
7 51 -68.1093 79.4341
7 52 -68.4791 79.7691
7 53 -68.8462 80.1132
7 54 -69.2107 80.4669
7 55 -69.5726 80.8307
7 56 -69.9318 81.2049
7 57 -70.2885 81.59
7 58 -70.6425 81.9866
7 59 -70.9938 82.3952
7 60 -71.3424 82.8163
7 61 -71.6883 83.2504
7 62 -72.0314 83.6982
7 63 -72.3717 84.1603
7 64 -72.7092 84.6373
7 65 -73.0437 85.13
7 66 -73.3753 85.6391
7 67 -73.7038 86.1652
7 68 -74.0292 86.7093
7 69 -74.3515 87.2721
7 70 -74.6705 87.8544
7 71 -74.9862 88.4574
7 72 -75.2984 89.0818
7 73 -75.6072 89.7286
7 74 -75.9123 90.399
7 75 -76.2137 91.094
8 1 -50.1911 70.6672
8 2 -50.6776 70.853
8 3 -51.1177 71.0262
8 4 -51.5384 71.1958
8 5 -51.9484 71.3646
8 6 -52.3515 71.5341
8 7 -52.7498 71.7049
8 8 -53.1447 71.8775
8 9 -53.5367 72.0524
8 10 -53.9265 72.2296
8 11 -54.3143 72.4095
8 12 -54.7004 72.5921
8 13 -55.085 72.7777
8 14 -55.468 72.9663
8 15 -55.1896 72.8507
8 16 -55.5888 73.0472
8 17 -55.9814 73.2448
8 18 -56.3682 73.4438
8 19 -56.7499 73.6445
8 20 -57.1267 73.8471
8 21 -57.4991 74.0516
8 22 -57.8672 74.2583
8 23 -58.2312 74.4671
8 24 -58.5912 74.6782
8 25 -58.9473 74.8917
8 26 -59.2996 75.1075
8 27 -59.6481 75.3258
8 28 -59.9927 75.5464
8 29 -60.3334 75.7695
8 30 -60.6703 75.9949
8 31 -61.0034 76.2228
8 32 -61.3324 76.4531
8 33 -61.6574 76.6857
8 34 -61.9784 76.9205
8 35 -62.2953 77.1577
8 36 -62.6079 77.397
8 37 -62.9163 77.6384
8 38 -63.2203 77.8818
8 39 -63.5199 78.1271
8 40 -63.815 78.3743
8 41 -64.1055 78.6231
8 42 -64.3913 78.8736
8 43 -64.6724 79.1255
8 44 -64.9487 79.3787
8 45 -65.4947 79.9513
8 46 -65.869 80.3175
8 47 -66.2401 80.6924
8 48 -66.6081 81.0763
8 49 -66.973 81.4695
8 50 -67.3349 81.8725
8 51 -67.6937 82.2856
8 52 -68.0494 82.7092
8 53 -68.4022 83.1439
8 54 -68.752 83.5899
8 55 -69.0987 84.0478
8 56 -69.4424 84.5181
8 57 -69.7831 85.0011
8 58 -70.1206 85.4975
8 59 -70.455 86.0078
8 60 -70.7862 86.5324
8 61 -71.1142 87.0719
8 62 -71.4389 87.6269
8 63 -71.7602 88.198
8 64 -72.0781 88.7858
8 65 -72.3926 89.3908
8 66 -72.7035 90.0138
8 67 -73.0107 90.6554
8 68 -73.3142 91.3163
8 69 -73.6139 91.9971
8 70 -73.9096 92.6986
8 71 -74.2013 93.4215
8 72 -74.4889 94.1665
8 73 -74.7723 94.9343
8 74 -75.0513 95.7257
8 75 -75.3258 96.5416
9 1 -50.1674 70.7904
9 2 -50.6481 71.0117
9 3 -51.082 71.2207
9 4 -51.4964 71.4267
9 5 -51.8998 71.6323
9 6 -52.2962 71.8392
9 7 -52.6878 72.0479
9 8 -53.0757 72.259
9 9 -53.4608 72.4729
9 10 -53.8434 72.6898
9 11 -54.2239 72.9099
9 12 -54.6026 73.1333
9 13 -54.9796 73.3604
9 14 -55.355 73.591
9 15 -55.0724 73.4881
9 16 -55.464 73.7264
9 17 -55.8489 73.9663
9 18 -56.228 74.2081
9 19 -56.6017 74.4522
9 20 -56.9705 74.6986
9 21 -57.3347 74.9476
9 22 -57.6945 75.1991
9 23 -58.05 75.4534
9 24 -58.4015 75.7104
9 25 -58.7489 75.9703
9 26 -59.0924 76.233
9 27 -59.4319 76.4986
9 28 -59.7675 76.7671
9 29 -60.0991 77.0384
9 30 -60.4267 77.3125
9 31 -60.7503 77.5895
9 32 -61.0698 77.8692
9 33 -61.3852 78.1517
9 34 -61.6965 78.4368
9 35 -62.0035 78.7244
9 36 -62.3061 79.0146
9 37 -62.6045 79.3071
9 38 -62.8983 79.6019
9 39 -63.1877 79.8989
9 40 -63.4724 80.1979
9 41 -63.7525 80.4987
9 42 -64.0278 80.8013
9 43 -64.2983 81.1054
9 44 -64.5639 81.4109
9 45 -65.0649 82.186
9 46 -65.4247 82.6224
9 47 -65.781 83.0686
9 48 -66.1338 83.5247
9 49 -66.4831 83.9913
9 50 -66.8289 84.4687
9 51 -67.1714 84.9573
9 52 -67.5104 85.4574
9 53 -67.846 85.9695
9 54 -68.1781 86.4939
9 55 -68.5068 87.0311
9 56 -68.832 87.5816
9 57 -69.1537 88.1456
9 58 -69.4717 88.7237
9 59 -69.7862 89.3163
9 60 -70.097 89.9238
9 61 -70.404 90.5468
9 62 -70.7072 91.1855
9 63 -71.0065 91.8406
9 64 -71.3019 92.5124
9 65 -71.5933 93.2015
9 66 -71.8805 93.9082
9 67 -72.1635 94.6331
9 68 -72.4422 95.3766
9 69 -72.7164 96.1391
9 70 -72.9862 96.9211
9 71 -73.2513 97.7231
9 72 -73.5118 98.5453
9 73 -73.7673 99.3882
9 74 -74.018 100.252
9 75 -74.2635 101.138
10 1 -50.1374 70.9107
10 2 -50.6116 71.1669
10 3 -51.0383 71.4112
10 4 -51.4451 71.6527
10 5 -51.8408 71.8944
10 6 -52.2293 72.1377
10 7 -52.6128 72.3833
10 8 -52.9924 72.6319
10 9 -53.369 72.8837
10 10 -53.7431 73.1391
10 11 -54.1149 73.3982
10 12 -54.4847 73.6612
10 13 -54.8527 73.9282
10 14 -55.2189 74.1995
10 15 -54.9297 74.1081
10 16 -55.3124 74.3866
10 17 -55.6882 74.6672
10 18 -56.0581 74.9502
10 19 -56.4224 75.2358
10 20 -56.7816 75.5242
10 21 -57.1361 75.8155
10 22 -57.486 76.1099
10 23 -57.8315 76.4073
10 24 -58.1728 76.7079
10 25 -58.5099 77.0116
10 26 -58.8429 77.3186
10 27 -59.1718 77.6287
10 28 -59.4966 77.9421
10 29 -59.8174 78.2586
10 30 -60.134 78.5782
10 31 -60.4464 78.9009
10 32 -60.7547 79.2265
10 33 -61.0587 79.5551
10 34 -61.3584 79.8866
10 35 -61.6538 80.2207
10 36 -61.9448 80.5575
10 37 -62.2312 80.8968
10 38 -62.5131 81.2384
10 39 -62.7904 81.5822
10 40 -63.063 81.928
10 41 -63.3308 82.2756
10 42 -63.5938 82.6249
10 43 -63.8519 82.9757
10 44 -64.105 83.3277
10 45 -64.55 84.2802
10 46 -64.8931 84.7778
10 47 -65.2324 85.2855
10 48 -65.5677 85.8038
10 49 -65.8992 86.333
10 50 -66.2269 86.8733
10 51 -66.5507 87.4252
10 52 -66.8707 87.9889
10 53 -67.1868 88.5647
10 54 -67.4991 89.1531
10 55 -67.8075 89.7544
10 56 -68.1119 90.3687
10 57 -68.4123 90.9966
10 58 -68.7088 91.6383
10 59 -69.0011 92.2941
10 60 -69.2893 92.9644
10 61 -69.5733 93.6494
10 62 -69.853 94.3495
10 63 -70.1283 95.0649
10 64 -70.3992 95.7959
10 65 -70.6656 96.5429
10 66 -70.9274 97.3059
10 67 -71.1845 98.0854
10 68 -71.4369 98.8814
10 69 -71.6843 99.6942
10 70 -71.9268 100.524
10 71 -72.1643 101.371
10 72 -72.3965 102.235
10 73 -72.6236 103.116
10 74 -72.8452 104.015
10 75 -73.0614 104.931
11 1 -50.101 71.0277
11 2 -50.5682 71.3183
11 3 -50.9867 71.5969
11 4 -51.3849 71.873
11 5 -51.7716 72.1497
11 6 -52.1509 72.4284
11 7 -52.5249 72.7099
11 8 -52.895 72.9947
11 9 -53.2619 73.2832
11 10 -53.626 73.5757
11 11 -53.9877 73.8723
11 12 -54.3473 74.1733
11 13 -54.7048 74.4788
11 14 -55.0604 74.789
11 15 -54.7621 74.7078
11 16 -55.1346 75.0249
11 17 -55.5001 75.3443
11 18 -55.8593 75.6665
11 19 -56.2128 75.9915
11 20 -56.561 76.3197
11 21 -56.9043 76.6511
11 22 -57.2429 76.9857
11 23 -57.5769 77.3237
11 24 -57.9065 77.6652
11 25 -58.2318 78.01
11 26 -58.5528 78.3582
11 27 -58.8695 78.7098
11 28 -59.1821 79.0648
11 29 -59.4903 79.423
11 30 -59.7944 79.7845
11 31 -60.0941 80.1491
11 32 -60.3895 80.5169
11 33 -60.6805 80.8875
11 34 -60.9672 81.2611
11 35 -61.2493 81.6373
11 36 -61.5269 82.0161
11 37 -61.7999 82.3972
11 38 -62.0682 82.7807
11 39 -62.3319 83.1661
11 40 -62.5907 83.5534
11 41 -62.8447 83.9423
11 42 -63.0938 84.3326
11 43 -63.3379 84.7241
11 44 -63.577 85.1164
11 45 -63.9559 86.2197
11 46 -64.2807 86.769
11 47 -64.6011 87.3286
11 48 -64.9173 87.8986
11 49 -65.2292 88.4794
11 50 -65.5369 89.0712
11 51 -65.8404 89.6742
11 52 -66.1396 90.2888
11 53 -66.4346 90.9151
11 54 -66.7253 91.5535
11 55 -67.0117 92.204
11 56 -67.2938 92.8669
11 57 -67.5715 93.5425
11 58 -67.8448 94.231
11 59 -68.1136 94.9324
11 60 -68.3779 95.6471
11 61 -68.6376 96.375
11 62 -68.8926 97.1165
11 63 -69.1428 97.8716
11 64 -69.3883 98.6404
11 65 -69.6288 99.4229
11 66 -69.8645 100.219
11 67 -70.095 101.03
11 68 -70.3205 101.854
11 69 -70.5408 102.692
11 70 -70.7558 103.544
11 71 -70.9654 104.409
11 72 -71.1697 105.289
11 73 -71.3684 106.181
11 74 -71.5615 107.087
11 75 -71.749 108.006
12 1 -50.0583 71.1408
12 2 -50.5149 71.4639
12 3 -50.9273 71.7771
12 4 -51.3158 72.0868
12 5 -51.6924 72.3974
12 6 -52.0613 72.7103
12 7 -52.4247 73.0264
12 8 -52.7839 73.3461
12 9 -53.1397 73.6698
12 10 -53.4926 73.9978
12 11 -53.8429 74.3304
12 12 -54.1909 74.6676
12 13 -54.5366 75.0097
12 14 -54.8802 75.3569
12 15 -54.5704 75.2845
12 16 -54.9315 75.6381
12 17 -55.2853 75.9943
12 18 -55.6326 76.3535
12 19 -55.974 76.7157
12 20 -56.3099 77.0812
12 21 -56.6407 77.4501
12 22 -56.9665 77.8224
12 23 -57.2876 78.1982
12 24 -57.6042 78.5775
12 25 -57.9162 78.9603
12 26 -58.2238 79.3465
12 27 -58.527 79.7362
12 28 -58.8258 80.1293
12 29 -59.1202 80.5256
12 30 -59.4102 80.9251
12 31 -59.6958 81.3278
12 32 -59.9769 81.7334
12 33 -60.2536 82.1418
12 34 -60.5256 82.5529
12 35 -60.7931 82.9665
12 36 -61.056 83.3825
12 37 -61.3141 83.8006
12 38 -61.5675 84.2207
12 39 -61.8161 84.6424
12 40 -62.0598 85.0657
12 41 -62.2986 85.4902
12 42 -62.5325 85.9157
12 43 -62.7613 86.3418
12 44 -62.985 86.7684
12 45 -63.289 87.995
12 46 -63.594 88.5869
12 47 -63.8942 89.1887
12 48 -64.1899 89.8004
12 49 -64.4809 90.4223
12 50 -64.7673 91.0546
12 51 -65.0492 91.6974
12 52 -65.3265 92.351
12 53 -65.5992 93.0154
12 54 -65.8672 93.6907
12 55 -66.1307 94.3772
12 56 -66.3894 95.0748
12 57 -66.6435 95.7838
12 58 -66.8928 96.5041
12 59 -67.1373 97.2359
12 60 -67.3769 97.9791
12 61 -67.6116 98.7339
12 62 -67.8414 99.5001
12 63 -68.0662 100.278
12 64 -68.2859 101.067
12 65 -68.5004 101.867
12 66 -68.7098 102.679
12 67 -68.9139 103.502
12 68 -69.1126 104.336
12 69 -69.3061 105.18
12 70 -69.494 106.036
12 71 -69.6765 106.902
12 72 -69.8534 107.777
12 73 -70.0248 108.663
12 74 -70.1905 109.558
12 75 -70.3505 110.463
13 1 -50.0092 71.2498
13 2 -50.4579 71.6056
13 3 -50.8604 71.9511
13 4 -51.238 72.2933
13 5 -51.6034 72.6366
13 6 -51.9608 72.9823
13 7 -52.3124 73.3315
13 8 -52.6596 73.6845
13 9 -53.0031 74.0419
13 10 -53.3435 74.4038
13 11 -53.6811 74.7705
13 12 -54.0162 75.1421
13 13 -54.3488 75.5189
13 14 -54.6791 75.9009
13 15 -54.3553 75.8357
13 16 -54.7039 76.2237
13 17 -55.0449 76.6145
13 18 -55.3791 77.0082
13 19 -55.7071 77.4051
13 20 -56.0295 77.8054
13 21 -56.3465 78.209
13 22 -56.6584 78.6161
13 23 -56.9653 79.0267
13 24 -57.2675 79.4407
13 25 -57.565 79.8582
13 26 -57.858 80.2791
13 27 -58.1463 80.7033
13 28 -58.4301 81.1308
13 29 -58.7094 81.5614
13 30 -58.9841 81.9949
13 31 -59.2543 82.4314
13 32 -59.5198 82.8706
13 33 -59.7808 83.3123
13 34 -60.0371 83.7564
13 35 -60.2887 84.2027
13 36 -60.5356 84.651
13 37 -60.7777 85.101
13 38 -61.0149 85.5525
13 39 -61.2473 86.0053
13 40 -61.4748 86.459
13 41 -61.6972 86.9135
13 42 -61.9147 87.3683
13 43 -62.1271 87.8233
13 44 -62.3345 88.2781
13 45 -62.5555 89.6012
13 46 -62.8397 90.227
13 47 -63.1188 90.8619
13 48 -63.3929 91.5059
13 49 -63.6621 92.1593
13 50 -63.9265 92.822
13 51 -64.1859 93.4942
13 52 -64.4405 94.176
13 53 -64.6901 94.8674
13 54 -64.9349 95.5685
13 55 -65.1748 96.2792
13 56 -65.4097 96.9996
13 57 -65.6396 97.7297
13 58 -65.8645 98.4694
13 59 -66.0844 99.2188
13 60 -66.2992 99.9776
13 61 -66.5089 100.746
13 62 -66.7135 101.524
13 63 -66.9128 102.31
13 64 -67.1069 103.106
13 65 -67.2958 103.911
13 66 -67.4793 104.725
13 67 -67.6574 105.547
13 68 -67.8301 106.377
13 69 -67.9974 107.215
13 70 -68.1592 108.061
13 71 -68.3155 108.914
13 72 -68.4663 109.774
13 73 -68.6114 110.64
13 74 -68.751 111.513
13 75 -68.885 112.392
14 1 -49.9533 71.3539
14 2 -50.3942 71.7416
14 3 -50.7858 72.1184
14 4 -51.1518 72.4918
14 5 -51.5049 72.8662
14 6 -51.8497 73.2434
14 7 -52.1884 73.6241
14 8 -52.5224 74.0089
14 9 -52.8525 74.3981
14 10 -53.1793 74.7921
14 11 -53.503 75.191
14 12 -53.824 75.595
14 13 -54.1423 76.0042
14 14 -54.4581 76.4188
14 15 -54.1176 76.359
14 16 -54.4526 76.7792
14 17 -54.7797 77.2021
14 18 -55.0997 77.6279
14 19 -55.4134 78.0569
14 20 -55.721 78.4891
14 21 -56.0231 78.9247
14 22 -56.3199 79.3636
14 23 -56.6116 79.8058
14 24 -56.8983 80.2513
14 25 -57.1802 80.7002
14 26 -57.4573 81.1522
14 27 -57.7296 81.6073
14 28 -57.9973 82.0653
14 29 -58.2603 82.5262
14 30 -58.5186 82.9898
14 31 -58.7723 83.4559
14 32 -59.0212 83.9244
14 33 -59.2654 84.395
14 34 -59.5049 84.8676
14 35 -59.7396 85.3418
14 36 -59.9695 85.8175
14 37 -60.1945 86.2944
14 38 -60.4146 86.7723
14 39 -60.6298 87.2509
14 40 -60.8401 87.7298
14 41 -61.0453 88.2088
14 42 -61.2455 88.6875
14 43 -61.4407 89.1657
14 44 -61.6307 89.6429
14 45 -61.7616 91.0368
14 46 -62.0242 91.6885
14 47 -62.2815 92.3483
14 48 -62.5336 93.0162
14 49 -62.7805 93.6923
14 50 -63.0222 94.3766
14 51 -63.2587 95.0691
14 52 -63.4902 95.7698
14 53 -63.7165 96.4787
14 54 -63.9376 97.1958
14 55 -64.1537 97.921
14 56 -64.3646 98.6541
14 57 -64.5704 99.3953
14 58 -64.7709 100.144
14 59 -64.9663 100.901
14 60 -65.1565 101.665
14 61 -65.3414 102.437
14 62 -65.5211 103.215
14 63 -65.6954 104.001
14 64 -65.8645 104.794
14 65 -66.0282 105.593
14 66 -66.1865 106.398
14 67 -66.3395 107.21
14 68 -66.487 108.027
14 69 -66.6292 108.85
14 70 -66.7659 109.677
14 71 -66.8971 110.509
14 72 -67.0229 111.346
14 73 -67.1432 112.187
14 74 -67.2581 113.031
14 75 -67.3675 113.878
15 1 -49.8904 71.4528
15 2 -50.3237 71.8715
15 3 -50.7039 72.2783
15 4 -51.0573 72.6814
15 5 -51.3972 73.0856
15 6 -51.7283 73.4926
15 7 -52.0531 73.9032
15 8 -52.3729 74.3179
15 9 -52.6885 74.7372
15 10 -53.0005 75.1612
15 11 -53.3093 75.5903
15 12 -53.6151 76.0245
15 13 -53.918 76.4639
15 14 -54.2182 76.9088
15 15 -53.8579 76.8523
15 16 -54.1784 77.3023
15 17 -54.4907 77.7549
15 18 -54.7957 78.2102
15 19 -55.0939 78.6685
15 20 -55.3859 79.1299
15 21 -55.6722 79.5944
15 22 -55.9528 80.062
15 23 -56.2282 80.5327
15 24 -56.4984 81.0064
15 25 -56.7636 81.4831
15 26 -57.0239 81.9627
15 27 -57.2793 82.445
15 28 -57.5299 82.9299
15 29 -57.7756 83.4172
15 30 -58.0166 83.9068
15 31 -58.2528 84.3984
15 32 -58.4842 84.8919
15 33 -58.7107 85.387
15 34 -58.9325 85.8835
15 35 -59.1494 86.3812
15 36 -59.3614 86.8797
15 37 -59.5685 87.3787
15 38 -59.7707 87.8781
15 39 -59.9679 88.3775
15 40 -60.1602 88.8766
15 41 -60.3475 89.375
15 42 -60.5297 89.8725
15 43 -60.7069 90.3686
15 44 -60.8791 90.863
15 45 -60.913 92.3034
15 46 -61.1537 92.9739
15 47 -61.3889 93.6513
15 48 -61.6186 94.3356
15 49 -61.8428 95.0269
15 50 -62.0617 95.725
15 51 -62.2752 96.43
15 52 -62.4835 97.1417
15 53 -62.6864 97.8602
15 54 -62.884 98.5852
15 55 -63.0763 99.3167
15 56 -63.2634 100.055
15 57 -63.4452 100.799
15 58 -63.6217 101.549
15 59 -63.7929 102.305
15 60 -63.9588 103.066
15 61 -64.1195 103.833
15 62 -64.2748 104.606
15 63 -64.4248 105.383
15 64 -64.5695 106.165
15 65 -64.7089 106.951
15 66 -64.8429 107.742
15 67 -64.9716 108.536
15 68 -65.095 109.334
15 69 -65.2131 110.136
15 70 -65.3258 110.94
15 71 -65.4332 111.746
15 72 -65.5353 112.555
15 73 -65.6321 113.365
15 74 -65.7236 114.177
15 75 -65.8099 114.99
