16 100 2999 31556736
0 0.000000 180 45
0 1 54.2367 -61.4176
0 2 54.708 -61.6415
0 3 55.1355 -61.8754
0 4 55.5441 -62.1163
0 5 55.9417 -62.3631
0 6 56.3322 -62.6154
0 7 56.7175 -62.8731
0 8 57.099 -63.1361
0 9 57.4773 -63.4046
0 10 57.8529 -63.6784
0 11 58.2262 -63.9577
0 12 58.5974 -64.2427
0 13 58.9666 -64.5334
0 14 59.3339 -64.83
0 15 58.9899 -64.9907
0 16 59.3753 -65.282
0 17 59.7533 -65.5793
0 18 60.1248 -65.8824
0 19 60.4904 -66.1913
0 20 60.8504 -66.506
0 21 61.2053 -66.8265
0 22 61.5552 -67.1527
0 23 61.9005 -67.4846
0 24 62.2411 -67.8223
0 25 62.5772 -68.1657
0 26 62.9088 -68.5147
0 27 63.236 -68.8695
0 28 63.5588 -69.2299
0 29 63.8772 -69.5959
0 30 64.191 -69.9675
0 31 64.5004 -70.3447
0 32 64.8052 -70.7273
0 33 65.1054 -71.1153
0 34 65.4009 -71.5087
0 35 65.6917 -71.9073
0 36 65.9777 -72.311
0 37 66.2587 -72.7197
0 38 66.5348 -73.1333
0 39 66.8059 -73.5515
0 40 67.0719 -73.9744
0 41 67.3326 -74.4016
0 42 67.5881 -74.8329
0 43 67.8382 -75.2681
0 44 68.0828 -75.707
0 45 68.3916 -77.4958
0 46 68.7289 -78.1013
0 47 69.0615 -78.7234
0 48 69.3892 -79.3625
0 49 69.7123 -80.0191
0 50 70.0305 -80.6936
0 51 70.344 -81.3868
0 52 70.6526 -82.0989
0 53 70.9564 -82.8306
0 54 71.2552 -83.5824
0 55 71.549 -84.3548
0 56 71.8378 -85.1483
0 57 72.1213 -85.9634
0 58 72.3996 -86.8006
0 59 72.6725 -87.6604
0 60 72.9399 -88.5433
0 61 73.2017 -89.4495
0 62 73.4578 -90.3797
0 63 73.7079 -91.3341
0 64 73.952 -92.313
0 65 74.19 -93.3167
0 66 74.4216 -94.3455
0 67 74.6468 -95.3995
0 68 74.8654 -96.4787
0 69 75.0771 -97.5833
0 70 75.282 -98.713
0 71 75.4797 -99.8678
0 72 75.6702 -101.047
0 73 75.8533 -102.251
0 74 76.0289 -103.479
0 75 76.1968 -104.73
0 76 76.3568 -106.004
0 77 76.5089 -107.299
0 78 76.6529 -108.615
0 79 76.7888 -109.951
0 80 76.9163 -111.305
0 81 77.0355 -112.676
0 82 77.1462 -114.062
0 83 77.2484 -115.462
0 84 77.342 -116.874
0 85 77.4271 -118.296
0 86 77.5036 -119.727
0 87 77.5715 -121.163
0 88 77.6308 -122.604
0 89 77.6817 -124.047
0 90 77.7241 -125.49
0 91 77.7582 -126.93
0 92 77.7841 -128.366
0 93 77.8018 -129.796
0 94 77.8116 -131.216
0 95 77.8136 -132.626
0 96 77.8079 -134.024
0 97 77.7948 -135.407
0 98 77.7744 -136.773
0 99 77.7471 -138.122
0 100 77.7129 -139.452
1 1 54.2775 -61.2701
1 2 54.7521 -61.4561
1 3 55.1852 -61.6513
1 4 55.6003 -61.8526
1 5 56.005 -62.0593
1 6 56.4029 -62.2708
1 7 56.796 -62.487
1 8 57.1854 -62.7079
1 9 57.5718 -62.9334
1 10 57.9558 -63.1637
1 11 58.3377 -63.3987
1 12 58.7176 -63.6387
1 13 59.0957 -63.8836
1 14 59.4722 -64.1337
1 15 59.1461 -64.2824
1 16 59.5397 -64.5277
1 17 59.9263 -64.7783
1 18 60.3067 -65.0342
1 19 60.6814 -65.2952
1 20 61.0509 -65.5615
1 21 61.4155 -65.8329
1 22 61.7754 -66.1095
1 23 62.1308 -66.3912
1 24 62.4819 -66.6781
1 25 62.8286 -66.9702
1 26 63.1711 -67.2675
1 27 63.5094 -67.57
1 28 63.8435 -67.8777
1 29 64.1734 -68.1905
1 30 64.499 -68.5086
1 31 64.8203 -68.8318
1 32 65.1373 -69.1601
1 33 65.4498 -69.4935
1 34 65.7579 -69.832
1 35 66.0614 -70.1755
1 36 66.3603 -70.524
1 37 66.6545 -70.8773
1 38 66.9439 -71.2354
1 39 67.2285 -71.5982
1 40 67.5081 -71.9655
1 41 67.7827 -72.3373
1 42 68.0522 -72.7134
1 43 68.3164 -73.0936
1 44 68.5754 -73.4778
1 45 68.973 -75.0884
1 46 69.3286 -75.6224
1 47 69.6801 -76.1726
1 48 70.0273 -76.7396
1 49 70.3704 -77.3238
1 50 70.7092 -77.9261
1 51 71.0439 -78.5469
1 52 71.3744 -79.1871
1 53 71.7005 -79.8473
1 54 72.0224 -80.5282
1 55 72.3398 -81.2306
1 56 72.6528 -81.9553
1 57 72.9612 -82.7029
1 58 73.265 -83.4743
1 59 73.564 -84.2703
1 60 73.8582 -85.0917
1 61 74.1473 -85.9393
1 62 74.4313 -86.8138
1 63 74.71 -87.7162
1 64 74.9833 -88.6473
1 65 75.251 -89.6076
1 66 75.513 -90.5981
1 67 75.769 -91.6195
1 68 76.0189 -92.6724
1 69 76.2625 -93.7573
1 70 76.4996 -94.875
1 71 76.73 -96.0258
1 72 76.9535 -97.2102
1 73 77.1699 -98.4283
1 74 77.379 -99.6805
1 75 77.5806 -100.967
1 76 77.7744 -102.287
1 77 77.9603 -103.64
1 78 78.1381 -105.027
1 79 78.3075 -106.446
1 80 78.4684 -107.896
1 81 78.6205 -109.377
1 82 78.7638 -110.887
1 83 78.898 -112.424
1 84 79.023 -113.988
1 85 79.1387 -115.574
1 86 79.245 -117.183
1 87 79.3418 -118.81
1 88 79.429 -120.453
1 89 79.5065 -122.11
1 90 79.5745 -123.777
1 91 79.6329 -125.451
1 92 79.6817 -127.13
1 93 79.7211 -128.809
1 94 79.7511 -130.486
1 95 79.7718 -132.156
1 96 79.7835 -133.818
1 97 79.7863 -135.467
1 98 79.7804 -137.101
1 99 79.7661 -138.717
1 100 79.7435 -140.312
2 1 54.3109 -61.1201
2 2 54.7882 -61.2673
2 3 55.2261 -61.4228
2 4 55.6466 -61.5838
2 5 56.0571 -61.7493
2 6 56.4611 -61.9189
2 7 56.8605 -62.0925
2 8 57.2564 -62.27
2 9 57.6496 -62.4513
2 10 58.0405 -62.6366
2 11 58.4294 -62.8258
2 12 58.8166 -63.0192
2 13 59.2022 -63.2167
2 14 59.5862 -63.4184
2 15 59.2749 -63.5542
2 16 59.6754 -63.7516
2 17 60.0691 -63.9535
2 18 60.4568 -64.1599
2 19 60.8392 -64.3708
2 20 61.2165 -64.5861
2 21 61.5892 -64.8058
2 22 61.9574 -65.0299
2 23 62.3213 -65.2585
2 24 62.681 -65.4915
2 25 63.0367 -65.7289
2 26 63.3883 -65.9709
2 27 63.7359 -66.2173
2 28 64.0795 -66.4683
2 29 64.4191 -66.7238
2 30 64.7545 -66.9838
2 31 65.0859 -67.2483
2 32 65.4131 -67.5174
2 33 65.7361 -67.791
2 34 66.0548 -68.0691
2 35 66.3691 -68.3517
2 36 66.679 -68.6388
2 37 66.9843 -68.9303
2 38 67.2851 -69.2263
2 39 67.5812 -69.5265
2 40 67.8725 -69.831
2 41 68.1589 -70.1397
2 42 68.4404 -70.4524
2 43 68.7169 -70.7692
2 44 68.9882 -71.0898
2 45 69.4621 -72.4818
2 46 69.8338 -72.9301
2 47 70.2019 -73.3933
2 48 70.5663 -73.8718
2 49 70.9271 -74.3664
2 50 71.2843 -74.8778
2 51 71.6379 -75.4068
2 52 71.9879 -75.954
2 53 72.3342 -76.5203
2 54 72.6769 -77.1066
2 55 73.0159 -77.7137
2 56 73.351 -78.3426
2 57 73.6823 -78.9942
2 58 74.0096 -79.6697
2 59 74.333 -80.37
2 60 74.6521 -81.0962
2 61 74.9671 -81.8496
2 62 75.2777 -82.6313
2 63 75.5837 -83.4426
2 64 75.8851 -84.2846
2 65 76.1818 -85.1589
2 66 76.4734 -86.0666
2 67 76.7599 -87.0093
2 68 77.0411 -87.9882
2 69 77.3168 -89.0049
2 70 77.5868 -90.0606
2 71 77.8507 -91.1569
2 72 78.1086 -92.2951
2 73 78.3599 -93.4766
2 74 78.6046 -94.7026
2 75 78.8424 -95.9743
2 76 79.073 -97.2929
2 77 79.296 -98.6593
2 78 79.5113 -100.074
2 79 79.7185 -101.538
2 80 79.9174 -103.052
2 81 80.1076 -104.615
2 82 80.2888 -106.228
2 83 80.4607 -107.889
2 84 80.6231 -109.598
2 85 80.7757 -111.353
2 86 80.9182 -113.153
2 87 81.0503 -114.994
2 88 81.1719 -116.875
2 89 81.2827 -118.792
2 90 81.3826 -120.741
2 91 81.4714 -122.718
2 92 81.5491 -124.717
2 93 81.6156 -126.735
2 94 81.6709 -128.766
2 95 81.715 -130.803
2 96 81.7481 -132.842
2 97 81.7703 -134.877
2 98 81.7817 -136.902
2 99 81.7825 -138.912
2 100 81.7732 -140.9
3 1 54.3371 -60.9682
3 2 54.8166 -61.0759
3 3 55.2581 -61.191
3 4 55.6828 -61.3108
3 5 56.0978 -61.4343
3 6 56.5066 -61.5612
3 7 56.9109 -61.6912
3 8 57.312 -61.8242
3 9 57.7104 -61.9603
3 10 58.1067 -62.0995
3 11 58.5012 -62.2418
3 12 58.894 -62.3872
3 13 59.2854 -62.5358
3 14 59.6754 -62.6877
3 15 59.376 -62.8099
3 16 59.7818 -62.9577
3 17 60.181 -63.1093
3 18 60.5746 -63.2644
3 19 60.9629 -63.4231
3 20 61.3464 -63.5854
3 21 61.7254 -63.7512
3 22 62.1002 -63.9205
3 23 62.4708 -64.0934
3 24 62.8374 -64.2698
3 25 63.2001 -64.4498
3 26 63.5589 -64.6334
3 27 63.9139 -64.8207
3 28 64.265 -65.0115
3 29 64.6123 -65.206
3 30 64.9556 -65.4042
3 31 65.2949 -65.606
3 32 65.6303 -65.8116
3 33 65.9616 -66.0208
3 34 66.2888 -66.2338
3 35 66.6117 -66.4504
3 36 66.9304 -66.6708
3 37 67.2447 -66.8949
3 38 67.5546 -67.1226
3 39 67.86 -67.354
3 40 68.1607 -67.5891
3 41 68.4567 -67.8277
3 42 68.7479 -68.0698
3 43 69.0343 -68.3154
3 44 69.3156 -68.5645
3 45 69.8523 -69.7003
3 46 70.2372 -70.0495
3 47 70.619 -70.4112
3 48 70.9977 -70.7858
3 49 71.3732 -71.174
3 50 71.7457 -71.5765
3 51 72.1152 -71.994
3 52 72.4816 -72.4272
3 53 72.845 -72.8771
3 54 73.2053 -73.3443
3 55 73.5626 -73.8299
3 56 73.9168 -74.3348
3 57 74.2677 -74.8601
3 58 74.6155 -75.4069
3 59 74.96 -75.9763
3 60 75.3012 -76.5696
3 61 75.6389 -77.1881
3 62 75.9731 -77.8333
3 63 76.3037 -78.5067
3 64 76.6306 -79.2099
3 65 76.9536 -79.9446
3 66 77.2726 -80.7126
3 67 77.5875 -81.5158
3 68 77.898 -82.3564
3 69 78.2041 -83.2364
3 70 78.5056 -84.1581
3 71 78.8022 -85.124
3 72 79.0937 -86.1366
3 73 79.3799 -87.1985
3 74 79.6605 -88.3124
3 75 79.9354 -89.4812
3 76 80.2041 -90.7078
3 77 80.4663 -91.9953
3 78 80.7219 -93.3465
3 79 80.9703 -94.7646
3 80 81.2112 -96.2524
3 81 81.4443 -97.8128
3 82 81.6691 -99.4485
3 83 81.8851 -101.162
3 84 82.092 -102.955
3 85 82.2892 -104.829
3 86 82.4763 -106.786
3 87 82.6528 -108.824
3 88 82.8182 -110.945
3 89 82.9721 -113.146
3 90 83.1139 -115.424
3 91 83.2432 -117.775
3 92 83.3596 -120.194
3 93 83.4629 -122.675
3 94 83.5526 -125.209
3 95 83.6285 -127.788
3 96 83.6906 -130.4
3 97 83.7388 -133.036
3 98 83.773 -135.682
3 99 83.7935 -138.328
3 100 83.8004 -140.961
4 1 54.3562 -60.8149
4 2 54.8372 -60.8824
4 3 55.2812 -60.9566
4 4 55.7088 -61.0346
4 5 56.1271 -61.1156
4 6 56.5392 -61.199
4 7 56.9471 -61.2847
4 8 57.3518 -61.3726
4 9 57.754 -61.4627
4 10 58.1541 -61.5549
4 11 58.5525 -61.6492
4 12 58.9494 -61.7457
4 13 59.3449 -61.8443
4 14 59.7392 -61.9453
4 15 59.449 -62.0534
4 16 59.8585 -62.1505
4 17 60.2618 -62.2503
4 18 60.6594 -62.3527
4 19 61.052 -62.4578
4 20 61.44 -62.5654
4 21 61.8235 -62.6756
4 22 62.203 -62.7883
4 23 62.5784 -62.9036
4 24 62.95 -63.0214
4 25 63.3178 -63.1417
4 26 63.6818 -63.2646
4 27 64.0421 -63.3901
4 28 64.3987 -63.5182
4 29 64.7514 -63.6489
4 30 65.1005 -63.7822
4 31 65.4456 -63.9181
4 32 65.7869 -64.0567
4 33 66.1243 -64.198
4 34 66.4576 -64.3419
4 35 66.7869 -64.4886
4 36 67.112 -64.6379
4 37 67.4329 -64.79
4 38 67.7494 -64.9447
4 39 68.0616 -65.1022
4 40 68.3693 -65.2624
4 41 68.6723 -65.4252
4 42 68.9707 -65.5907
4 43 69.2644 -65.7588
4 44 69.5532 -65.9296
4 45 70.1378 -66.7772
4 46 70.5326 -67.0158
4 47 70.9247 -67.2635
4 48 71.314 -67.5206
4 49 71.7006 -67.7877
4 50 72.0847 -68.0654
4 51 72.4661 -68.3541
4 52 72.845 -68.6545
4 53 73.2214 -68.9673
4 54 73.5953 -69.2931
4 55 73.9666 -69.6328
4 56 74.3354 -69.9871
4 57 74.7017 -70.357
4 58 75.0654 -70.7434
4 59 75.4265 -71.1474
4 60 75.785 -71.57
4 61 76.1409 -72.0125
4 62 76.494 -72.4762
4 63 76.8443 -72.9626
4 64 77.1918 -73.4732
4 65 77.5364 -74.0097
4 66 77.878 -74.574
4 67 78.2165 -75.168
4 68 78.5517 -75.7939
4 69 78.8837 -76.4542
4 70 79.2122 -77.1514
4 71 79.5372 -77.8885
4 72 79.8585 -78.6684
4 73 80.1758 -79.4948
4 74 80.4891 -80.3712
4 75 80.7982 -81.3017
4 76 81.1027 -82.291
4 77 81.4025 -83.3437
4 78 81.6973 -84.4654
4 79 81.9867 -85.6618
4 80 82.2705 -86.9392
4 81 82.5483 -88.3044
4 82 82.8197 -89.7649
4 83 83.0841 -91.3286
4 84 83.3411 -93.0037
4 85 83.5901 -94.7991
4 86 83.8306 -96.7238
4 87 84.0617 -98.787
4 88 84.2828 -100.998
4 89 84.493 -103.364
4 90 84.6915 -105.895
4 91 84.8773 -108.594
4 92 85.0494 -111.467
4 93 85.2068 -114.513
4 94 85.3485 -117.728
4 95 85.4735 -121.106
4 96 85.5809 -124.631
4 97 85.6699 -128.284
4 98 85.7398 -132.041
4 99 85.7904 -135.87
4 100 85.8213 -139.738
5 1 54.3684 -60.6608
5 2 54.85 -60.6878
5 3 55.2954 -60.7206
5 4 55.7247 -60.7564
5 5 56.1448 -60.7944
5 6 56.5589 -60.8339
5 7 56.9689 -60.8749
5 8 57.3757 -60.9172
5 9 57.7801 -60.9606
5 10 58.1825 -61.0052
5 11 58.5833 -61.051
5 12 58.9826 -61.0978
5 13 59.3805 -61.1459
5 14 59.7773 -61.1951
5 15 59.4937 -61.2889
5 16 59.9055 -61.3343
5 17 60.311 -61.3815
5 18 60.7111 -61.4303
5 19 61.1062 -61.4806
5 20 61.4968 -61.5325
5 21 61.883 -61.5859
5 22 62.2653 -61.6408
5 23 62.6436 -61.6971
5 24 63.0181 -61.7548
5 25 63.3889 -61.814
5 26 63.7561 -61.8746
5 27 64.1196 -61.9366
5 28 64.4794 -62.0001
5 29 64.8355 -62.065
5 30 65.188 -62.1313
5 31 65.5366 -62.1992
5 32 65.8815 -62.2685
5 33 66.2225 -62.3392
5 34 66.5596 -62.4115
5 35 66.8927 -62.4853
5 36 67.2218 -62.5606
5 37 67.5466 -62.6374
5 38 67.8673 -62.7158
5 39 68.1836 -62.7957
5 40 68.4955 -62.8771
5 41 68.8029 -62.9601
5 42 69.1058 -63.0447
5 43 69.4039 -63.1308
5 44 69.6973 -63.2185
5 45 70.3142 -63.7539
5 46 70.7151 -63.8734
5 47 71.1134 -63.9979
5 48 71.5093 -64.1275
5 49 71.9028 -64.2625
5 50 72.294 -64.4032
5 51 72.6829 -64.5499
5 52 73.0696 -64.7031
5 53 73.4541 -64.8629
5 54 73.8365 -65.0299
5 55 74.2167 -65.2045
5 56 74.5948 -65.3872
5 57 74.9708 -65.5785
5 58 75.3447 -65.7789
5 59 75.7165 -65.9891
5 60 76.0862 -66.2098
5 61 76.4537 -66.4417
5 62 76.8192 -66.6856
5 63 77.1824 -66.9425
5 64 77.5435 -67.2132
5 65 77.9024 -67.499
5 66 78.2591 -67.801
5 67 78.6135 -68.1205
5 68 78.9656 -68.4591
5 69 79.3153 -68.8184
5 70 79.6627 -69.2002
5 71 80.0075 -69.6066
5 72 80.3499 -70.0399
5 73 80.6896 -70.5028
5 74 81.0267 -70.9981
5 75 81.361 -71.5294
5 76 81.6925 -72.1002
5 77 82.021 -72.7151
5 78 82.3464 -73.379
5 79 82.6686 -74.0975
5 80 82.9875 -74.8774
5 81 83.3028 -75.7262
5 82 83.6144 -76.6528
5 83 83.9219 -77.6678
5 84 84.2252 -78.7831
5 85 84.5239 -80.0133
5 86 84.8176 -81.3753
5 87 85.1059 -82.8892
5 88 85.3881 -84.5789
5 89 85.6637 -86.4727
5 90 85.9317 -88.6044
5 91 86.1912 -91.0138
5 92 86.441 -93.7476
5 93 86.6794 -96.8596
5 94 86.9046 -100.41
5 95 87.1143 -104.464
5 96 87.3056 -109.083
5 97 87.4753 -114.32
5 98 87.6197 -120.198
5 99 87.7349 -126.694
5 100 87.8174 -133.717
6 1 54.3738 -60.5063
6 2 54.8551 -60.4925
6 3 55.3007 -60.4838
6 4 55.7304 -60.4772
6 5 56.151 -60.472
6 6 56.5657 -60.4674
6 7 56.9762 -60.4634
6 8 57.3837 -60.4598
6 9 57.7887 -60.4563
6 10 58.1918 -60.4531
6 11 58.5933 -60.45
6 12 58.9933 -60.4469
6 13 59.3921 -60.4439
6 14 59.7896 -60.441
6 15 59.5101 -60.5204
6 16 59.9224 -60.5138
6 17 60.3286 -60.5078
6 18 60.7293 -60.5025
6 19 61.1252 -60.4977
6 20 61.5165 -60.4933
6 21 61.9036 -60.4893
6 22 62.2867 -60.4857
6 23 62.6659 -60.4824
6 24 63.0413 -60.4793
6 25 63.4131 -60.4765
6 26 63.7812 -60.474
6 27 64.1457 -60.4717
6 28 64.5066 -60.4696
6 29 64.8638 -60.4678
6 30 65.2173 -60.4661
6 31 65.5672 -60.4647
6 32 65.9132 -60.4635
6 33 66.2555 -60.4625
6 34 66.5938 -60.4617
6 35 66.9282 -60.4612
6 36 67.2585 -60.4609
6 37 67.5847 -60.4608
6 38 67.9067 -60.461
6 39 68.2245 -60.4615
6 40 68.5378 -60.4623
6 41 68.8467 -60.4633
6 42 69.1511 -60.4647
6 43 69.4508 -60.4664
6 44 69.7457 -60.4685
6 45 70.3786 -60.678
6 46 70.7814 -60.674
6 47 71.1818 -60.6702
6 48 71.5798 -60.6669
6 49 71.9756 -60.6638
6 50 72.3691 -60.6611
6 51 72.7605 -60.6586
6 52 73.1498 -60.6565
6 53 73.537 -60.6547
6 54 73.9223 -60.6533
6 55 74.3055 -60.6521
6 56 74.6868 -60.6513
6 57 75.0661 -60.6509
6 58 75.4435 -60.6508
6 59 75.819 -60.6511
6 60 76.1925 -60.6517
6 61 76.5642 -60.6528
6 62 76.9339 -60.6544
6 63 77.3018 -60.6564
6 64 77.6677 -60.6589
6 65 78.0317 -60.662
6 66 78.3938 -60.6656
6 67 78.7539 -60.6699
6 68 79.1121 -60.6749
6 69 79.4683 -60.6806
6 70 79.8226 -60.6871
6 71 80.1748 -60.6945
6 72 80.525 -60.7029
6 73 80.8732 -60.7124
6 74 81.2194 -60.7231
6 75 81.5634 -60.7352
6 76 81.9054 -60.7488
6 77 82.2452 -60.764
6 78 82.583 -60.7812
6 79 82.9185 -60.8005
6 80 83.2519 -60.8223
6 81 83.583 -60.847
6 82 83.912 -60.8749
6 83 84.2386 -60.9066
6 84 84.563 -60.9427
6 85 84.8851 -60.9842
6 86 85.2049 -61.0318
6 87 85.5222 -61.087
6 88 85.8372 -61.1512
6 89 86.1498 -61.2268
6 90 86.46 -61.3164
6 91 86.7676 -61.424
6 92 87.0728 -61.5549
6 93 87.3755 -61.7168
6 94 87.6756 -61.9215
6 95 87.9731 -62.1871
6 96 88.2679 -62.5437
6 97 88.5601 -63.0454
6 98 88.8494 -63.7991
6 99 89.1357 -65.0503
6 100 89.4186 -67.5147
7 1 54.3725 -60.352
7 2 54.8526 -60.2974
7 3 55.2971 -60.2471
7 4 55.726 -60.1982
7 5 56.1457 -60.1497
7 6 56.5595 -60.1011
7 7 56.9691 -60.0521
7 8 57.3757 -60.0025
7 9 57.7799 -59.9522
7 10 58.1821 -59.9011
7 11 58.5826 -59.8491
7 12 58.9817 -59.7962
7 13 59.3794 -59.7422
7 14 59.776 -59.6871
7 15 59.4982 -59.7522
7 16 59.9094 -59.6935
7 17 60.3145 -59.6345
7 18 60.7142 -59.5751
7 19 61.1089 -59.5151
7 20 61.4992 -59.4544
7 21 61.8851 -59.3931
7 22 62.2671 -59.3309
7 23 62.6452 -59.268
7 24 63.0195 -59.2042
7 25 63.3901 -59.1395
7 26 63.7571 -59.0738
7 27 64.1204 -59.0072
7 28 64.4801 -58.9396
7 29 64.8361 -58.871
7 30 65.1884 -58.8014
7 31 65.537 -58.7308
7 32 65.8818 -58.6591
7 33 66.2227 -58.5863
7 34 66.5598 -58.5125
7 35 66.8929 -58.4377
7 36 67.2219 -58.3618
7 37 67.5467 -58.2849
7 38 67.8674 -58.2069
7 39 68.1837 -58.128
7 40 68.4957 -58.0481
7 41 68.8032 -57.9672
7 42 69.1061 -57.8854
7 43 69.4044 -57.8027
7 44 69.6979 -57.7192
7 45 70.3302 -57.6008
7 46 70.7307 -57.4731
7 47 71.1288 -57.3411
7 48 71.5244 -57.2047
7 49 71.9176 -57.0634
7 50 72.3086 -56.9171
7 51 72.6973 -56.7653
7 52 73.0838 -56.6079
7 53 73.4681 -56.4442
7 54 73.8504 -56.2741
7 55 74.2305 -56.097
7 56 74.6085 -55.9125
7 57 74.9845 -55.7201
7 58 75.3584 -55.5192
7 59 75.7302 -55.3093
7 60 76.0999 -55.0896
7 61 76.4675 -54.8596
7 62 76.833 -54.6183
7 63 77.1964 -54.365
7 64 77.5577 -54.0987
7 65 77.9168 -53.8184
7 66 78.2737 -53.523
7 67 78.6284 -53.2112
7 68 78.9808 -52.8816
7 69 79.3309 -52.5326
7 70 79.6787 -52.1625
7 71 80.024 -51.7694
7 72 80.367 -51.351
7 73 80.7073 -50.905
7 74 81.0451 -50.4285
7 75 81.3803 -49.9184
7 76 81.7126 -49.371
7 77 82.0422 -48.7823
7 78 82.3687 -48.1475
7 79 82.6922 -47.4612
7 80 83.0125 -46.7172
7 81 83.3294 -45.9081
7 82 83.6427 -45.0254
7 83 83.9523 -44.0591
7 84 84.2578 -42.9974
7 85 84.5591 -41.8264
7 86 84.8556 -40.5294
7 87 85.1471 -39.0868
7 88 85.433 -37.4748
7 89 85.7127 -35.6648
7 90 85.9855 -33.6225
7 91 86.2504 -31.3067
7 92 86.5062 -28.6681
7 93 86.7515 -25.6481
7 94 86.9844 -22.179
7 95 87.2027 -18.1848
7 96 87.4036 -13.5861
7 97 87.5835 -8.30893
7 98 87.7386 -2.30307
7 99 87.8644 4.43271
7 100 87.9567 11.8206
8 1 54.3644 -60.1986
8 2 54.8424 -60.1032
8 3 55.2848 -60.0115
8 4 55.7114 -59.9204
8 5 56.1288 -59.8289
8 6 56.5403 -59.7364
8 7 56.9476 -59.6426
8 8 57.3518 -59.5474
8 9 57.7535 -59.4505
8 10 58.1532 -59.3519
8 11 58.5512 -59.2514
8 12 58.9476 -59.1489
8 13 59.3427 -59.0443
8 14 59.7366 -58.9375
8 15 59.4581 -58.9886
8 16 59.8665 -58.8782
8 17 60.2689 -58.7666
8 18 60.6657 -58.6535
8 19 61.0576 -58.5388
8 20 61.4449 -58.4225
8 21 61.8279 -58.3044
8 22 62.2068 -58.1844
8 23 62.5817 -58.0625
8 24 62.9529 -57.9387
8 25 63.3203 -57.8129
8 26 63.6839 -57.685
8 27 64.0439 -57.5549
8 28 64.4001 -57.4228
8 29 64.7527 -57.2885
8 30 65.1015 -57.152
8 31 65.4464 -57.0133
8 32 65.7876 -56.8723
8 33 66.1248 -56.7291
8 34 66.458 -56.5837
8 35 66.7872 -56.4361
8 36 67.1123 -56.2862
8 37 67.4332 -56.1341
8 38 67.7498 -55.9799
8 39 68.062 -55.8234
8 40 68.3698 -55.6648
8 41 68.673 -55.5042
8 42 68.9716 -55.3415
8 43 69.2655 -55.1768
8 44 69.5546 -55.0102
8 45 70.17 -54.5736
8 46 70.5642 -54.3265
8 47 70.9556 -54.0711
8 48 71.3443 -53.8068
8 49 71.7304 -53.5331
8 50 72.114 -53.2495
8 51 72.495 -52.9554
8 52 72.8736 -52.6502
8 53 73.2496 -52.3332
8 54 73.6232 -52.0038
8 55 73.9943 -51.6611
8 56 74.363 -51.3043
8 57 74.7292 -50.9326
8 58 75.0928 -50.545
8 59 75.4539 -50.1405
8 60 75.8125 -49.718
8 61 76.1684 -49.2763
8 62 76.5217 -48.814
8 63 76.8722 -48.3299
8 64 77.22 -47.8222
8 65 77.5649 -47.2895
8 66 77.9069 -46.7299
8 67 78.2459 -46.1414
8 68 78.5818 -45.5219
8 69 78.9145 -44.869
8 70 79.2438 -44.1801
8 71 79.5696 -43.4525
8 72 79.8919 -42.6831
8 73 80.2104 -41.8685
8 74 80.5249 -41.0049
8 75 80.8353 -40.0884
8 76 81.1414 -39.1145
8 77 81.4429 -38.0783
8 78 81.7395 -36.9745
8 79 82.0311 -35.7971
8 80 82.3172 -34.5399
8 81 82.5974 -33.1959
8 82 82.8715 -31.7575
8 83 83.139 -30.2167
8 84 83.3993 -28.5646
8 85 83.6519 -26.7921
8 86 83.8962 -24.8895
8 87 84.1316 -22.8469
8 88 84.3572 -20.6544
8 89 84.5724 -18.3021
8 90 84.7761 -15.7813
8 91 84.9674 -13.0843
8 92 85.1454 -10.2058
8 93 85.309 -7.14315
8 94 85.457 -3.8979
8 95 85.5885 -0.47643
8 96 85.7025 3.10909
8 97 85.7981 6.84014
8 98 85.8744 10.6917
8 99 85.9311 14.6327
8 100 85.9678 18.6274
9 1 54.3497 -60.0464
9 2 54.8246 -59.9107
9 3 55.2636 -59.7779
9 4 55.6867 -59.6449
9 5 56.1005 -59.5107
9 6 56.5083 -59.3748
9 7 56.9118 -59.2368
9 8 57.312 -59.0965
9 9 57.7098 -58.9536
9 10 58.1054 -58.808
9 11 58.4992 -58.6596
9 12 58.8914 -58.5082
9 13 59.2822 -58.3537
9 14 59.6716 -58.196
9 15 59.3899 -58.2336
9 16 59.7941 -58.0725
9 17 60.1919 -57.9091
9 18 60.5842 -57.7433
9 19 60.9714 -57.575
9 20 61.354 -57.4041
9 21 61.7321 -57.2304
9 22 62.1061 -57.0538
9 23 62.476 -56.8744
9 24 62.8419 -56.692
9 25 63.2041 -56.5065
9 26 63.5623 -56.318
9 27 63.9168 -56.1263
9 28 64.2675 -55.9315
9 29 64.6144 -55.7335
9 30 64.9573 -55.5322
9 31 65.2964 -55.3277
9 32 65.6315 -55.1199
9 33 65.9626 -54.9089
9 34 66.2897 -54.6946
9 35 66.6125 -54.477
9 36 66.9312 -54.2562
9 37 67.2455 -54.0322
9 38 67.5554 -53.805
9 39 67.8609 -53.5747
9 40 68.1618 -53.3414
9 41 68.4581 -53.105
9 42 68.7496 -52.8657
9 43 69.0364 -52.6236
9 44 69.3182 -52.3787
9 45 69.9012 -51.6443
9 46 70.2851 -51.2862
9 47 70.666 -50.9163
9 48 71.0437 -50.5341
9 49 71.4185 -50.1388
9 50 71.7902 -49.7298
9 51 72.159 -49.3064
9 52 72.5249 -48.8677
9 53 72.8878 -48.4131
9 54 73.2477 -47.9415
9 55 73.6045 -47.452
9 56 73.9584 -46.9438
9 57 74.3092 -46.4158
9 58 74.6568 -45.8668
9 59 75.0013 -45.2956
9 60 75.3424 -44.7011
9 61 75.6803 -44.0819
9 62 76.0146 -43.4366
9 63 76.3455 -42.7637
9 64 76.6727 -42.0615
9 65 76.9961 -41.3284
9 66 77.3157 -40.5625
9 67 77.6312 -39.7619
9 68 77.9425 -38.9246
9 69 78.2495 -38.0485
9 70 78.5519 -37.1311
9 71 78.8496 -36.1701
9 72 79.1423 -35.163
9 73 79.4299 -34.1071
9 74 79.7121 -32.9996
9 75 79.9886 -31.8376
9 76 80.2591 -30.6181
9 77 80.5234 -29.338
9 78 80.7811 -27.9942
9 79 81.0319 -26.5836
9 80 81.2755 -25.1031
9 81 81.5113 -23.5495
9 82 81.7391 -21.92
9 83 81.9584 -20.2119
9 84 82.1687 -18.4229
9 85 82.3695 -16.5511
9 86 82.5605 -14.5951
9 87 82.7411 -12.5543
9 88 82.9108 -10.4288
9 89 83.0691 -8.21977
9 90 83.2156 -5.92955
9 91 83.3497 -3.56165
9 92 83.4711 -1.12094
9 93 83.5795 1.38632
9 94 83.6743 3.95246
9 95 83.7555 6.56849
9 96 83.8229 9.22417
9 97 83.8762 11.9083
9 98 83.9156 14.6088
9 99 83.9412 17.3132
9 100 83.9531 20.009
10 1 54.3284 -59.8962
10 2 54.7992 -59.7204
10 3 55.2337 -59.547
10 4 55.6521 -59.3728
10 5 56.0609 -59.1966
10 6 56.4636 -59.018
10 7 56.8618 -58.8364
10 8 57.2567 -58.6517
10 9 57.6489 -58.4635
10 10 58.0389 -58.2719
10 11 58.4269 -58.0765
10 12 58.8133 -57.8773
10 13 59.198 -57.6741
10 14 59.5813 -57.4666
10 15 59.2941 -57.4915
10 16 59.6924 -57.2807
10 17 60.0842 -57.0669
10 18 60.4702 -56.8499
10 19 60.8511 -56.6294
10 20 61.2271 -56.4055
10 21 61.5986 -56.1779
10 22 61.9657 -55.9467
10 23 62.3287 -55.7116
10 24 62.6875 -55.4727
10 25 63.0424 -55.2299
10 26 63.3933 -54.9832
10 27 63.7403 -54.7324
10 28 64.0833 -54.4775
10 29 64.4224 -54.2187
10 30 64.7574 -53.9557
10 31 65.0884 -53.6886
10 32 65.4153 -53.4174
10 33 65.738 -53.1421
10 34 66.0565 -52.8628
10 35 66.3707 -52.5794
10 36 66.6806 -52.2921
10 37 66.986 -52.0007
10 38 67.2868 -51.7055
10 39 67.5831 -51.4065
10 40 67.8747 -51.1038
10 41 68.1615 -50.7974
10 42 68.4434 -50.4875
10 43 68.7204 -50.1743
10 44 68.9923 -49.8578
10 45 69.5285 -48.8545
10 46 69.8988 -48.3968
10 47 70.2655 -47.9249
10 48 70.6287 -47.4382
10 49 70.9884 -46.9359
10 50 71.3446 -46.4174
10 51 71.6972 -45.8818
10 52 72.0464 -45.3285
10 53 72.392 -44.7565
10 54 72.7341 -44.1651
10 55 73.0725 -43.5532
10 56 73.4072 -42.92
10 57 73.7381 -42.2645
10 58 74.0652 -41.5856
10 59 74.3883 -40.8823
10 60 74.7075 -40.1534
10 61 75.0224 -39.3978
10 62 75.3331 -38.6143
10 63 75.6394 -37.8017
10 64 75.9412 -36.9585
10 65 76.2383 -36.0836
10 66 76.5305 -35.1755
10 67 76.8177 -34.2328
10 68 77.0997 -33.2542
10 69 77.3763 -32.2381
10 70 77.6473 -31.1832
10 71 77.9124 -30.0879
10 72 78.1716 -28.9509
10 73 78.4244 -27.7707
10 74 78.6707 -26.546
10 75 78.9103 -25.2755
10 76 79.1428 -23.9581
10 77 79.3679 -22.5926
10 78 79.5855 -21.1783
10 79 79.7951 -19.7143
10 80 79.9965 -18.2002
10 81 80.1895 -16.6359
10 82 80.3736 -15.0213
10 83 80.5487 -13.357
10 84 80.7144 -11.6437
10 85 80.8704 -9.88272
10 86 81.0165 -8.07574
10 87 81.1525 -6.22493
10 88 81.278 -4.33296
10 89 81.3929 -2.40302
10 90 81.4969 -0.43876
10 91 81.5901 1.55566
10 92 81.6722 3.57565
10 93 81.7432 5.61624
10 94 81.8031 7.6721
10 95 81.8519 9.73767
10 96 81.8897 11.8072
10 97 81.9166 13.8749
10 98 81.9328 15.9349
10 99 81.9384 17.9816
10 100 81.9338 20.0094
11 1 54.3003 -59.7484
11 2 54.7663 -59.5332
11 3 55.1952 -59.3199
11 4 55.6075 -59.1052
11 5 56.0101 -58.8878
11 6 56.4062 -58.6672
11 7 56.7978 -58.443
11 8 57.1859 -58.2149
11 9 57.5711 -57.9827
11 10 57.954 -57.7461
11 11 58.3347 -57.505
11 12 58.7136 -57.2593
11 13 59.0908 -57.0087
11 14 59.4662 -56.753
11 15 59.1711 -56.766
11 16 59.5619 -56.5073
11 17 59.9461 -56.2447
11 18 60.3243 -55.9782
11 19 60.6971 -55.7076
11 20 61.0649 -55.4328
11 21 61.428 -55.1536
11 22 61.7866 -54.87
11 23 62.1408 -54.5818
11 24 62.4907 -54.2891
11 25 62.8365 -53.9918
11 26 63.1782 -53.6898
11 27 63.5157 -53.3831
11 28 63.8491 -53.0717
11 29 64.1783 -52.7556
11 30 64.5034 -52.4347
11 31 64.8243 -52.1091
11 32 65.1409 -51.7789
11 33 65.4531 -51.4439
11 34 65.761 -51.1044
11 35 66.0644 -50.7603
11 36 66.3633 -50.4117
11 37 66.6576 -50.0587
11 38 66.9472 -49.7014
11 39 67.232 -49.3399
11 40 67.512 -48.9744
11 41 67.787 -48.605
11 42 68.0571 -48.2318
11 43 68.3221 -47.8552
11 44 68.5819 -47.4751
11 45 69.0581 -46.238
11 46 69.4118 -45.694
11 47 69.7615 -45.1345
11 48 70.1071 -44.5587
11 49 70.4487 -43.9662
11 50 70.7862 -43.3561
11 51 71.1196 -42.7279
11 52 71.449 -42.0808
11 53 71.7742 -41.4141
11 54 72.0952 -40.7271
11 55 72.4119 -40.0191
11 56 72.7242 -39.2891
11 57 73.0321 -38.5366
11 58 73.3355 -37.7606
11 59 73.6342 -36.9603
11 60 73.9281 -36.135
11 61 74.2172 -35.2838
11 62 74.5012 -34.4058
11 63 74.7801 -33.5003
11 64 75.0537 -32.5665
11 65 75.3218 -31.6035
11 66 75.5842 -30.6106
11 67 75.8409 -29.587
11 68 76.0916 -28.532
11 69 76.3361 -27.445
11 70 76.5742 -26.3254
11 71 76.8058 -25.1727
11 72 77.0306 -23.9864
11 73 77.2485 -22.7663
11 74 77.4592 -21.512
11 75 77.6625 -20.2236
11 76 77.8583 -18.9011
11 77 78.0462 -17.5446
11 78 78.2262 -16.1547
11 79 78.398 -14.732
11 80 78.5614 -13.2771
11 81 78.7162 -11.7912
11 82 78.8623 -10.2755
11 83 78.9995 -8.73141
11 84 79.1277 -7.16073
11 85 79.2467 -5.56538
11 86 79.3564 -3.94755
11 87 79.4567 -2.30963
11 88 79.5476 -0.654237
11 89 79.629 1.01584
11 90 79.701 2.69763
11 91 79.7634 4.38804
11 92 79.8164 6.08386
11 93 79.86 7.78183
11 94 79.8944 9.47862
11 95 79.9196 11.1709
11 96 79.9358 12.8555
11 97 79.9432 14.5291
11 98 79.942 16.1887
11 99 79.9324 17.8313
11 100 79.9146 19.4541
12 1 54.2656 -59.6036
12 2 54.726 -59.3498
12 3 55.1481 -59.0974
12 4 55.5532 -58.843
12 5 55.9482 -58.5855
12 6 56.3365 -58.324
12 7 56.7201 -58.0583
12 8 57.0999 -57.7881
12 9 57.4768 -57.513
12 10 57.851 -57.233
12 11 58.223 -56.9477
12 12 58.5929 -56.657
12 13 58.9609 -56.3608
12 14 59.327 -56.0587
12 15 59.0214 -56.061
12 16 59.4033 -55.7562
12 17 59.7784 -55.447
12 18 60.1472 -55.1333
12 19 60.5105 -54.8148
12 20 60.8685 -54.4915
12 21 61.2215 -54.1633
12 22 61.5698 -53.8302
12 23 61.9136 -53.4919
12 24 62.2529 -53.1486
12 25 62.5878 -52.8001
12 26 62.9184 -52.4465
12 27 63.2447 -52.0876
12 28 63.5666 -51.7236
12 29 63.8843 -51.3545
12 30 64.1975 -50.9802
12 31 64.5064 -50.6009
12 32 64.8108 -50.2165
12 33 65.1107 -49.8271
12 34 65.406 -49.4328
12 35 65.6967 -49.0338
12 36 65.9827 -48.6301
12 37 66.2639 -48.2219
12 38 66.5402 -47.8092
12 39 66.8117 -47.3924
12 40 67.0781 -46.9715
12 41 67.3395 -46.5467
12 42 67.5957 -46.1184
12 43 67.8467 -45.6867
12 44 68.0924 -45.2518
12 45 68.4969 -43.8194
12 46 68.8318 -43.2033
12 47 69.1621 -42.5713
12 48 69.4878 -41.9228
12 49 69.8089 -41.2572
12 50 70.1254 -40.5741
12 51 70.4373 -39.873
12 52 70.7446 -39.1532
12 53 71.0471 -38.4142
12 54 71.3448 -37.6555
12 55 71.6376 -36.8766
12 56 71.9255 -36.0768
12 57 72.2083 -35.2558
12 58 72.486 -34.413
12 59 72.7584 -33.5478
12 60 73.0255 -32.6599
12 61 73.2871 -31.7488
12 62 73.543 -30.814
12 63 73.7932 -29.8552
12 64 74.0375 -28.8719
12 65 74.2758 -27.8641
12 66 74.5079 -26.8313
12 67 74.7336 -25.7734
12 68 74.9529 -24.6903
12 69 75.1655 -23.5819
12 70 75.3713 -22.4483
12 71 75.5702 -21.2897
12 72 75.762 -20.1062
12 73 75.9465 -18.8981
12 74 76.1236 -17.6661
12 75 76.2932 -16.4105
12 76 76.4551 -15.1321
12 77 76.6092 -13.8317
12 78 76.7554 -12.5102
12 79 76.8935 -11.1688
12 80 77.0235 -9.80861
12 81 77.1453 -8.43098
12 82 77.2588 -7.03738
12 83 77.3639 -5.6294
12 84 77.4606 -4.20875
12 85 77.5488 -2.77722
12 86 77.6286 -1.33671
12 87 77.7 0.110783
12 88 77.7629 1.56323
12 89 77.8175 3.01853
12 90 77.8638 4.47455
12 91 77.9019 5.92915
12 92 77.9318 7.3802
12 93 77.9538 8.82556
12 94 77.9679 10.2632
12 95 77.9743 11.691
12 96 77.9731 13.107
12 97 77.9646 14.5094
12 98 77.949 15.8964
12 99 77.9265 17.2663
12 100 77.8973 18.6176
13 1 54.2241 -59.4624
13 2 54.6781 -59.1708
13 3 55.0925 -58.8803
13 4 55.4892 -58.5874
13 5 55.8755 -58.2908
13 6 56.2547 -57.9898
13 7 56.6289 -57.6839
13 8 56.9992 -57.373
13 9 57.3662 -57.0566
13 10 57.7305 -56.7347
13 11 58.0922 -56.407
13 12 58.4517 -56.0733
13 13 58.809 -55.7334
13 14 59.1643 -55.3871
13 15 58.8456 -55.38
13 16 59.2173 -55.0313
13 17 59.5818 -54.6778
13 18 59.9399 -54.3193
13 19 60.2921 -53.9557
13 20 60.6387 -53.5869
13 21 60.9802 -53.2127
13 22 61.3167 -52.8332
13 23 61.6485 -52.4482
13 24 61.9755 -52.0578
13 25 62.298 -51.6619
13 26 62.6159 -51.2606
13 27 62.9293 -50.8539
13 28 63.2382 -50.4418
13 29 63.5425 -50.0243
13 30 63.8423 -49.6015
13 31 64.1374 -49.1735
13 32 64.428 -48.7404
13 33 64.7138 -48.3023
13 34 64.9949 -47.8594
13 35 65.2711 -47.4117
13 36 65.5425 -46.9594
13 37 65.809 -46.5028
13 38 66.0704 -46.0419
13 39 66.3267 -45.5771
13 40 66.578 -45.1086
13 41 66.824 -44.6366
13 42 67.0647 -44.1615
13 43 67.3001 -43.6834
13 44 67.5301 -43.2028
13 45 67.8525 -41.6146
13 46 68.1668 -40.9405
13 47 68.476 -40.2509
13 48 68.7801 -39.5454
13 49 69.0791 -38.8236
13 50 69.373 -38.0851
13 51 69.6618 -37.3295
13 52 69.9454 -36.5566
13 53 70.2238 -35.7659
13 54 70.4968 -34.9571
13 55 70.7645 -34.1299
13 56 71.0267 -33.2841
13 57 71.2834 -32.4193
13 58 71.5345 -31.5355
13 59 71.7799 -30.6322
13 60 72.0194 -29.7095
13 61 72.253 -28.7672
13 62 72.4805 -27.8051
13 63 72.7019 -26.8234
13 64 72.917 -25.8219
13 65 73.1257 -24.8008
13 66 73.328 -23.7602
13 67 73.5236 -22.7003
13 68 73.7124 -21.6215
13 69 73.8945 -20.5239
13 70 74.0695 -19.4081
13 71 74.2375 -18.2745
13 72 74.3984 -17.1238
13 73 74.5519 -15.9565
13 74 74.6982 -14.7735
13 75 74.837 -13.5755
13 76 74.9683 -12.3634
13 77 75.092 -11.1383
13 78 75.2081 -9.90117
13 79 75.3166 -8.65318
13 80 75.4173 -7.39552
13 81 75.5103 -6.12949
13 82 75.5956 -4.85641
13 83 75.6732 -3.57767
13 84 75.7431 -2.29469
13 85 75.8053 -1.00895
13 86 75.8599 0.278075
13 87 75.907 1.56487
13 88 75.9466 2.84992
13 89 75.9787 4.13172
13 90 76.0036 5.40878
13 91 76.0213 6.67961
13 92 76.032 7.94279
13 93 76.0358 9.19691
13 94 76.0328 10.4406
13 95 76.0232 11.6726
13 96 76.0072 12.8917
13 97 75.985 14.0967
13 98 75.9567 15.2865
13 99 75.9225 16.4601
13 100 75.8827 17.6166
14 1 54.1757 -59.3253
14 2 54.6229 -58.9969
14 3 55.0286 -58.6695
14 4 55.4158 -58.3393
14 5 55.7921 -58.0049
14 6 56.1611 -57.6658
14 7 56.5247 -57.3213
14 8 56.8841 -56.9713
14 9 57.24 -56.6154
14 10 57.5929 -56.2535
14 11 57.943 -55.8852
14 12 58.2907 -55.5106
14 13 58.636 -55.1293
14 14 58.9789 -54.7412
14 15 58.6443 -54.7261
14 16 59.0046 -54.3361
14 17 59.3573 -53.941
14 18 59.7032 -53.5405
14 19 60.043 -53.1347
14 20 60.377 -52.7234
14 21 60.7055 -52.3066
14 22 61.0288 -51.8842
14 23 61.3471 -51.4562
14 24 61.6604 -51.0226
14 25 61.969 -50.5834
14 26 62.2728 -50.1388
14 27 62.5718 -49.6886
14 28 62.8661 -49.2331
14 29 63.1556 -48.7722
14 30 63.4404 -48.3062
14 31 63.7204 -47.835
14 32 63.9955 -47.3589
14 33 64.2658 -46.8781
14 34 64.5312 -46.3926
14 35 64.7915 -45.9027
14 36 65.0469 -45.4086
14 37 65.2971 -44.9106
14 38 65.5422 -44.4088
14 39 65.7821 -43.9036
14 40 66.0167 -43.3953
14 41 66.246 -42.8841
14 42 66.4699 -42.3704
14 43 66.6884 -41.8546
14 44 66.9013 -41.337
14 45 67.1326 -39.6316
14 46 67.425 -38.9129
14 47 67.7119 -38.1797
14 48 67.9933 -37.4317
14 49 68.2692 -36.6689
14 50 68.5395 -35.8908
14 51 68.8042 -35.0974
14 52 69.0633 -34.2885
14 53 69.3167 -33.4638
14 54 69.5645 -32.6234
14 55 69.8065 -31.7671
14 56 70.0426 -30.8948
14 57 70.2729 -30.0064
14 58 70.4972 -29.1021
14 59 70.7154 -28.1819
14 60 70.9275 -27.2458
14 61 71.1334 -26.2939
14 62 71.3329 -25.3264
14 63 71.5261 -24.3436
14 64 71.7128 -23.3457
14 65 71.893 -22.333
14 66 72.0665 -21.306
14 67 72.2334 -20.2649
14 68 72.3934 -19.2104
14 69 72.5466 -18.1429
14 70 72.6928 -17.0631
14 71 72.8321 -15.9716
14 72 72.9643 -14.869
14 73 73.0894 -13.7563
14 74 73.2075 -12.6341
14 75 73.3183 -11.5034
14 76 73.422 -10.365
14 77 73.5185 -9.21999
14 78 73.6078 -8.06926
14 79 73.6899 -6.91388
14 80 73.7648 -5.75491
14 81 73.8325 -4.59343
14 82 73.8932 -3.43057
14 83 73.9468 -2.26743
14 84 73.9934 -1.10516
14 85 74.033 0.0551192
14 86 74.0658 1.21227
14 87 74.0918 2.36518
14 88 74.1112 3.51274
14 89 74.124 4.65386
14 90 74.1303 5.78751
14 91 74.1304 6.91265
14 92 74.1242 8.02829
14 93 74.1121 9.13351
14 94 74.0941 10.2274
14 95 74.0703 11.3091
14 96 74.041 12.3778
14 97 74.0063 13.4328
14 98 73.9664 14.4733
14 99 73.9214 15.4988
14 100 73.8716 16.5086
15 1 54.1202 -59.1928
15 2 54.5602 -58.8287
15 3 54.9564 -58.4657
15 4 55.3331 -58.0996
15 5 55.6983 -57.729
15 6 56.0558 -57.3532
15 7 56.4076 -56.9719
15 8 56.7549 -56.5846
15 9 57.0985 -56.1911
15 10 57.4388 -55.7912
15 11 57.776 -55.3847
15 12 58.1106 -54.9714
15 13 58.4425 -54.5511
15 14 58.7718 -54.1237
15 15 58.4183 -54.1025
15 16 58.766 -53.6738
15 17 59.1057 -53.2398
15 18 59.4383 -52.8005
15 19 59.7644 -52.3556
15 20 60.0845 -51.9052
15 21 60.3987 -51.4492
15 22 60.7076 -50.9876
15 23 61.0111 -50.5205
15 24 61.3094 -50.0478
15 25 61.6028 -49.5696
15 26 61.8911 -49.0861
15 27 62.1744 -48.5972
15 28 62.4528 -48.1032
15 29 62.7263 -47.6041
15 30 62.9948 -47.1001
15 31 63.2583 -46.5914
15 32 63.5168 -46.0781
15 33 63.7703 -45.5604
15 34 64.0187 -45.0387
15 35 64.2619 -44.5131
15 36 64.5 -43.9838
15 37 64.7329 -43.4513
15 38 64.9604 -42.9157
15 39 65.1827 -42.3774
15 40 65.3996 -41.8367
15 41 65.6111 -41.2941
15 42 65.8171 -40.7499
15 43 66.0176 -40.2044
15 44 66.2126 -39.6582
15 45 66.3446 -37.872
15 46 66.6145 -37.1206
15 47 66.8784 -36.3563
15 48 67.1364 -35.5788
15 49 67.3885 -34.7882
15 50 67.6347 -33.9843
15 51 67.8749 -33.1671
15 52 68.1092 -32.3367
15 53 68.3375 -31.4929
15 54 68.5598 -30.6359
15 55 68.7761 -29.7657
15 56 68.9863 -28.8824
15 57 69.1903 -27.9862
15 58 69.3881 -27.0772
15 59 69.5797 -26.1556
15 60 69.765 -25.2217
15 61 69.9439 -24.2759
15 62 70.1163 -23.3183
15 63 70.2824 -22.3494
15 64 70.4419 -21.3695
15 65 70.5948 -20.3792
15 66 70.7411 -19.3789
15 67 70.8807 -18.3692
15 68 71.0136 -17.3506
15 69 71.1398 -16.3237
15 70 71.2593 -15.2891
15 71 71.3719 -14.2477
15 72 71.4778 -13.2
15 73 71.5768 -12.1468
15 74 71.6691 -11.089
15 75 71.7545 -10.0272
15 76 71.8332 -8.96242
15 77 71.9051 -7.89539
15 78 71.9702 -6.82701
15 79 72.0287 -5.75814
15 80 72.0805 -4.68968
15 81 72.1258 -3.62252
15 82 72.1645 -2.55753
15 83 72.1967 -1.4956
15 84 72.2226 -0.437616
15 85 72.2422 0.61557
15 86 72.2557 1.66311
15 87 72.263 2.70417
15 88 72.2644 3.73795
15 89 72.26 4.76367
15 90 72.2498 5.78057
15 91 72.234 6.78795
15 92 72.2128 7.78511
15 93 72.1862 8.7714
15 94 72.1545 9.7462
15 95 72.1178 10.709
15 96 72.0761 11.6591
15 97 72.0298 12.5962
15 98 71.979 13.5197
15 99 71.9237 14.4293
15 100 71.8642 15.3245
