24 110 2012 2385060
0 0.000000 180 45
0 1 36.8847 -79.497
0 2 37.0615 -80.0891
0 3 37.1908 -80.6342
0 4 37.2995 -81.1606
0 5 37.3962 -81.6772
0 6 37.4849 -82.1881
0 7 37.5676 -82.6953
0 8 37.6454 -83.2
0 9 37.7191 -83.7029
0 10 37.7891 -84.2046
0 11 37.8559 -84.7052
0 12 37.9196 -85.2049
0 13 37.9804 -85.704
0 14 38.0385 -86.2025
0 15 37.6384 -85.8915
0 16 37.72 -86.4054
0 17 37.7943 -86.9128
0 18 37.8623 -87.4143
0 19 37.9245 -87.9105
0 20 37.9817 -88.402
0 21 38.0342 -88.8889
0 22 38.0824 -89.3714
0 23 38.1265 -89.8497
0 24 38.1669 -90.3239
0 25 38.2037 -90.794
0 26 38.2371 -91.26
0 27 38.2673 -91.7218
0 28 38.2943 -92.1794
0 29 38.3194 -92.6353
0 30 38.3405 -93.0843
0 31 38.3588 -93.5288
0 32 38.3744 -93.9688
0 33 38.3873 -94.4041
0 34 38.3976 -94.8346
0 35 38.4054 -95.2601
0 36 38.4108 -95.6805
0 37 38.4137 -96.0958
0 38 38.4143 -96.5057
0 39 38.4125 -96.9101
0 40 38.4085 -97.3089
0 41 38.4023 -97.702
0 42 38.394 -98.0891
0 43 38.3835 -98.4702
0 44 38.3709 -98.8451
0 45 37.7217 -99.6077
0 46 37.7339 -100.119
0 47 37.7423 -100.626
0 48 37.747 -101.131
0 49 37.7483 -101.632
0 50 37.7463 -102.131
0 51 37.7409 -102.626
0 52 37.7324 -103.119
0 53 37.7209 -103.608
0 54 37.7064 -104.095
0 55 37.6889 -104.579
0 56 37.6687 -105.06
0 57 37.6457 -105.538
0 58 37.62 -106.013
0 59 37.5917 -106.486
0 60 37.5609 -106.955
0 61 37.5275 -107.421
0 62 37.4917 -107.885
0 63 37.4535 -108.345
0 64 37.4129 -108.803
0 65 37.3701 -109.257
0 66 37.325 -109.708
0 67 37.2778 -110.156
0 68 37.2283 -110.601
0 69 37.1768 -111.043
0 70 37.1232 -111.482
0 71 37.0676 -111.917
0 72 37.0101 -112.349
0 73 36.9506 -112.778
0 74 36.8892 -113.203
0 75 36.8259 -113.625
0 76 36.7609 -114.043
0 77 36.6941 -114.458
0 78 36.6255 -114.87
0 79 36.5553 -115.278
0 80 36.4834 -115.682
0 81 36.4099 -116.083
0 82 36.3349 -116.48
0 83 36.2583 -116.873
0 84 36.1802 -117.262
0 85 36.1006 -117.648
0 86 36.0196 -118.03
0 87 35.9372 -118.408
0 88 35.8535 -118.783
0 89 35.7685 -119.153
0 90 35.6821 -119.52
0 91 35.5946 -119.882
0 92 35.5064 -120.238
0 93 35.4165 -120.592
0 94 35.3255 -120.942
0 95 35.2333 -121.288
0 96 35.1401 -121.63
0 97 35.0459 -121.968
0 98 34.9506 -122.302
0 99 34.8544 -122.631
0 100 34.7572 -122.957
0 101 34.6592 -123.278
0 102 34.5602 -123.595
0 103 34.4604 -123.907
0 104 34.3598 -124.216
0 105 34.2585 -124.52
0 106 34.1563 -124.82
0 107 34.0535 -125.115
0 108 33.9499 -125.406
0 109 33.8457 -125.692
0 110 33.7408 -125.975
1 1 36.995 -79.4954
1 2 37.1845 -80.0719
1 3 37.3323 -80.6079
1 4 37.461 -81.1269
1 5 37.5786 -81.6373
1 6 37.6885 -82.1426
1 7 37.7925 -82.6447
1 8 37.8919 -83.1449
1 9 37.9872 -83.6436
1 10 38.079 -84.1414
1 11 38.1676 -84.6386
1 12 38.2531 -85.1352
1 13 38.3365 -85.633
1 14 38.4164 -86.1291
1 15 38.0456 -85.8376
1 16 38.1468 -86.3479
1 17 38.241 -86.8522
1 18 38.3305 -87.3538
1 19 38.4129 -87.8483
1 20 38.4904 -88.3383
1 21 38.5632 -88.8243
1 22 38.6317 -89.3064
1 23 38.6962 -89.7846
1 24 38.7568 -90.2591
1 25 38.8139 -90.7298
1 26 38.8675 -91.1967
1 27 38.9177 -91.6598
1 28 38.9648 -92.1191
1 29 39.0087 -92.5743
1 30 39.0496 -93.0255
1 31 39.0876 -93.4725
1 32 39.1227 -93.9153
1 33 39.155 -94.3536
1 34 39.1846 -94.7873
1 35 39.2114 -95.2164
1 36 39.2357 -95.6407
1 37 39.2574 -96.06
1 38 39.2765 -96.4741
1 39 39.2932 -96.883
1 40 39.3074 -97.2865
1 41 39.3192 -97.6845
1 42 39.3287 -98.0767
1 43 39.3358 -98.463
1 44 39.3407 -98.8434
1 45 38.802 -99.6653
1 46 38.8334 -100.182
1 47 38.861 -100.696
1 48 38.885 -101.207
1 49 38.9055 -101.715
1 50 38.9226 -102.221
1 51 38.9363 -102.724
1 52 38.9469 -103.225
1 53 38.9544 -103.723
1 54 38.9588 -104.218
1 55 38.9603 -104.711
1 56 38.9588 -105.201
1 57 38.9545 -105.688
1 58 38.9475 -106.173
1 59 38.9377 -106.655
1 60 38.9252 -107.134
1 61 38.9102 -107.611
1 62 38.8926 -108.085
1 63 38.8725 -108.556
1 64 38.85 -109.025
1 65 38.825 -109.49
1 66 38.7977 -109.953
1 67 38.7681 -110.412
1 68 38.7362 -110.869
1 69 38.7021 -111.323
1 70 38.6658 -111.773
1 71 38.6273 -112.221
1 72 38.5868 -112.665
1 73 38.5441 -113.106
1 74 38.4995 -113.544
1 75 38.4529 -113.979
1 76 38.4043 -114.41
1 77 38.3538 -114.838
1 78 38.3015 -115.262
1 79 38.2477 -115.68
1 80 38.1917 -116.098
1 81 38.134 -116.512
1 82 38.0746 -116.922
1 83 38.0136 -117.329
1 84 37.9508 -117.732
1 85 37.8865 -118.131
1 86 37.8207 -118.527
1 87 37.7533 -118.919
1 88 37.6844 -119.307
1 89 37.6141 -119.691
1 90 37.5423 -120.071
1 91 37.4692 -120.447
1 92 37.3948 -120.82
1 93 37.319 -121.188
1 94 37.242 -121.552
1 95 37.1637 -121.912
1 96 37.0843 -122.268
1 97 37.0037 -122.62
1 98 36.9219 -122.968
1 99 36.8391 -123.311
1 100 36.7552 -123.651
1 101 36.6703 -123.986
1 102 36.5844 -124.317
1 103 36.4976 -124.643
1 104 36.4098 -124.965
1 105 36.3211 -125.283
1 106 36.2316 -125.597
1 107 36.1413 -125.906
1 108 36.0501 -126.21
1 109 35.9583 -126.511
1 110 35.8656 -126.806
2 1 37.0993 -79.4824
2 2 37.3035 -80.0444
2 3 37.4702 -80.5703
2 4 37.6191 -81.0809
2 5 37.7574 -81.5836
2 6 37.8884 -82.0818
2 7 38.0137 -82.5774
2 8 38.1345 -83.0713
2 9 38.2514 -83.5643
2 10 38.3657 -84.0581
2 11 38.4759 -84.5503
2 12 38.5831 -85.0423
2 13 38.6875 -85.5344
2 14 38.7892 -86.0264
2 15 38.4467 -85.754
2 16 38.5677 -86.2595
2 17 38.6819 -86.7595
2 18 38.7901 -87.2549
2 19 38.8929 -87.746
2 20 38.9906 -88.2332
2 21 39.0839 -88.7167
2 22 39.1728 -89.1968
2 23 39.2576 -89.6733
2 24 39.3387 -90.1465
2 25 39.416 -90.6163
2 26 39.4899 -91.0827
2 27 39.5603 -91.5456
2 28 39.6274 -92.005
2 29 39.6913 -92.4607
2 30 39.7521 -92.9126
2 31 39.8098 -93.3607
2 32 39.8645 -93.8048
2 33 39.9163 -94.2448
2 34 39.9652 -94.6805
2 35 40.0113 -95.1118
2 36 40.0545 -95.5386
2 37 40.095 -95.9606
2 38 40.1329 -96.3778
2 39 40.168 -96.7899
2 40 40.2005 -97.1969
2 41 40.2305 -97.5985
2 42 40.2579 -97.9947
2 43 40.2827 -98.3851
2 44 40.3051 -98.7698
2 45 39.8723 -99.6379
2 46 39.9235 -100.16
2 47 39.9708 -100.679
2 48 40.0145 -101.196
2 49 40.0547 -101.71
2 50 40.0914 -102.222
2 51 40.1248 -102.732
2 52 40.1549 -103.24
2 53 40.1819 -103.745
2 54 40.2057 -104.248
2 55 40.2264 -104.749
2 56 40.2442 -105.248
2 57 40.2591 -105.744
2 58 40.2711 -106.238
2 59 40.2803 -106.729
2 60 40.2867 -107.218
2 61 40.2905 -107.705
2 62 40.2915 -108.189
2 63 40.29 -108.671
2 64 40.2858 -109.15
2 65 40.2792 -109.626
2 66 40.27 -110.1
2 67 40.2585 -110.571
2 68 40.2445 -111.039
2 69 40.2281 -111.504
2 70 40.2095 -111.967
2 71 40.1885 -112.426
2 72 40.1654 -112.883
2 73 40.14 -113.336
2 74 40.1124 -113.787
2 75 40.0828 -114.234
2 76 40.051 -114.678
2 77 40.0172 -115.119
2 78 39.9814 -115.556
2 79 39.9436 -115.99
2 80 39.9039 -116.421
2 81 39.8623 -116.849
2 82 39.8189 -117.272
2 83 39.7736 -117.693
2 84 39.7266 -118.109
2 85 39.6778 -118.522
2 86 39.6273 -118.932
2 87 39.5751 -119.337
2 88 39.5213 -119.739
2 89 39.4659 -120.137
2 90 39.409 -120.531
2 91 39.3506 -120.921
2 92 39.2906 -121.307
2 93 39.2293 -121.69
2 94 39.1665 -122.068
2 95 39.1024 -122.442
2 96 39.0369 -122.812
2 97 38.9701 -123.178
2 98 38.9021 -123.54
2 99 38.8329 -123.897
2 100 38.7625 -124.25
2 101 38.6909 -124.599
2 102 38.6183 -124.944
2 103 38.5445 -125.284
2 104 38.4697 -125.62
2 105 38.3939 -125.952
2 106 38.3172 -126.279
2 107 38.2401 -126.599
2 108 38.1614 -126.917
2 109 38.0819 -127.231
2 110 38.0016 -127.541
3 1 37.1983 -79.4595
3 2 37.4186 -80.0071
3 3 37.6044 -80.5219
3 4 37.7734 -81.0226
3 5 37.9323 -81.5162
3 6 38.0842 -82.0059
3 7 38.2306 -82.4933
3 8 38.3736 -82.9811
3 9 38.5118 -83.4667
3 10 38.6466 -83.9521
3 11 38.7783 -84.4376
3 12 38.907 -84.9232
3 13 39.0329 -85.4092
3 14 39.1562 -85.8955
3 15 38.8376 -85.6361
3 16 38.9785 -86.1352
3 17 39.1128 -86.6295
3 18 39.2412 -87.1195
3 19 39.3642 -87.6058
3 20 39.4824 -88.0886
3 21 39.596 -88.5682
3 22 39.7053 -89.0446
3 23 39.8105 -89.518
3 24 39.9119 -89.9884
3 25 40.0096 -90.4557
3 26 40.1037 -90.92
3 27 40.1943 -91.3811
3 28 40.2815 -91.8391
3 29 40.3654 -92.2937
3 30 40.446 -92.7449
3 31 40.5235 -93.1926
3 32 40.5978 -93.6366
3 33 40.6691 -94.0767
3 34 40.7374 -94.513
3 35 40.8027 -94.9451
3 36 40.865 -95.3729
3 37 40.9244 -95.7963
3 38 40.981 -96.2151
3 39 41.0347 -96.6291
3 40 41.0856 -97.0382
3 41 41.1337 -97.4423
3 42 41.1791 -97.841
3 43 41.2218 -98.2344
3 44 41.2618 -98.6221
3 45 40.9309 -99.5255
3 46 41.0022 -100.051
3 47 41.0697 -100.575
3 48 41.1335 -101.096
3 49 41.1938 -101.616
3 50 41.2506 -102.133
3 51 41.304 -102.649
3 52 41.3541 -103.163
3 53 41.4009 -103.675
3 54 41.4445 -104.185
3 55 41.4851 -104.693
3 56 41.5225 -105.2
3 57 41.557 -105.704
3 58 41.5884 -106.206
3 59 41.617 -106.706
3 60 41.6427 -107.204
3 61 41.6656 -107.7
3 62 41.6858 -108.194
3 63 41.7032 -108.685
3 64 41.7179 -109.174
3 65 41.7299 -109.661
3 66 41.7394 -110.145
3 67 41.7462 -110.627
3 68 41.7506 -111.106
3 69 41.7524 -111.583
3 70 41.7518 -112.057
3 71 41.7488 -112.528
3 72 41.7434 -112.997
3 73 41.7357 -113.463
3 74 41.7256 -113.925
3 75 41.7133 -114.385
3 76 41.6987 -114.842
3 77 41.682 -115.296
3 78 41.6631 -115.746
3 79 41.6421 -116.194
3 80 41.619 -116.638
3 81 41.5938 -117.079
3 82 41.5666 -117.516
3 83 41.5375 -117.95
3 84 41.5065 -118.381
3 85 41.4735 -118.808
3 86 41.4387 -119.231
3 87 41.402 -119.651
3 88 41.3636 -120.067
3 89 41.3235 -120.479
3 90 41.2816 -120.887
3 91 41.2381 -121.292
3 92 41.1929 -121.693
3 93 41.1462 -122.089
3 94 41.0979 -122.482
3 95 41.0481 -122.871
3 96 40.9968 -123.255
3 97 40.9441 -123.636
3 98 40.8899 -124.012
3 99 40.8345 -124.384
3 100 40.7777 -124.752
3 101 40.7196 -125.116
3 102 40.6603 -125.475
3 103 40.5997 -125.83
3 104 40.538 -126.18
3 105 40.4752 -126.526
3 106 40.4112 -126.868
3 107 40.3462 -127.205
3 108 40.2802 -127.538
3 109 40.2131 -127.866
3 110 40.1452 -128.189
4 1 37.2926 -79.4276
4 2 37.5298 -79.9604
4 3 37.7346 -80.463
4 4 37.9236 -80.9526
4 5 38.1028 -81.4356
4 6 38.2753 -81.9152
4 7 38.4437 -82.3945
4 8 38.6066 -82.8715
4 9 38.7658 -83.3481
4 10 38.9217 -83.8248
4 11 39.0746 -84.3019
4 12 39.2245 -84.7794
4 13 39.3717 -85.2576
4 14 39.5163 -85.7365
4 15 39.2189 -85.4866
4 16 39.3797 -85.9779
4 17 39.534 -86.4649
4 18 39.6825 -86.9481
4 19 39.8258 -87.428
4 20 39.9642 -87.9048
4 21 40.0981 -88.3787
4 22 40.2277 -88.8499
4 23 40.3533 -89.3185
4 24 40.4749 -89.7844
4 25 40.5928 -90.2476
4 26 40.707 -90.7081
4 27 40.8177 -91.1659
4 28 40.9249 -91.6208
4 29 41.0288 -92.0727
4 30 41.1293 -92.5215
4 31 41.2265 -92.9672
4 32 41.3204 -93.4095
4 33 41.4112 -93.8483
4 34 41.4988 -94.2834
4 35 41.5833 -94.7148
4 36 41.6647 -95.1422
4 37 41.743 -95.5654
4 38 41.8183 -95.9844
4 39 41.8906 -96.3989
4 40 41.9599 -96.8087
4 41 42.0262 -97.2137
4 42 42.0897 -97.6137
4 43 42.1502 -98.0086
4 44 42.2079 -98.3981
4 45 41.9754 -99.3261
4 46 42.0672 -99.8543
4 47 42.1552 -100.381
4 48 42.2396 -100.906
4 49 42.3203 -101.429
4 50 42.3975 -101.951
4 51 42.4713 -102.472
4 52 42.5417 -102.991
4 53 42.6088 -103.509
4 54 42.6727 -104.025
4 55 42.7333 -104.539
4 56 42.7908 -105.052
4 57 42.8452 -105.563
4 58 42.8966 -106.073
4 59 42.945 -106.581
4 60 42.9903 -107.087
4 61 43.0328 -107.591
4 62 43.0724 -108.093
4 63 43.1092 -108.594
4 64 43.1431 -109.092
4 65 43.1743 -109.589
4 66 43.2028 -110.083
4 67 43.2285 -110.575
4 68 43.2516 -111.065
4 69 43.2721 -111.553
4 70 43.2899 -112.038
4 71 43.3053 -112.521
4 72 43.3181 -113.001
4 73 43.3284 -113.479
4 74 43.3362 -113.954
4 75 43.3417 -114.426
4 76 43.3447 -114.895
4 77 43.3454 -115.362
4 78 43.3438 -115.826
4 79 43.34 -116.286
4 80 43.3338 -116.744
4 81 43.3255 -117.198
4 82 43.315 -117.649
4 83 43.3024 -118.097
4 84 43.2877 -118.542
4 85 43.271 -118.983
4 86 43.2522 -119.42
4 87 43.2314 -119.854
4 88 43.2087 -120.285
4 89 43.1841 -120.712
4 90 43.1577 -121.135
4 91 43.1294 -121.554
4 92 43.0993 -121.97
4 93 43.0675 -122.381
4 94 43.034 -122.789
4 95 42.9988 -123.192
4 96 42.962 -123.592
4 97 42.9235 -123.988
4 98 42.8836 -124.379
4 99 42.8421 -124.766
4 100 42.7992 -125.149
4 101 42.7548 -125.528
4 102 42.709 -125.902
4 103 42.6619 -126.272
4 104 42.6134 -126.638
4 105 42.5637 -126.999
4 106 42.5128 -127.356
4 107 42.4606 -127.708
4 108 42.4073 -128.055
4 109 42.3529 -128.398
4 110 42.2973 -128.737
5 1 37.3826 -79.3875
5 2 37.6369 -79.9049
5 3 37.8607 -80.394
5 4 38.0693 -80.871
5 5 38.2686 -81.342
5 6 38.4625 -81.8117
5 7 38.6502 -82.2782
5 8 38.8336 -82.7441
5 9 39.0135 -83.2101
5 10 39.1901 -83.6764
5 11 39.3637 -84.1434
5 12 39.5345 -84.6112
5 13 39.7026 -85.0799
5 14 39.8682 -85.5495
5 15 39.5899 -85.3061
5 16 39.7704 -85.7881
5 17 39.9445 -86.2662
5 18 40.113 -86.7409
5 19 40.2763 -87.2127
5 20 40.4348 -87.6818
5 21 40.5888 -88.1484
5 22 40.7385 -88.6127
5 23 40.8841 -89.0747
5 24 41.0259 -89.5344
5 25 41.1638 -89.9918
5 26 41.2981 -90.4468
5 27 41.4287 -90.8995
5 28 41.5558 -91.3496
5 29 41.6794 -91.7971
5 30 41.7996 -92.2419
5 31 41.9165 -92.6838
5 32 42.0299 -93.1227
5 33 42.1401 -93.5584
5 34 42.247 -93.9909
5 35 42.3506 -94.4198
5 36 42.451 -94.8451
5 37 42.5482 -95.2666
5 38 42.6422 -95.6842
5 39 42.733 -96.0975
5 40 42.8207 -96.5065
5 41 42.9053 -96.911
5 42 42.9867 -97.3107
5 43 43.0651 -97.7056
5 44 43.1404 -98.0953
5 45 43.0031 -99.0374
5 46 43.1158 -99.5666
5 47 43.2246 -100.095
5 48 43.3298 -100.622
5 49 43.4313 -101.148
5 50 43.5292 -101.673
5 51 43.6237 -102.197
5 52 43.7148 -102.72
5 53 43.8025 -103.241
5 54 43.8869 -103.762
5 55 43.968 -104.282
5 56 44.0459 -104.8
5 57 44.1206 -105.317
5 58 44.1922 -105.833
5 59 44.2608 -106.348
5 60 44.3262 -106.861
5 61 44.3887 -107.372
5 62 44.4481 -107.883
5 63 44.5047 -108.391
5 64 44.5583 -108.899
5 65 44.609 -109.404
5 66 44.6568 -109.908
5 67 44.7019 -110.409
5 68 44.7441 -110.909
5 69 44.7837 -111.407
5 70 44.8204 -111.903
5 71 44.8545 -112.397
5 72 44.8859 -112.888
5 73 44.9147 -113.377
5 74 44.9409 -113.864
5 75 44.9646 -114.348
5 76 44.9857 -114.83
5 77 45.0043 -115.309
5 78 45.0204 -115.786
5 79 45.0341 -116.259
5 80 45.0454 -116.73
5 81 45.0544 -117.198
5 82 45.061 -117.663
5 83 45.0653 -118.124
5 84 45.0674 -118.583
5 85 45.0672 -119.038
5 86 45.0649 -119.49
5 87 45.0604 -119.939
5 88 45.0539 -120.384
5 89 45.0452 -120.826
5 90 45.0345 -121.264
5 91 45.0219 -121.699
5 92 45.0073 -122.129
5 93 44.9907 -122.556
5 94 44.9723 -122.979
5 95 44.9521 -123.398
5 96 44.9301 -123.814
5 97 44.9063 -124.225
5 98 44.8808 -124.632
5 99 44.8536 -125.035
5 100 44.8248 -125.433
5 101 44.7945 -125.828
5 102 44.7625 -126.218
5 103 44.7291 -126.604
5 104 44.6942 -126.985
5 105 44.6578 -127.362
5 106 44.6201 -127.734
5 107 44.581 -128.102
5 108 44.5407 -128.465
5 109 44.499 -128.824
5 110 44.4562 -129.178
6 1 37.4682 -79.3396
6 2 37.7398 -79.8408
6 3 37.9823 -80.3153
6 4 38.2102 -80.7783
6 5 38.4304 -81.2376
6 6 38.6429 -81.6925
6 7 38.8504 -82.1461
6 8 39.0539 -82.5994
6 9 39.254 -83.0531
6 10 39.4508 -83.5073
6 11 39.6448 -83.9625
6 12 39.836 -84.4188
6 13 40.0247 -84.8762
6 14 40.2107 -85.3349
6 15 39.9494 -85.0951
6 16 40.1493 -85.5661
6 17 40.3431 -86.0337
6 18 40.5312 -86.4983
6 19 40.7143 -86.9603
6 20 40.8926 -87.42
6 21 41.0664 -87.8775
6 22 41.236 -88.3331
6 23 41.4015 -88.7867
6 24 41.563 -89.2384
6 25 41.7208 -89.6882
6 26 41.8748 -90.1359
6 27 42.0252 -90.5816
6 28 42.1719 -91.0252
6 29 42.3152 -91.4664
6 30 42.4549 -91.9053
6 31 42.5912 -92.3417
6 32 42.724 -92.7754
6 33 42.8534 -93.2063
6 34 42.9794 -93.6342
6 35 43.1021 -94.059
6 36 43.2213 -94.4805
6 37 43.3373 -94.8985
6 38 43.4499 -95.3129
6 39 43.5592 -95.7234
6 40 43.6652 -96.1298
6 41 43.7679 -96.5321
6 42 43.8673 -96.9299
6 43 43.9634 -97.3232
6 44 44.0564 -97.7116
6 45 44.0112 -98.6567
6 46 44.1449 -99.1854
6 47 44.2748 -99.7135
6 48 44.4009 -100.241
6 49 44.5234 -100.768
6 50 44.6424 -101.294
6 51 44.7578 -101.82
6 52 44.8698 -102.345
6 53 44.9784 -102.869
6 54 45.0836 -103.393
6 55 45.1855 -103.916
6 56 45.2841 -104.439
6 57 45.3795 -104.96
6 58 45.4717 -105.481
6 59 45.5607 -106.001
6 60 45.6466 -106.52
6 61 45.7294 -107.038
6 62 45.8091 -107.555
6 63 45.8858 -108.071
6 64 45.9594 -108.585
6 65 46.0301 -109.099
6 66 46.0977 -109.611
6 67 46.1625 -110.121
6 68 46.2244 -110.63
6 69 46.2833 -111.137
6 70 46.3394 -111.643
6 71 46.3927 -112.147
6 72 46.4432 -112.649
6 73 46.491 -113.149
6 74 46.536 -113.647
6 75 46.5782 -114.143
6 76 46.6178 -114.637
6 77 46.6548 -115.128
6 78 46.6891 -115.617
6 79 46.7209 -116.103
6 80 46.7501 -116.587
6 81 46.7768 -117.068
6 82 46.8009 -117.547
6 83 46.8227 -118.022
6 84 46.842 -118.495
6 85 46.8589 -118.965
6 86 46.8735 -119.431
6 87 46.8857 -119.895
6 88 46.8957 -120.355
6 89 46.9035 -120.812
6 90 46.909 -121.265
6 91 46.9124 -121.715
6 92 46.9137 -122.161
6 93 46.9129 -122.604
6 94 46.91 -123.043
6 95 46.9051 -123.478
6 96 46.8983 -123.909
6 97 46.8895 -124.336
6 98 46.8789 -124.76
6 99 46.8664 -125.179
6 100 46.8521 -125.594
6 101 46.8361 -126.005
6 102 46.8184 -126.411
6 103 46.7989 -126.814
6 104 46.7779 -127.212
6 105 46.7553 -127.605
6 106 46.7311 -127.994
6 107 46.7054 -128.379
6 108 46.6783 -128.758
6 109 46.6497 -129.134
6 110 46.6198 -129.504
7 1 37.5496 -79.2844
7 2 37.8384 -79.7685
7 3 38.0992 -80.2271
7 4 38.3473 -80.6767
7 5 38.5852 -81.1193
7 6 38.8169 -81.5594
7 7 39.0438 -81.9986
7 8 39.2669 -82.4378
7 9 39.4865 -82.8774
7 10 39.7031 -83.3179
7 11 39.9169 -83.7596
7 12 40.128 -84.2026
7 13 40.3366 -84.647
7 14 40.5428 -85.0929
7 15 40.2964 -84.8542
7 16 40.5155 -85.3127
7 17 40.7284 -85.768
7 18 40.9359 -86.2207
7 19 41.1384 -86.6711
7 20 41.3361 -87.1196
7 21 41.5294 -87.5663
7 22 41.7184 -88.0114
7 23 41.9034 -88.4548
7 24 42.0845 -88.8966
7 25 42.2617 -89.3369
7 26 42.4352 -89.7754
7 27 42.605 -90.2123
7 28 42.7712 -90.6473
7 29 42.9337 -91.0805
7 30 43.0927 -91.5115
7 31 43.2482 -91.9405
7 32 43.4001 -92.3671
7 33 43.5485 -92.7912
7 34 43.6934 -93.2128
7 35 43.8349 -93.6315
7 36 43.9728 -94.0473
7 37 44.1073 -94.4599
7 38 44.2384 -94.8692
7 39 44.366 -95.275
7 40 44.4901 -95.6771
7 41 44.6108 -96.0754
7 42 44.7281 -96.4695
7 43 44.8419 -96.8593
7 44 44.9524 -97.2447
7 45 44.9962 -98.1816
7 46 45.1511 -98.7078
7 47 45.3021 -99.2339
7 48 45.4494 -99.7598
7 49 45.5931 -100.286
7 50 45.7333 -100.811
7 51 45.8698 -101.337
7 52 46.0029 -101.862
7 53 46.1326 -102.388
7 54 46.2589 -102.913
7 55 46.3818 -103.438
7 56 46.5015 -103.963
7 57 46.6178 -104.487
7 58 46.7308 -105.011
7 59 46.8407 -105.535
7 60 46.9473 -106.058
7 61 47.0508 -106.581
7 62 47.1511 -107.103
7 63 47.2482 -107.625
7 64 47.3423 -108.145
7 65 47.4333 -108.665
7 66 47.5212 -109.184
7 67 47.606 -109.702
7 68 47.6879 -110.219
7 69 47.7668 -110.735
7 70 47.8427 -111.249
7 71 47.9156 -111.763
7 72 47.9856 -112.274
7 73 48.0528 -112.784
7 74 48.117 -113.293
7 75 48.1784 -113.8
7 76 48.237 -114.304
7 77 48.2928 -114.807
7 78 48.3458 -115.308
7 79 48.3961 -115.807
7 80 48.4437 -116.304
7 81 48.4886 -116.798
7 82 48.5308 -117.29
7 83 48.5705 -117.779
7 84 48.6075 -118.266
7 85 48.642 -118.749
7 86 48.674 -119.231
7 87 48.7035 -119.709
7 88 48.7305 -120.184
7 89 48.7552 -120.656
7 90 48.7774 -121.125
7 91 48.7973 -121.59
7 92 48.815 -122.052
7 93 48.8303 -122.511
7 94 48.8435 -122.966
7 95 48.8545 -123.418
7 96 48.8633 -123.866
7 97 48.87 -124.31
7 98 48.8747 -124.75
7 99 48.8773 -125.186
7 100 48.878 -125.618
7 101 48.8768 -126.046
7 102 48.8736 -126.47
7 103 48.8686 -126.89
7 104 48.8618 -127.305
7 105 48.8533 -127.716
7 106 48.843 -128.122
7 107 48.8311 -128.524
7 108 48.8176 -128.922
7 109 48.8024 -129.314
7 110 48.7858 -129.702
8 1 37.6266 -79.2223
8 2 37.9323 -79.6883
8 3 38.211 -80.1298
8 4 38.4774 -80.5628
8 5 38.7338 -80.989
8 6 38.9841 -81.413
8 7 39.2298 -81.8362
8 8 39.4717 -82.2595
8 9 39.7103 -82.6836
8 10 39.946 -83.1087
8 11 40.179 -83.5352
8 12 40.4094 -83.9632
8 13 40.6374 -84.3928
8 14 40.863 -84.8242
8 15 40.6299 -84.5841
8 16 40.8676 -85.0283
8 17 41.0994 -85.4697
8 18 41.3257 -85.9087
8 19 41.5471 -86.3458
8 20 41.7638 -86.7813
8 21 41.9761 -87.2153
8 22 42.1842 -87.6479
8 23 42.3883 -88.0792
8 24 42.5884 -88.5093
8 25 42.7847 -88.938
8 26 42.9772 -89.3655
8 27 43.1661 -89.7915
8 28 43.3512 -90.2161
8 29 43.5327 -90.6391
8 30 43.7106 -91.0604
8 31 43.8849 -91.4798
8 32 44.0556 -91.8973
8 33 44.2227 -92.3127
8 34 44.3863 -92.7258
8 35 44.5462 -93.1365
8 36 44.7026 -93.5446
8 37 44.8555 -93.9498
8 38 45.0047 -94.3521
8 39 45.1504 -94.7512
8 40 45.2924 -95.147
8 41 45.4309 -95.5392
8 42 45.5659 -95.9277
8 43 45.6972 -96.3122
8 44 45.825 -96.6925
8 45 45.9546 -97.6096
8 46 46.1307 -98.131
8 47 46.3029 -98.6528
8 48 46.4715 -99.175
8 49 46.6365 -99.6975
8 50 46.7978 -100.22
8 51 46.9557 -100.744
8 52 47.1101 -101.268
8 53 47.261 -101.792
8 54 47.4085 -102.316
8 55 47.5527 -102.841
8 56 47.6935 -103.366
8 57 47.831 -103.891
8 58 47.9651 -104.417
8 59 48.096 -104.942
8 60 48.2237 -105.468
8 61 48.3481 -105.994
8 62 48.4693 -106.519
8 63 48.5873 -107.045
8 64 48.7021 -107.57
8 65 48.8138 -108.095
8 66 48.9223 -108.619
8 67 49.0277 -109.143
8 68 49.1299 -109.667
8 69 49.2291 -110.189
8 70 49.3252 -110.711
8 71 49.4182 -111.233
8 72 49.5082 -111.753
8 73 49.5952 -112.272
8 74 49.6792 -112.79
8 75 49.7602 -113.306
8 76 49.8383 -113.821
8 77 49.9134 -114.335
8 78 49.9856 -114.847
8 79 50.055 -115.358
8 80 50.1214 -115.866
8 81 50.1851 -116.373
8 82 50.2459 -116.877
8 83 50.304 -117.38
8 84 50.3593 -117.88
8 85 50.4119 -118.378
8 86 50.4619 -118.873
8 87 50.5092 -119.366
8 88 50.5538 -119.856
8 89 50.5959 -120.343
8 90 50.6354 -120.828
8 91 50.6724 -121.309
8 92 50.707 -121.787
8 93 50.7391 -122.262
8 94 50.7688 -122.734
8 95 50.7961 -123.202
8 96 50.8211 -123.667
8 97 50.8439 -124.129
8 98 50.8643 -124.586
8 99 50.8826 -125.04
8 100 50.8988 -125.49
8 101 50.9128 -125.936
8 102 50.9248 -126.377
8 103 50.9347 -126.815
8 104 50.9427 -127.249
8 105 50.9487 -127.678
8 106 50.9528 -128.103
8 107 50.9551 -128.523
8 108 50.9556 -128.939
8 109 50.9543 -129.35
8 110 50.9513 -129.757
9 1 37.6991 -79.1537
9 2 38.0215 -79.6007
9 3 38.3191 -80.0258
9 4 38.6015 -80.4389
9 5 38.8756 -80.8473
9 6 39.1439 -81.2536
9 7 39.4076 -81.6593
9 8 39.6677 -82.0653
9 9 39.9246 -82.4721
9 10 40.1787 -82.8803
9 11 40.4302 -83.2899
9 12 40.6793 -83.7011
9 13 40.926 -84.1142
9 14 41.1704 -84.5292
9 15 40.9487 -84.2856
9 16 41.2045 -84.7138
9 17 41.4545 -85.1395
9 18 41.6992 -85.5631
9 19 41.9389 -85.9851
9 20 42.1741 -86.4057
9 21 42.4049 -86.825
9 22 42.6315 -87.2433
9 23 42.8541 -87.6606
9 24 43.0728 -88.0769
9 25 43.2877 -88.4922
9 26 43.4988 -88.9065
9 27 43.7061 -89.3197
9 28 43.9098 -89.7317
9 29 44.1098 -90.1425
9 30 44.3062 -90.5519
9 31 44.4989 -90.9598
9 32 44.688 -91.3661
9 33 44.8734 -91.7706
9 34 45.0552 -92.1732
9 35 45.2333 -92.5736
9 36 45.4078 -92.9718
9 37 45.5785 -93.3676
9 38 45.7457 -93.7607
9 39 45.9091 -94.151
9 40 46.0688 -94.5383
9 41 46.2248 -94.9224
9 42 46.3771 -95.3031
9 43 46.5257 -95.6802
9 44 46.6706 -96.0535
9 45 46.8825 -96.9381
9 46 47.0797 -97.4524
9 47 47.2732 -97.9674
9 48 47.463 -98.4834
9 49 47.6492 -99.0002
9 50 47.8318 -99.5179
9 51 48.011 -100.037
9 52 48.1867 -100.556
9 53 48.3589 -101.076
9 54 48.5278 -101.598
9 55 48.6933 -102.12
9 56 48.8554 -102.643
9 57 49.0142 -103.167
9 58 49.1696 -103.691
9 59 49.3218 -104.216
9 60 49.4707 -104.742
9 61 49.6163 -105.269
9 62 49.7587 -105.795
9 63 49.8978 -106.323
9 64 50.0336 -106.85
9 65 50.1663 -107.378
9 66 50.2957 -107.906
9 67 50.422 -108.434
9 68 50.545 -108.962
9 69 50.6649 -109.49
9 70 50.7816 -110.018
9 71 50.8951 -110.545
9 72 51.0056 -111.072
9 73 51.1129 -111.599
9 74 51.2171 -112.124
9 75 51.3182 -112.649
9 76 51.4162 -113.174
9 77 51.5112 -113.697
9 78 51.6031 -114.219
9 79 51.692 -114.74
9 80 51.7779 -115.259
9 81 51.8609 -115.778
9 82 51.9409 -116.294
9 83 52.018 -116.809
9 84 52.0922 -117.322
9 85 52.1635 -117.833
9 86 52.2319 -118.342
9 87 52.2976 -118.849
9 88 52.3605 -119.354
9 89 52.4206 -119.856
9 90 52.478 -120.356
9 91 52.5327 -120.853
9 92 52.5847 -121.347
9 93 52.6342 -121.839
9 94 52.681 -122.327
9 95 52.7253 -122.813
9 96 52.7672 -123.295
9 97 52.8065 -123.773
9 98 52.8434 -124.249
9 99 52.878 -124.721
9 100 52.9101 -125.189
9 101 52.94 -125.653
9 102 52.9677 -126.114
9 103 52.9931 -126.57
9 104 53.0164 -127.023
9 105 53.0375 -127.471
9 106 53.0566 -127.916
9 107 53.0736 -128.356
9 108 53.0886 -128.791
9 109 53.1017 -129.222
9 110 53.1129 -129.648
10 1 37.7671 -79.0788
10 2 38.1056 -79.5059
10 3 38.4199 -79.9116
10 4 38.7192 -80.3054
10 5 39.0103 -80.6945
10 6 39.2957 -81.0817
10 7 39.5767 -81.4685
10 8 39.8542 -81.8556
10 9 40.1287 -82.2437
10 10 40.4004 -82.6332
10 11 40.6697 -83.0242
10 12 40.9366 -83.4171
10 13 41.2012 -83.812
10 14 41.4637 -84.2089
10 15 41.2517 -83.9594
10 16 41.5251 -84.37
10 17 41.7926 -84.7783
10 18 42.055 -85.1847
10 19 42.3125 -85.5897
10 20 42.5654 -85.9935
10 21 42.8141 -86.3964
10 22 43.0586 -86.7984
10 23 43.2992 -87.1997
10 24 43.5358 -87.6002
10 25 43.7687 -88
10 26 43.9977 -88.399
10 27 44.2231 -88.7973
10 28 44.4447 -89.1947
10 29 44.6627 -89.5911
10 30 44.877 -89.9865
10 31 45.0876 -90.3807
10 32 45.2945 -90.7735
10 33 45.4978 -91.1649
10 34 45.6973 -91.5547
10 35 45.8931 -91.9428
10 36 46.0852 -92.3289
10 37 46.2735 -92.7129
10 38 46.458 -93.0946
10 39 46.6388 -93.4738
10 40 46.8158 -93.8504
10 41 46.989 -94.2241
10 42 47.1583 -94.5947
10 43 47.3238 -94.9621
10 44 47.4854 -95.326
10 45 47.7758 -96.1653
10 46 47.994 -96.6695
10 47 48.2085 -97.1751
10 48 48.4193 -97.682
10 49 48.6267 -98.1903
10 50 48.8305 -98.7
10 51 49.0309 -99.211
10 52 49.2279 -99.7236
10 53 49.4215 -100.238
10 54 49.6116 -100.753
10 55 49.7985 -101.27
10 56 49.9819 -101.788
10 57 50.1621 -102.307
10 58 50.339 -102.828
10 59 50.5125 -103.35
10 60 50.6828 -103.873
10 61 50.8497 -104.398
10 62 51.0134 -104.923
10 63 51.1738 -105.449
10 64 51.331 -105.977
10 65 51.4849 -106.505
10 66 51.6355 -107.034
10 67 51.7829 -107.564
10 68 51.9271 -108.094
10 69 52.068 -108.625
10 70 52.2057 -109.156
10 71 52.3402 -109.688
10 72 52.4714 -110.219
10 73 52.5994 -110.751
10 74 52.7243 -111.283
10 75 52.846 -111.814
10 76 52.9644 -112.346
10 77 53.0798 -112.877
10 78 53.1919 -113.407
10 79 53.301 -113.937
10 80 53.4069 -114.466
10 81 53.5098 -114.994
10 82 53.6095 -115.522
10 83 53.7062 -116.048
10 84 53.7998 -116.573
10 85 53.8905 -117.096
10 86 53.9781 -117.618
10 87 54.0628 -118.138
10 88 54.1445 -118.657
10 89 54.2233 -119.173
10 90 54.2992 -119.688
10 91 54.3723 -120.2
10 92 54.4425 -120.71
10 93 54.51 -121.218
10 94 54.5747 -121.723
10 95 54.6366 -122.225
10 96 54.6959 -122.724
10 97 54.7525 -123.221
10 98 54.8066 -123.714
10 99 54.858 -124.205
10 100 54.9069 -124.691
10 101 54.9534 -125.175
10 102 54.9973 -125.655
10 103 55.0389 -126.131
10 104 55.0781 -126.603
10 105 55.115 -127.072
10 106 55.1497 -127.536
10 107 55.1821 -127.996
10 108 55.2123 -128.452
10 109 55.2404 -128.904
10 110 55.2664 -129.351
11 1 37.8303 -78.998
11 2 38.1845 -79.4042
11 3 38.5148 -79.7894
11 4 38.8301 -80.1626
11 5 39.1374 -80.5312
11 6 39.4391 -80.898
11 7 39.7366 -81.2643
11 8 40.0306 -81.6311
11 9 40.3217 -81.999
11 10 40.6103 -82.3682
11 11 40.8964 -82.7392
11 12 41.1803 -83.112
11 13 41.4621 -83.4869
11 14 41.7418 -83.8639
11 15 41.5378 -83.6065
11 16 41.828 -83.9979
11 17 42.1125 -84.387
11 18 42.3918 -84.7745
11 19 42.6663 -85.1607
11 20 42.9363 -85.5459
11 21 43.2021 -85.9304
11 22 43.4638 -86.3142
11 23 43.7216 -86.6974
11 24 43.9755 -87.0802
11 25 44.2256 -87.4624
11 26 44.472 -87.8442
11 27 44.7147 -88.2253
11 28 44.9536 -88.6059
11 29 45.1889 -88.9858
11 30 45.4205 -89.3649
11 31 45.6484 -89.7431
11 32 45.8726 -90.1203
11 33 46.093 -90.4963
11 34 46.3097 -90.871
11 35 46.5226 -91.2443
11 36 46.7318 -91.6159
11 37 46.9371 -91.9858
11 38 47.1386 -92.3537
11 39 47.3362 -92.7195
11 40 47.53 -93.0829
11 41 47.7198 -93.4438
11 42 47.9057 -93.802
11 43 48.0877 -94.1573
11 44 48.2656 -94.5094
11 45 48.6302 -95.2894
11 46 48.869 -95.7807
11 47 49.1043 -96.2737
11 48 49.336 -96.7685
11 49 49.5642 -97.2651
11 50 49.7891 -97.7636
11 51 50.0105 -98.2639
11 52 50.2286 -98.7662
11 53 50.4433 -99.2705
11 54 50.6547 -99.7766
11 55 50.8627 -100.285
11 56 51.0675 -100.795
11 57 51.269 -101.307
11 58 51.4672 -101.82
11 59 51.6622 -102.336
11 60 51.8538 -102.854
11 61 52.0422 -103.373
11 62 52.2273 -103.894
11 63 52.4092 -104.416
11 64 52.5878 -104.94
11 65 52.7631 -105.466
11 66 52.9352 -105.993
11 67 53.1039 -106.521
11 68 53.2694 -107.05
11 69 53.4317 -107.581
11 70 53.5907 -108.113
11 71 53.7464 -108.646
11 72 53.8988 -109.179
11 73 54.048 -109.714
11 74 54.1939 -110.249
11 75 54.3365 -110.785
11 76 54.4759 -111.321
11 77 54.6121 -111.857
11 78 54.745 -112.393
11 79 54.8747 -112.93
11 80 55.0012 -113.467
11 81 55.1245 -114.003
11 82 55.2445 -114.539
11 83 55.3614 -115.074
11 84 55.4752 -115.609
11 85 55.5857 -116.143
11 86 55.6932 -116.677
11 87 55.7975 -117.209
11 88 55.8988 -117.74
11 89 55.997 -118.27
11 90 56.0921 -118.798
11 91 56.1843 -119.324
11 92 56.2734 -119.849
11 93 56.3596 -120.372
11 94 56.4429 -120.893
11 95 56.5233 -121.412
11 96 56.6008 -121.928
11 97 56.6754 -122.442
11 98 56.7473 -122.954
11 99 56.8165 -123.462
11 100 56.8829 -123.968
11 101 56.9466 -124.47
11 102 57.0077 -124.97
11 103 57.0662 -125.466
11 104 57.1221 -125.958
11 105 57.1755 -126.447
11 106 57.2265 -126.933
11 107 57.275 -127.414
11 108 57.3212 -127.892
11 109 57.3651 -128.365
11 110 57.4066 -128.834
12 1 37.8886 -78.9116
12 2 38.2578 -79.2961
12 3 38.6033 -79.6597
12 4 38.9338 -80.0111
12 5 39.2564 -80.358
12 6 39.5735 -80.703
12 7 39.8865 -81.0475
12 8 40.1962 -81.3926
12 9 40.5031 -81.7387
12 10 40.8075 -82.0862
12 11 41.1096 -82.4354
12 12 41.4096 -82.7866
12 13 41.7076 -83.1399
12 14 42.0036 -83.4954
12 15 41.806 -83.228
12 16 42.1122 -83.5985
12 17 42.4127 -83.9669
12 18 42.7082 -84.3336
12 19 42.9989 -84.6993
12 20 43.2852 -85.0641
12 21 43.5673 -85.4282
12 22 43.8455 -85.7918
12 23 44.1196 -86.1551
12 24 44.39 -86.5181
12 25 44.6566 -86.8807
12 26 44.9195 -87.243
12 27 45.1787 -87.605
12 28 45.4343 -87.9666
12 29 45.6861 -88.3277
12 30 45.9342 -88.6883
12 31 46.1787 -89.0482
12 32 46.4194 -89.4074
12 33 46.6564 -89.7656
12 34 46.8896 -90.1229
12 35 47.1189 -90.479
12 36 47.3445 -90.8337
12 37 47.5662 -91.187
12 38 47.784 -91.5386
12 39 47.9979 -91.8884
12 40 48.2078 -92.2362
12 41 48.4137 -92.5818
12 42 48.6156 -92.925
12 43 48.8134 -93.2656
12 44 49.0072 -93.6033
12 45 49.4412 -94.3097
12 46 49.7003 -94.7847
12 47 49.9558 -95.2617
12 48 50.208 -95.7409
12 49 50.4567 -96.2224
12 50 50.7022 -96.7062
12 51 50.9443 -97.1923
12 52 51.1832 -97.6808
12 53 51.4187 -98.1717
12 54 51.6511 -98.6651
12 55 51.8802 -99.1609
12 56 52.1061 -99.6591
12 57 52.3287 -100.16
12 58 52.5481 -100.663
12 59 52.7643 -101.168
12 60 52.9773 -101.676
12 61 53.1871 -102.186
12 62 53.3936 -102.699
12 63 53.5969 -103.214
12 64 53.7969 -103.731
12 65 53.9937 -104.25
12 66 54.1873 -104.771
12 67 54.3776 -105.294
12 68 54.5646 -105.819
12 69 54.7483 -106.346
12 70 54.9288 -106.875
12 71 55.106 -107.406
12 72 55.2799 -107.938
12 73 55.4505 -108.471
12 74 55.6178 -109.006
12 75 55.7819 -109.543
12 76 55.9426 -110.08
12 77 56.1 -110.619
12 78 56.2541 -111.158
12 79 56.4049 -111.698
12 80 56.5525 -112.239
12 81 56.6967 -112.781
12 82 56.8377 -113.323
12 83 56.9754 -113.865
12 84 57.1098 -114.407
12 85 57.241 -114.95
12 86 57.3689 -115.492
12 87 57.4936 -116.034
12 88 57.6151 -116.575
12 89 57.7334 -117.116
12 90 57.8485 -117.656
12 91 57.9605 -118.196
12 92 58.0693 -118.734
12 93 58.175 -119.271
12 94 58.2777 -119.806
12 95 58.3773 -120.34
12 96 58.4738 -120.873
12 97 58.5674 -121.403
12 98 58.658 -121.931
12 99 58.7456 -122.458
12 100 58.8304 -122.982
12 101 58.9122 -123.503
12 102 58.9913 -124.022
12 103 59.0676 -124.538
12 104 59.1411 -125.051
12 105 59.2119 -125.56
12 106 59.2801 -126.067
12 107 59.3456 -126.57
12 108 59.4086 -127.07
12 109 59.469 -127.565
12 110 59.527 -128.057
13 1 37.9418 -78.8198
13 2 38.3274 -79.1842
13 3 38.6851 -79.5227
13 4 39.0299 -79.8513
13 5 39.3669 -80.1752
13 6 39.6985 -80.4972
13 7 40.0261 -80.8187
13 8 40.3504 -81.1407
13 9 40.6721 -81.4636
13 10 40.9914 -81.788
13 11 41.3085 -82.1141
13 12 41.6236 -82.4421
13 13 41.9368 -82.7722
13 14 42.2482 -83.1044
13 15 42.0551 -82.8252
13 16 42.3764 -83.1732
13 17 42.6921 -83.5191
13 18 43.0029 -83.8635
13 19 43.3089 -84.2068
13 20 43.6106 -84.5493
13 21 43.9082 -84.8913
13 22 44.2018 -85.2329
13 23 44.4915 -85.5743
13 24 44.7775 -85.9154
13 25 45.0597 -86.2564
13 26 45.3383 -86.5972
13 27 45.6131 -86.9378
13 28 45.8843 -87.2782
13 29 46.1519 -87.6184
13 30 46.4158 -87.9581
13 31 46.6759 -88.2975
13 32 46.9324 -88.6363
13 33 47.185 -88.9744
13 34 47.4339 -89.3117
13 35 47.679 -89.6482
13 36 47.9202 -89.9835
13 37 48.1575 -90.3177
13 38 48.3909 -90.6504
13 39 48.6203 -90.9817
13 40 48.8456 -91.3112
13 41 49.0669 -91.6388
13 42 49.2842 -91.9643
13 43 49.4973 -92.2875
13 44 49.7062 -92.6083
13 45 50.2041 -93.2259
13 46 50.4828 -93.681
13 47 50.7581 -94.1385
13 48 51.0301 -94.5985
13 49 51.2989 -95.0611
13 50 51.5644 -95.5263
13 51 51.8268 -95.9943
13 52 52.0859 -96.465
13 53 52.3419 -96.9386
13 54 52.5948 -97.415
13 55 52.8445 -97.8944
13 56 53.0911 -98.3766
13 57 53.3346 -98.8618
13 58 53.5749 -99.3499
13 59 53.8121 -99.8409
13 60 54.0462 -100.335
13 61 54.2771 -100.832
13 62 54.5048 -101.331
13 63 54.7294 -101.834
13 64 54.9507 -102.339
13 65 55.1689 -102.848
13 66 55.3839 -103.359
13 67 55.5957 -103.872
13 68 55.8043 -104.389
13 69 56.0096 -104.907
13 70 56.2116 -105.429
13 71 56.4104 -105.953
13 72 56.606 -106.479
13 73 56.7982 -107.007
13 74 56.9872 -107.538
13 75 57.1728 -108.07
13 76 57.3551 -108.605
13 77 57.5342 -109.141
13 78 57.7099 -109.68
13 79 57.8822 -110.22
13 80 58.0512 -110.761
13 81 58.2169 -111.304
13 82 58.3793 -111.848
13 83 58.5383 -112.393
13 84 58.694 -112.939
13 85 58.8464 -113.486
13 86 58.9954 -114.034
13 87 59.1411 -114.583
13 88 59.2836 -115.131
13 89 59.4227 -115.68
13 90 59.5585 -116.23
13 91 59.6911 -116.779
13 92 59.8204 -117.327
13 93 59.9464 -117.876
13 94 60.0693 -118.424
13 95 60.1889 -118.971
13 96 60.3054 -119.517
13 97 60.4187 -120.062
13 98 60.5289 -120.606
13 99 60.636 -121.148
13 100 60.74 -121.689
13 101 60.841 -122.228
13 102 60.939 -122.765
13 103 61.034 -123.3
13 104 61.1261 -123.833
13 105 61.2153 -124.363
13 106 61.3016 -124.89
13 107 61.3851 -125.415
13 108 61.4659 -125.936
13 109 61.5439 -126.454
13 110 61.6193 -126.969
14 1 37.9897 -78.723
14 2 38.389 -79.0642
14 3 38.7601 -79.3791
14 4 39.1182 -79.6838
14 5 39.4686 -79.9837
14 6 39.8136 -80.2815
14 7 40.1547 -80.5787
14 8 40.4927 -80.8763
14 9 40.8281 -81.1748
14 10 41.1612 -81.4747
14 11 41.4923 -81.7762
14 12 41.8215 -82.0795
14 13 42.1488 -82.3849
14 14 42.4745 -82.6924
14 15 42.2841 -82.3992
14 16 42.6196 -82.7232
14 17 42.9496 -83.0451
14 18 43.2746 -83.3655
14 19 43.595 -83.6849
14 20 43.9111 -84.0034
14 21 44.2232 -84.3215
14 22 44.5313 -84.6392
14 23 44.8355 -84.9567
14 24 45.1361 -85.2741
14 25 45.433 -85.5913
14 26 45.7262 -85.9086
14 27 46.0158 -86.2257
14 28 46.3017 -86.5428
14 29 46.584 -86.8597
14 30 46.8627 -87.1765
14 31 47.1376 -87.4929
14 32 47.4089 -87.809
14 33 47.6763 -88.1246
14 34 47.94 -88.4396
14 35 48.1999 -88.7538
14 36 48.4558 -89.0673
14 37 48.7079 -89.3797
14 38 48.9559 -89.691
14 39 49.2 -90.0011
14 40 49.44 -90.3096
14 41 49.6759 -90.6165
14 42 49.9076 -90.9216
14 43 50.1352 -91.2247
14 44 50.3585 -91.5256
14 45 50.9141 -92.039
14 46 51.2116 -92.4705
14 47 51.506 -92.9045
14 48 51.7971 -93.3413
14 49 52.0852 -93.781
14 50 52.3701 -94.2235
14 51 52.652 -94.6691
14 52 52.9309 -95.1178
14 53 53.2067 -95.5696
14 54 53.4794 -96.0246
14 55 53.7492 -96.4829
14 56 54.016 -96.9445
14 57 54.2797 -97.4095
14 58 54.5404 -97.8778
14 59 54.7981 -98.3495
14 60 55.0528 -98.8246
14 61 55.3044 -99.3031
14 62 55.553 -99.785
14 63 55.7985 -100.27
14 64 56.0409 -100.759
14 65 56.2802 -101.251
14 66 56.5164 -101.746
14 67 56.7495 -102.245
14 68 56.9794 -102.747
14 69 57.2061 -103.252
14 70 57.4297 -103.761
14 71 57.6501 -104.273
14 72 57.8672 -104.787
14 73 58.0811 -105.305
14 74 58.2917 -105.826
14 75 58.4991 -106.349
14 76 58.7032 -106.876
14 77 58.904 -107.405
14 78 59.1015 -107.936
14 79 59.2957 -108.47
14 80 59.4865 -109.007
14 81 59.674 -109.546
14 82 59.8582 -110.087
14 83 60.039 -110.63
14 84 60.2164 -111.175
14 85 60.3905 -111.722
14 86 60.5612 -112.271
14 87 60.7285 -112.821
14 88 60.8924 -113.372
14 89 61.053 -113.925
14 90 61.2103 -114.478
14 91 61.3642 -115.033
14 92 61.5147 -115.588
14 93 61.6619 -116.144
14 94 61.8058 -116.701
14 95 61.9464 -117.257
14 96 62.0836 -117.814
14 97 62.2176 -118.37
14 98 62.3484 -118.927
14 99 62.4759 -119.482
14 100 62.6002 -120.037
14 101 62.7213 -120.591
14 102 62.8392 -121.144
14 103 62.954 -121.696
14 104 63.0658 -122.246
14 105 63.1744 -122.795
14 106 63.28 -123.342
14 107 63.3826 -123.886
14 108 63.4823 -124.429
14 109 63.579 -124.968
14 110 63.6729 -125.506
15 1 38.0319 -78.6213
15 2 38.4443 -78.9389
15 3 38.8278 -79.2292
15 4 39.1983 -79.5091
15 5 39.561 -79.7839
15 6 39.9184 -80.0565
15 7 40.272 -80.3283
15 8 40.6225 -80.6003
15 9 40.9705 -80.8732
15 10 41.3164 -81.1472
15 11 41.6603 -81.4228
15 12 42.0024 -81.7001
15 13 42.3428 -81.9794
15 14 42.6815 -82.2606
15 15 42.4919 -81.9515
15 16 42.8406 -82.2501
15 17 43.1839 -82.5466
15 18 43.5221 -82.8415
15 19 43.8559 -83.1352
15 20 44.1853 -83.4281
15 21 44.5107 -83.7205
15 22 44.8323 -84.0126
15 23 45.1501 -84.3044
15 24 45.4641 -84.5961
15 25 45.7746 -84.8878
15 26 46.0814 -85.1794
15 27 46.3846 -85.4711
15 28 46.6843 -85.7627
15 29 46.9803 -86.0543
15 30 47.2727 -86.3457
15 31 47.5614 -86.637
15 32 47.8463 -86.928
15 33 48.1276 -87.2187
15 34 48.405 -87.5089
15 35 48.6787 -87.7986
15 36 48.9484 -88.0876
15 37 49.2142 -88.3758
15 38 49.4759 -88.663
15 39 49.7337 -88.9491
15 40 49.9874 -89.234
15 41 50.2369 -89.5175
15 42 50.4822 -89.7993
15 43 50.7232 -90.0794
15 44 50.96 -90.3576
15 45 51.5663 -90.751
15 46 51.8818 -91.1549
15 47 52.1942 -91.5615
15 48 52.5036 -91.971
15 49 52.81 -92.3834
15 50 53.1135 -92.7989
15 51 53.414 -93.2176
15 52 53.7117 -93.6396
15 53 54.0064 -94.0649
15 54 54.2983 -94.4937
15 55 54.5873 -94.926
15 56 54.8735 -95.3619
15 57 55.1567 -95.8014
15 58 55.4371 -96.2446
15 59 55.7146 -96.6915
15 60 55.9893 -97.1422
15 61 56.261 -97.5967
15 62 56.5297 -98.055
15 63 56.7956 -98.5172
15 64 57.0585 -98.9832
15 65 57.3184 -99.4531
15 66 57.5753 -99.9268
15 67 57.8292 -100.404
15 68 58.0801 -100.886
15 69 58.3279 -101.371
15 70 58.5726 -101.86
15 71 58.8142 -102.353
15 72 59.0527 -102.85
15 73 59.2881 -103.35
15 74 59.5203 -103.854
15 75 59.7493 -104.362
15 76 59.9751 -104.873
15 77 60.1976 -105.388
15 78 60.4169 -105.906
15 79 60.633 -106.428
15 80 60.8457 -106.953
15 81 61.0552 -107.481
15 82 61.2613 -108.012
15 83 61.4642 -108.546
15 84 61.6636 -109.083
15 85 61.8597 -109.623
15 86 62.0525 -110.166
15 87 62.2419 -110.711
15 88 62.4279 -111.259
15 89 62.6105 -111.809
15 90 62.7898 -112.361
15 91 62.9656 -112.915
15 92 63.138 -113.47
15 93 63.3071 -114.028
15 94 63.4728 -114.587
15 95 63.6351 -115.147
15 96 63.794 -115.709
15 97 63.9496 -116.271
15 98 64.1018 -116.835
15 99 64.2507 -117.398
15 100 64.3963 -117.963
15 101 64.5385 -118.527
15 102 64.6775 -119.092
15 103 64.8132 -119.656
15 104 64.9456 -120.22
15 105 65.0749 -120.784
15 106 65.201 -121.346
15 107 65.3239 -121.908
15 108 65.4436 -122.468
15 109 65.5603 -123.027
15 110 65.674 -123.584
16 1 38.0684 -78.5151
16 2 38.4931 -78.8084
16 3 38.8881 -79.0736
16 4 39.2698 -79.3277
16 5 39.6438 -79.5766
16 6 40.0124 -79.8229
16 7 40.3773 -80.0683
16 8 40.7393 -80.3137
16 9 41.0988 -80.5597
16 10 41.4562 -80.8068
16 11 41.8117 -81.0552
16 12 42.1656 -81.3053
16 13 42.5178 -81.557
16 14 42.8685 -81.8107
16 15 42.6777 -81.4836
16 16 43.0385 -81.7556
16 17 43.3939 -82.0252
16 18 43.7443 -82.2931
16 19 44.0902 -82.5598
16 20 44.4319 -82.8255
16 21 44.7696 -83.0906
16 22 45.1034 -83.3553
16 23 45.4335 -83.6198
16 24 45.76 -83.884
16 25 46.0828 -84.1482
16 26 46.4021 -84.4124
16 27 46.7178 -84.6766
16 28 47.0299 -84.9407
16 29 47.3385 -85.2048
16 30 47.6434 -85.4689
16 31 47.9447 -85.7328
16 32 48.2423 -85.9965
16 33 48.5362 -86.26
16 34 48.8263 -86.5231
16 35 49.1125 -86.7857
16 36 49.3949 -87.0478
16 37 49.6733 -87.3091
16 38 49.9477 -87.5697
16 39 50.218 -87.8293
16 40 50.4843 -88.0878
16 41 50.7463 -88.3451
16 42 51.0041 -88.6009
16 43 51.2576 -88.8552
16 44 51.5068 -89.1078
16 45 52.1559 -89.3654
16 46 52.4882 -89.7377
16 47 52.8176 -90.1127
16 48 53.1441 -90.4906
16 49 53.4678 -90.8714
16 50 53.7886 -91.2553
16 51 54.1067 -91.6424
16 52 54.4221 -92.0329
16 53 54.7347 -92.4268
16 54 55.0446 -92.8242
16 55 55.3519 -93.2252
16 56 55.6564 -93.63
16 57 55.9581 -94.0385
16 58 56.2572 -94.4508
16 59 56.5536 -94.8671
16 60 56.8472 -95.2874
16 61 57.1381 -95.7117
16 62 57.4262 -96.14
16 63 57.7115 -96.5725
16 64 57.994 -97.0092
16 65 58.2737 -97.4501
16 66 58.5506 -97.8952
16 67 58.8246 -98.3445
16 68 59.0957 -98.7981
16 69 59.3639 -99.2561
16 70 59.6291 -99.7183
16 71 59.8914 -100.185
16 72 60.1507 -100.656
16 73 60.407 -101.131
16 74 60.6603 -101.61
16 75 60.9105 -102.094
16 76 61.1576 -102.582
16 77 61.4016 -103.074
16 78 61.6424 -103.57
16 79 61.8801 -104.071
16 80 62.1146 -104.575
16 81 62.3459 -105.084
16 82 62.574 -105.597
16 83 62.7988 -106.113
16 84 63.0204 -106.633
16 85 63.2386 -107.157
16 86 63.4536 -107.685
16 87 63.6652 -108.216
16 88 63.8735 -108.751
16 89 64.0785 -109.289
16 90 64.2801 -109.831
16 91 64.4783 -110.375
16 92 64.6731 -110.923
16 93 64.8646 -111.473
16 94 65.0527 -112.026
16 95 65.2374 -112.582
16 96 65.4186 -113.14
16 97 65.5965 -113.7
16 98 65.771 -114.262
16 99 65.9422 -114.827
16 100 66.1099 -115.393
16 101 66.2742 -115.96
16 102 66.4352 -116.529
16 103 66.5929 -117.099
16 104 66.7472 -117.669
16 105 66.8982 -118.241
16 106 67.0459 -118.813
16 107 67.1903 -119.385
16 108 67.3315 -119.957
16 109 67.4694 -120.529
16 110 67.6042 -121.101
17 1 38.0989 -78.4044
17 2 38.5351 -78.6733
17 3 38.9406 -78.9126
17 4 39.3325 -79.1403
17 5 39.7166 -79.3623
17 6 40.0954 -79.5816
17 7 40.4704 -79.7996
17 8 40.8426 -80.0174
17 9 41.2123 -80.2356
17 10 41.5801 -80.4546
17 11 41.946 -80.6748
17 12 42.3104 -80.8964
17 13 42.6732 -81.1195
17 14 43.0346 -81.3443
17 15 42.8404 -80.9971
17 16 43.2122 -81.2413
17 17 43.5786 -81.4829
17 18 43.94 -81.7225
17 19 44.2969 -81.9607
17 20 44.6496 -82.1978
17 21 44.9983 -82.4341
17 22 45.3432 -82.6699
17 23 45.6844 -82.9054
17 24 46.022 -83.1405
17 25 46.356 -83.3756
17 26 46.6865 -83.6105
17 27 47.0134 -83.8453
17 28 47.3368 -84.0801
17 29 47.6567 -84.3148
17 30 47.9729 -84.5494
17 31 48.2856 -84.7838
17 32 48.5945 -85.0181
17 33 48.8998 -85.2521
17 34 49.2012 -85.4858
17 35 49.4989 -85.7191
17 36 49.7926 -85.9519
17 37 50.0824 -86.184
17 38 50.3682 -86.4154
17 39 50.6499 -86.6459
17 40 50.9274 -86.8755
17 41 51.2008 -87.1039
17 42 51.4699 -87.331
17 43 51.7347 -87.5567
17 44 51.995 -87.7808
17 45 52.6781 -87.887
17 46 53.0259 -88.2238
17 47 53.3709 -88.5631
17 48 53.7131 -88.9051
17 49 54.0527 -89.2499
17 50 54.3897 -89.5976
17 51 54.724 -89.9484
17 52 55.0557 -90.3024
17 53 55.3849 -90.6597
17 54 55.7116 -91.0205
17 55 56.0357 -91.3848
17 56 56.3572 -91.7528
17 57 56.6762 -92.1244
17 58 56.9927 -92.5
17 59 57.3067 -92.8794
17 60 57.618 -93.2628
17 61 57.9268 -93.6503
17 62 58.233 -94.0419
17 63 58.5367 -94.4377
17 64 58.8376 -94.8378
17 65 59.136 -95.2422
17 66 59.4317 -95.651
17 67 59.7247 -96.0643
17 68 60.015 -96.482
17 69 60.3025 -96.9043
17 70 60.5873 -97.3311
17 71 60.8693 -97.7625
17 72 61.1485 -98.1986
17 73 61.4248 -98.6393
17 74 61.6983 -99.0847
17 75 61.9689 -99.5348
17 76 62.2365 -99.9897
17 77 62.5012 -100.449
17 78 62.7629 -100.913
17 79 63.0216 -101.382
17 80 63.2773 -101.856
17 81 63.5298 -102.334
17 82 63.7794 -102.817
17 83 64.0257 -103.305
17 84 64.269 -103.797
17 85 64.5091 -104.294
17 86 64.746 -104.796
17 87 64.9797 -105.301
17 88 65.2102 -105.812
17 89 65.4374 -106.326
17 90 65.6613 -106.845
17 91 65.882 -107.368
17 92 66.0994 -107.895
17 93 66.3134 -108.426
17 94 66.5241 -108.961
17 95 66.7315 -109.5
17 96 66.9355 -110.042
17 97 67.1362 -110.588
17 98 67.3335 -111.137
17 99 67.5275 -111.69
17 100 67.718 -112.245
17 101 67.9052 -112.804
17 102 68.089 -113.365
17 103 68.2695 -113.929
17 104 68.4466 -114.495
17 105 68.6203 -115.063
17 106 68.7907 -115.633
17 107 68.9577 -116.205
17 108 69.1215 -116.779
17 109 69.2819 -117.354
17 110 69.439 -117.93
18 1 38.1229 -78.2894
18 2 38.57 -78.5337
18 3 38.985 -78.7467
18 4 39.3861 -78.9474
18 5 39.7791 -79.1419
18 6 40.1669 -79.3333
18 7 40.5509 -79.5231
18 8 40.9319 -79.7125
18 9 41.3107 -79.902
18 10 41.6875 -80.092
18 11 42.0627 -80.2829
18 12 42.4362 -80.475
18 13 42.8084 -80.6683
18 14 43.1791 -80.8632
18 15 42.9792 -80.4938
18 16 43.3608 -80.7091
18 17 43.737 -80.9215
18 18 44.1081 -81.1317
18 19 44.4748 -81.3402
18 20 44.8372 -81.5474
18 21 45.1957 -81.7536
18 22 45.5504 -81.9591
18 23 45.9014 -82.1641
18 24 46.2488 -82.3686
18 25 46.5927 -82.5729
18 26 46.933 -82.7769
18 27 47.2698 -82.9807
18 28 47.6032 -83.1843
18 29 47.933 -83.3878
18 30 48.2592 -83.5911
18 31 48.5818 -83.7942
18 32 48.9007 -83.9971
18 33 49.216 -84.1996
18 34 49.5274 -84.4018
18 35 49.8351 -84.6035
18 36 50.1389 -84.8048
18 37 50.4387 -85.0054
18 38 50.7345 -85.2053
18 39 51.0262 -85.4043
18 40 51.3137 -85.6024
18 41 51.5971 -85.7994
18 42 51.8761 -85.9953
18 43 52.1508 -86.1897
18 44 52.421 -86.3827
18 45 53.128 -86.3224
18 46 53.4898 -86.6199
18 47 53.8489 -86.9196
18 48 54.2054 -87.2215
18 49 54.5593 -87.5259
18 50 54.9108 -87.8329
18 51 55.2598 -88.1427
18 52 55.6064 -88.4554
18 53 55.9505 -88.7711
18 54 56.2923 -89.09
18 55 56.6317 -89.4121
18 56 56.9687 -89.7376
18 57 57.3034 -90.0665
18 58 57.6357 -90.3991
18 59 57.9656 -90.7353
18 60 58.2932 -91.0753
18 61 58.6183 -91.4191
18 62 58.9411 -91.7669
18 63 59.2614 -92.1187
18 64 59.5794 -92.4746
18 65 59.8948 -92.8348
18 66 60.2078 -93.1992
18 67 60.5183 -93.5679
18 68 60.8263 -93.9411
18 69 61.1317 -94.3187
18 70 61.4346 -94.7009
18 71 61.7349 -95.0876
18 72 62.0325 -95.4791
18 73 62.3275 -95.8752
18 74 62.6199 -96.2762
18 75 62.9095 -96.6819
18 76 63.1964 -97.0925
18 77 63.4805 -97.508
18 78 63.7619 -97.9284
18 79 64.0404 -98.3538
18 80 64.3161 -98.7842
18 81 64.5889 -99.2196
18 82 64.8589 -99.6601
18 83 65.1258 -100.106
18 84 65.3899 -100.556
18 85 65.6509 -101.012
18 86 65.9089 -101.472
18 87 66.1639 -101.938
18 88 66.4158 -102.409
18 89 66.6647 -102.885
18 90 66.9104 -103.365
18 91 67.153 -103.851
18 92 67.3924 -104.342
18 93 67.6287 -104.837
18 94 67.8617 -105.338
18 95 68.0916 -105.843
18 96 68.3182 -106.353
18 97 68.5416 -106.867
18 98 68.7617 -107.386
18 99 68.9785 -107.909
18 100 69.1921 -108.437
18 101 69.4023 -108.969
18 102 69.6093 -109.505
18 103 69.8129 -110.044
18 104 70.0133 -110.588
18 105 70.2103 -111.135
18 106 70.404 -111.686
18 107 70.5944 -112.24
18 108 70.7815 -112.797
18 109 70.9652 -113.358
18 110 71.1457 -113.92
19 1 38.1401 -78.1703
19 2 38.5976 -78.3901
19 3 39.0212 -78.5764
19 4 39.4303 -78.7495
19 5 39.8311 -78.916
19 6 40.2266 -79.0789
19 7 40.6182 -79.2399
19 8 41.007 -79.4
19 9 41.3935 -79.56
19 10 41.7781 -79.7202
19 11 42.1611 -79.881
19 12 42.5425 -80.0427
19 13 42.9226 -80.2053
19 14 43.3014 -80.3692
19 15 43.0931 -79.9753
19 16 43.4834 -80.1609
19 17 43.8681 -80.3432
19 18 44.2477 -80.5229
19 19 44.6228 -80.7007
19 20 44.9937 -80.8769
19 21 45.3606 -81.0519
19 22 45.7237 -81.2258
19 23 46.0832 -81.399
19 24 46.439 -81.5716
19 25 46.7913 -81.7437
19 26 47.1401 -81.9154
19 27 47.4855 -82.0866
19 28 47.8273 -82.2576
19 29 48.1656 -82.4282
19 30 48.5003 -82.5985
19 31 48.8314 -82.7685
19 32 49.1589 -82.9381
19 33 49.4827 -83.1074
19 34 49.8028 -83.2761
19 35 50.119 -83.4444
19 36 50.4313 -83.612
19 37 50.7396 -83.779
19 38 51.044 -83.9452
19 39 51.3442 -84.1106
19 40 51.6403 -84.275
19 41 51.9321 -84.4383
19 42 52.2196 -84.6004
19 43 52.5026 -84.7612
19 44 52.7813 -84.9206
19 45 53.5013 -84.6798
19 46 53.8753 -84.9344
19 47 54.2468 -85.1906
19 48 54.6157 -85.4487
19 49 54.9823 -85.7087
19 50 55.3465 -85.9708
19 51 55.7083 -86.2352
19 52 56.0679 -86.5019
19 53 56.4252 -86.7712
19 54 56.7803 -87.0431
19 55 57.1331 -87.3178
19 56 57.4837 -87.5953
19 57 57.8322 -87.8758
19 58 58.1784 -88.1594
19 59 58.5224 -88.4462
19 60 58.8642 -88.7363
19 61 59.2038 -89.0297
19 62 59.5412 -89.3266
19 63 59.8763 -89.6272
19 64 60.2092 -89.9313
19 65 60.5398 -90.2392
19 66 60.8681 -90.551
19 67 61.1942 -90.8667
19 68 61.5179 -91.1863
19 69 61.8393 -91.5101
19 70 62.1583 -91.838
19 71 62.4749 -92.1701
19 72 62.7891 -92.5065
19 73 63.1009 -92.8474
19 74 63.4102 -93.1926
19 75 63.717 -93.5424
19 76 64.0213 -93.8968
19 77 64.323 -94.2558
19 78 64.6222 -94.6195
19 79 64.9187 -94.988
19 80 65.2127 -95.3613
19 81 65.5039 -95.7395
19 82 65.7925 -96.1226
19 83 66.0784 -96.5107
19 84 66.3615 -96.9038
19 85 66.6419 -97.3019
19 86 66.9194 -97.7052
19 87 67.1941 -98.1135
19 88 67.466 -98.5271
19 89 67.735 -98.9458
19 90 68.0011 -99.3697
19 91 68.2643 -99.7988
19 92 68.5245 -100.233
19 93 68.7817 -100.673
19 94 69.036 -101.117
19 95 69.2872 -101.567
19 96 69.5353 -102.023
19 97 69.7804 -102.483
19 98 70.0225 -102.948
19 99 70.2614 -103.419
19 100 70.4972 -103.895
19 101 70.7299 -104.375
19 102 70.9594 -104.861
19 103 71.1858 -105.352
19 104 71.409 -105.847
19 105 71.629 -106.347
19 106 71.8458 -106.852
19 107 72.0594 -107.361
19 108 72.2699 -107.874
19 109 72.4771 -108.392
19 110 72.6811 -108.914
20 1 38.1501 -78.0469
20 2 38.6176 -78.2427
20 3 39.0488 -78.4021
20 4 39.4648 -78.5474
20 5 39.8723 -78.6853
20 6 40.2742 -78.8191
20 7 40.6723 -78.9507
20 8 41.0675 -79.0811
20 9 41.4604 -79.2109
20 10 41.8514 -79.3406
20 11 42.2408 -79.4706
20 12 42.6288 -79.6011
20 13 43.0154 -79.7323
20 14 43.4008 -79.8643
20 15 43.1814 -79.4435
20 16 43.5791 -79.5987
20 17 43.971 -79.7501
20 18 44.3579 -79.8986
20 19 44.7401 -80.0448
20 20 45.1181 -80.189
20 21 45.492 -80.3317
20 22 45.8621 -80.4731
20 23 46.2286 -80.6135
20 24 46.5914 -80.753
20 25 46.9507 -80.8917
20 26 47.3065 -81.0298
20 27 47.6589 -81.1672
20 28 48.0077 -81.3041
20 29 48.353 -81.4405
20 30 48.6947 -81.5764
20 31 49.0328 -81.7118
20 32 49.3673 -81.8466
20 33 49.6981 -81.9809
20 34 50.0252 -82.1146
20 35 50.3483 -82.2476
20 36 50.6676 -82.3799
20 37 50.983 -82.5115
20 38 51.2943 -82.6421
20 39 51.6014 -82.7719
20 40 51.9044 -82.9006
20 41 52.2031 -83.0281
20 42 52.4974 -83.1544
20 43 52.7873 -83.2794
20 44 53.0727 -83.4029
20 45 53.7935 -82.9687
20 46 54.1779 -83.1773
20 47 54.5599 -83.3869
20 48 54.9394 -83.5976
20 49 55.3166 -83.8096
20 50 55.6915 -84.023
20 51 56.0642 -84.238
20 52 56.4347 -84.4547
20 53 56.8031 -84.6731
20 54 57.1693 -84.8935
20 55 57.5335 -85.1159
20 56 57.8955 -85.3405
20 57 58.2555 -85.5673
20 58 58.6134 -85.7964
20 59 58.9693 -86.028
20 60 59.3231 -86.2622
20 61 59.6748 -86.499
20 62 60.0245 -86.7384
20 63 60.3721 -86.9807
20 64 60.7176 -87.2259
20 65 61.061 -87.4741
20 66 61.4023 -87.7253
20 67 61.7414 -87.9796
20 68 62.0785 -88.2372
20 69 62.4133 -88.4981
20 70 62.746 -88.7623
20 71 63.0765 -89.03
20 72 63.4047 -89.3011
20 73 63.7307 -89.5759
20 74 64.0545 -89.8544
20 75 64.3759 -90.1365
20 76 64.695 -90.4225
20 77 65.0118 -90.7124
20 78 65.3262 -91.0062
20 79 65.6383 -91.3039
20 80 65.9479 -91.6058
20 81 66.255 -91.9118
20 82 66.5597 -92.222
20 83 66.8619 -92.5364
20 84 67.1616 -92.8551
20 85 67.4587 -93.1782
20 86 67.7533 -93.5058
20 87 68.0452 -93.8377
20 88 68.3345 -94.1743
20 89 68.6212 -94.5153
20 90 68.9052 -94.861
20 91 69.1865 -95.2113
20 92 69.465 -95.5663
20 93 69.7409 -95.9261
20 94 70.0139 -96.2906
20 95 70.2842 -96.6598
20 96 70.5516 -97.0339
20 97 70.8162 -97.4128
20 98 71.0779 -97.7965
20 99 71.3368 -98.185
20 100 71.5928 -98.5783
20 101 71.8458 -98.9765
20 102 72.096 -99.3796
20 103 72.3432 -99.7874
20 104 72.5874 -100.2
20 105 72.8286 -100.617
20 106 73.0669 -101.039
20 107 73.3021 -101.466
20 108 73.5343 -101.897
20 109 73.7635 -102.333
20 110 73.9897 -102.774
21 1 38.1523 -77.9192
21 2 38.6296 -78.0917
21 3 39.0675 -78.2243
21 4 39.4894 -78.3415
21 5 39.9023 -78.4505
21 6 40.3094 -78.555
21 7 40.7127 -78.6567
21 8 41.113 -78.7568
21 9 41.5109 -78.8559
21 10 41.907 -78.9546
21 11 42.3015 -79.0532
21 12 42.6946 -79.152
21 13 43.0864 -79.2511
21 14 43.477 -79.3507
21 15 43.2431 -78.9002
21 16 43.647 -79.0244
21 17 44.045 -79.1445
21 18 44.4377 -79.2611
21 19 44.8257 -79.375
21 20 45.2093 -79.4865
21 21 45.5889 -79.5962
21 22 45.9646 -79.7043
21 23 46.3366 -79.8109
21 24 46.705 -79.9164
21 25 47.0698 -80.0208
21 26 47.431 -80.1243
21 27 47.7888 -80.2268
21 28 48.1431 -80.3286
21 29 48.4938 -80.4296
21 30 48.8409 -80.5299
21 31 49.1845 -80.6294
21 32 49.5243 -80.7282
21 33 49.8605 -80.8262
21 34 50.1929 -80.9235
21 35 50.5214 -81.0198
21 36 50.846 -81.1153
21 37 51.1667 -81.2099
21 38 51.4832 -81.3035
21 39 51.7956 -81.3959
21 40 52.1038 -81.4873
21 41 52.4077 -81.5773
21 42 52.7072 -81.6661
21 43 53.0022 -81.7534
21 44 53.2926 -81.8391
21 45 54.0007 -81.2002
21 46 54.3936 -81.3604
21 47 54.7839 -81.5207
21 48 55.1719 -81.6812
21 49 55.5576 -81.8422
21 50 55.9411 -82.0037
21 51 56.3224 -82.166
21 52 56.7016 -82.329
21 53 57.0787 -82.493
21 54 57.4538 -82.658
21 55 57.8269 -82.8241
21 56 58.1979 -82.9914
21 57 58.567 -83.16
21 58 58.9341 -83.33
21 59 59.2993 -83.5015
21 60 59.6625 -83.6745
21 61 60.0237 -83.8491
21 62 60.383 -84.0254
21 63 60.7404 -84.2034
21 64 61.0958 -84.3833
21 65 61.4492 -84.5651
21 66 61.8006 -84.7488
21 67 62.15 -84.9345
21 68 62.4975 -85.1223
21 69 62.8429 -85.3122
21 70 63.1862 -85.5043
21 71 63.5275 -85.6986
21 72 63.8668 -85.8953
21 73 64.2039 -86.0942
21 74 64.5389 -86.2956
21 75 64.8718 -86.4995
21 76 65.2025 -86.7058
21 77 65.5311 -86.9147
21 78 65.8575 -87.1261
21 79 66.1816 -87.3402
21 80 66.5035 -87.557
21 81 66.8231 -87.7766
21 82 67.1405 -87.9988
21 83 67.4555 -88.2239
21 84 67.7682 -88.4519
21 85 68.0785 -88.6827
21 86 68.3864 -88.9165
21 87 68.6919 -89.1532
21 88 68.995 -89.3929
21 89 69.2957 -89.6356
21 90 69.5938 -89.8814
21 91 69.8895 -90.1302
21 92 70.1827 -90.3822
21 93 70.4733 -90.6372
21 94 70.7613 -90.8954
21 95 71.0467 -91.1567
21 96 71.3296 -91.4212
21 97 71.6098 -91.6888
21 98 71.8874 -91.9596
21 99 72.1623 -92.2336
21 100 72.4345 -92.5107
21 101 72.704 -92.791
21 102 72.9708 -93.0744
21 103 73.2349 -93.361
21 104 73.4962 -93.6506
21 105 73.7547 -93.9433
21 106 74.0105 -94.239
21 107 74.2634 -94.5376
21 108 74.5136 -94.8392
21 109 74.7609 -95.1437
21 110 75.0054 -95.4509
22 1 38.1457 -77.7866
22 2 38.6332 -77.9372
22 3 39.0771 -78.0433
22 4 39.5037 -78.1323
22 5 39.9209 -78.2124
22 6 40.3321 -78.2872
22 7 40.7391 -78.3588
22 8 41.1432 -78.4283
22 9 41.5449 -78.4964
22 10 41.9447 -78.5637
22 11 42.3429 -78.6305
22 12 42.7396 -78.6971
22 13 43.1351 -78.7636
22 14 43.5294 -78.8302
22 15 43.2775 -78.347
22 16 43.6863 -78.4401
22 17 44.0891 -78.5284
22 18 44.4863 -78.6128
22 19 44.8787 -78.6939
22 20 45.2667 -78.7723
22 21 45.6504 -78.8484
22 22 46.0302 -78.9225
22 23 46.4063 -78.9949
22 24 46.7786 -79.0656
22 25 47.1474 -79.135
22 26 47.5125 -79.2032
22 27 47.8742 -79.2701
22 28 48.2323 -79.3359
22 29 48.5868 -79.4007
22 30 48.9377 -79.4645
22 31 49.285 -79.5272
22 32 49.6286 -79.589
22 33 49.9684 -79.6497
22 34 50.3045 -79.7094
22 35 50.6366 -79.7681
22 36 50.9648 -79.8256
22 37 51.289 -79.8821
22 38 51.6091 -79.9373
22 39 51.925 -79.9913
22 40 52.2366 -80.044
22 41 52.5438 -80.0952
22 42 52.8466 -80.1451
22 43 53.1449 -80.1933
22 44 53.4386 -80.2399
22 45 54.1192 -79.3867
22 46 54.5183 -79.4965
22 47 54.915 -79.6055
22 48 55.3092 -79.7138
22 49 55.7012 -79.8215
22 50 56.0909 -79.9289
22 51 56.4785 -80.0359
22 52 56.8639 -80.1427
22 53 57.2473 -80.2494
22 54 57.6287 -80.3561
22 55 58.0081 -80.4628
22 56 58.3856 -80.5696
22 57 58.7611 -80.6766
22 58 59.1347 -80.7838
22 59 59.5063 -80.8913
22 60 59.8761 -80.9991
22 61 60.244 -81.1074
22 62 60.6099 -81.216
22 63 60.974 -81.3252
22 64 61.3362 -81.4348
22 65 61.6964 -81.5449
22 66 62.0548 -81.6557
22 67 62.4112 -81.767
22 68 62.7657 -81.8789
22 69 63.1183 -81.9915
22 70 63.4689 -82.1048
22 71 63.8175 -82.2187
22 72 64.1641 -82.3334
22 73 64.5088 -82.4487
22 74 64.8514 -82.5648
22 75 65.1919 -82.6816
22 76 65.5304 -82.7992
22 77 65.8668 -82.9175
22 78 66.2011 -83.0365
22 79 66.5333 -83.1563
22 80 66.8633 -83.2768
22 81 67.1911 -83.3981
22 82 67.5168 -83.5201
22 83 67.8403 -83.6428
22 84 68.1615 -83.7662
22 85 68.4804 -83.8903
22 86 68.7971 -84.015
22 87 69.1115 -84.1404
22 88 69.4235 -84.2664
22 89 69.7332 -84.393
22 90 70.0406 -84.5201
22 91 70.3455 -84.6477
22 92 70.6481 -84.7758
22 93 70.9482 -84.9043
22 94 71.2458 -85.0332
22 95 71.541 -85.1623
22 96 71.8336 -85.2917
22 97 72.1238 -85.4213
22 98 72.4114 -85.551
22 99 72.6964 -85.6807
22 100 72.9789 -85.8103
22 101 73.2588 -85.9397
22 102 73.5361 -86.0688
22 103 73.8107 -86.1976
22 104 74.0826 -86.3259
22 105 74.3519 -86.4535
22 106 74.6185 -86.5804
22 107 74.8824 -86.7064
22 108 75.1436 -86.8312
22 109 75.4021 -86.9549
22 110 75.6577 -87.0771
23 1 38.1291 -77.6482
23 2 38.628 -77.7794
23 3 39.0772 -77.8594
23 4 39.5076 -77.9205
23 5 39.9279 -77.9716
23 6 40.3418 -78.0167
23 7 40.7515 -78.058
23 8 41.158 -78.0967
23 9 41.562 -78.1337
23 10 41.9641 -78.1693
23 11 42.3646 -78.2041
23 12 42.7636 -78.2382
23 13 43.1613 -78.2719
23 14 43.5579 -78.3052
23 15 43.2834 -77.7856
23 16 43.6962 -77.8476
23 17 44.1024 -77.9041
23 18 44.5029 -77.9561
23 19 44.8984 -78.0043
23 20 45.2892 -78.0493
23 21 45.6757 -78.0915
23 22 46.0582 -78.1313
23 23 46.4367 -78.1689
23 24 46.8115 -78.2046
23 25 47.1826 -78.2386
23 26 47.5501 -78.2709
23 27 47.914 -78.3017
23 28 48.2743 -78.331
23 29 48.631 -78.359
23 30 48.984 -78.3857
23 31 49.3333 -78.4111
23 32 49.6789 -78.4351
23 33 50.0207 -78.4579
23 34 50.3586 -78.4795
23 35 50.6926 -78.4997
23 36 51.0226 -78.5185
23 37 51.3486 -78.5361
23 38 51.6703 -78.5522
23 39 51.9878 -78.5669
23 40 52.301 -78.58
23 41 52.6098 -78.5916
23 42 52.9141 -78.6016
23 43 53.2137 -78.6099
23 44 53.5087 -78.6163
23 45 54.1455 -77.541
23 46 54.5487 -77.5994
23 47 54.9494 -77.6559
23 48 55.3477 -77.7108
23 49 55.7435 -77.764
23 50 56.1371 -77.8157
23 51 56.5285 -77.8661
23 52 56.9177 -77.9151
23 53 57.3048 -77.9629
23 54 57.6898 -78.0094
23 55 58.0729 -78.0548
23 56 58.4539 -78.0991
23 57 58.833 -78.1424
23 58 59.2101 -78.1846
23 59 59.5853 -78.2257
23 60 59.9586 -78.2659
23 61 60.33 -78.3051
23 62 60.6994 -78.3433
23 63 61.067 -78.3806
23 64 61.4326 -78.4169
23 65 61.7964 -78.4522
23 66 62.1582 -78.4865
23 67 62.5181 -78.5198
23 68 62.876 -78.5521
23 69 63.232 -78.5833
23 70 63.586 -78.6135
23 71 63.9381 -78.6426
23 72 64.2881 -78.6705
23 73 64.6362 -78.6973
23 74 64.9822 -78.7228
23 75 65.3262 -78.7471
23 76 65.668 -78.7701
23 77 66.0078 -78.7917
23 78 66.3455 -78.8119
23 79 66.6811 -78.8306
23 80 67.0144 -78.8477
23 81 67.3456 -78.8632
23 82 67.6746 -78.877
23 83 68.0014 -78.889
23 84 68.3259 -78.8991
23 85 68.6482 -78.9072
23 86 68.9681 -78.9132
23 87 69.2857 -78.917
23 88 69.6009 -78.9186
23 89 69.9138 -78.9176
23 90 70.2243 -78.9142
23 91 70.5323 -78.908
23 92 70.8378 -78.899
23 93 71.1409 -78.887
23 94 71.4415 -78.8718
23 95 71.7395 -78.8533
23 96 72.035 -78.8313
23 97 72.3279 -78.8057
23 98 72.6181 -78.7761
23 99 72.9057 -78.7425
23 100 73.1907 -78.7045
23 101 73.4729 -78.6621
23 102 73.7524 -78.6148
23 103 74.0292 -78.5625
23 104 74.3032 -78.5048
23 105 74.5743 -78.4416
23 106 74.8426 -78.3725
23 107 75.1081 -78.2972
23 108 75.3706 -78.2153
23 109 75.6303 -78.1266
23 110 75.8869 -78.0306
