16 110 2006 43200
0 0.000000 180 45
0 1 38.9605 -75.1833
0 2 39.4235 -75.0082
0 3 39.8527 -74.8523
0 4 40.2671 -74.7039
0 5 40.6728 -74.5592
0 6 41.0728 -74.4163
0 7 41.4689 -74.2741
0 8 41.8619 -74.132
0 9 42.2526 -73.9895
0 10 42.6413 -73.8463
0 11 43.0283 -73.7023
0 12 43.4138 -73.5572
0 13 43.7979 -73.4109
0 14 44.1806 -73.2634
0 15 43.9374 -73.5024
0 16 44.3332 -73.3417
0 17 44.7231 -73.1827
0 18 45.1077 -73.0248
0 19 45.4876 -72.8677
0 20 45.8632 -72.7112
0 21 46.2346 -72.555
0 22 46.602 -72.399
0 23 46.9657 -72.2431
0 24 47.3256 -72.0872
0 25 47.6819 -71.9313
0 26 48.0346 -71.7752
0 27 48.3837 -71.619
0 28 48.7292 -71.4626
0 29 49.0711 -71.3061
0 30 49.4093 -71.1494
0 31 49.7439 -70.9926
0 32 50.0747 -70.8358
0 33 50.4017 -70.6789
0 34 50.7249 -70.522
0 35 51.0441 -70.3651
0 36 51.3594 -70.2084
0 37 51.6706 -70.0519
0 38 51.9777 -69.8957
0 39 52.2806 -69.7398
0 40 52.5791 -69.5844
0 41 52.8734 -69.4295
0 42 53.1631 -69.2753
0 43 53.4484 -69.1218
0 44 53.7291 -68.9692
0 45 54.3856 -68.9231
0 46 54.7654 -68.692
0 47 55.1426 -68.4586
0 48 55.5172 -68.2228
0 49 55.8894 -67.9844
0 50 56.2591 -67.7434
0 51 56.6265 -67.4995
0 52 56.9915 -67.2527
0 53 57.3542 -67.0029
0 54 57.7146 -66.75
0 55 58.0727 -66.4937
0 56 58.4286 -66.2342
0 57 58.7822 -65.9711
0 58 59.1335 -65.7045
0 59 59.4826 -65.4341
0 60 59.8295 -65.16
0 61 60.1741 -64.882
0 62 60.5164 -64.6
0 63 60.8565 -64.3138
0 64 61.1942 -64.0235
0 65 61.5297 -63.7289
0 66 61.8628 -63.4299
0 67 62.1935 -63.1264
0 68 62.5219 -62.8182
0 69 62.8479 -62.5054
0 70 63.1714 -62.1878
0 71 63.4925 -61.8652
0 72 63.8111 -61.5377
0 73 64.1272 -61.2051
0 74 64.4408 -60.8673
0 75 64.7518 -60.5242
0 76 65.0602 -60.1757
0 77 65.366 -59.8218
0 78 65.6691 -59.4622
0 79 65.9695 -59.097
0 80 66.2672 -58.7261
0 81 66.5621 -58.3493
0 82 66.8542 -57.9666
0 83 67.1435 -57.5778
0 84 67.4299 -57.183
0 85 67.7135 -56.782
0 86 67.9941 -56.3747
0 87 68.2717 -55.9611
0 88 68.5463 -55.5411
0 89 68.8179 -55.1146
0 90 69.0864 -54.6816
0 91 69.3519 -54.242
0 92 69.6141 -53.7957
0 93 69.8733 -53.3428
0 94 70.1292 -52.8831
0 95 70.3819 -52.4166
0 96 70.6313 -51.9433
0 97 70.8775 -51.4632
0 98 71.1203 -50.9763
0 99 71.3598 -50.4825
0 100 71.5959 -49.9818
0 101 71.8286 -49.4743
0 102 72.0579 -48.96
0 103 72.2838 -48.4388
0 104 72.5062 -47.911
0 105 72.725 -47.3764
0 106 72.9404 -46.8352
0 107 73.1522 -46.2875
0 108 73.3605 -45.7332
0 109 73.5652 -45.1727
0 110 73.7664 -44.6058
1 1 38.9514 -75.126
1 2 39.4105 -74.937
1 3 39.8364 -74.7668
1 4 40.2474 -74.604
1 5 40.6499 -74.4446
1 6 41.0467 -74.2868
1 7 41.4395 -74.1296
1 8 41.8293 -73.9723
1 9 42.2167 -73.8145
1 10 42.6021 -73.6558
1 11 42.9857 -73.4961
1 12 43.3678 -73.3352
1 13 43.7485 -73.173
1 14 44.1278 -73.0093
1 15 43.8863 -73.2404
1 16 44.2785 -73.064
1 17 44.6648 -72.889
1 18 45.0459 -72.7151
1 19 45.4222 -72.5418
1 20 45.7942 -72.3689
1 21 46.162 -72.1963
1 22 46.5258 -72.0238
1 23 46.8858 -71.8512
1 24 47.2421 -71.6785
1 25 47.5948 -71.5056
1 26 47.9438 -71.3325
1 27 48.2892 -71.1592
1 28 48.631 -70.9856
1 29 48.9692 -70.8118
1 30 49.3037 -70.6378
1 31 49.6345 -70.4636
1 32 49.9616 -70.2892
1 33 50.2848 -70.1148
1 34 50.6042 -69.9403
1 35 50.9197 -69.7658
1 36 51.2312 -69.5913
1 37 51.5386 -69.4171
1 38 51.8419 -69.2431
1 39 52.141 -69.0694
1 40 52.4358 -68.8962
1 41 52.7262 -68.7235
1 42 53.0122 -68.5514
1 43 53.2937 -68.3801
1 44 53.5705 -68.2097
1 45 54.2172 -68.0816
1 46 54.5917 -67.8272
1 47 54.9635 -67.5702
1 48 55.3327 -67.3104
1 49 55.6993 -67.0479
1 50 56.0634 -66.7823
1 51 56.4251 -66.5136
1 52 56.7843 -66.2417
1 53 57.1412 -65.9664
1 54 57.4957 -65.6877
1 55 57.8478 -65.4054
1 56 58.1976 -65.1194
1 57 58.545 -64.8297
1 58 58.8901 -64.536
1 59 59.2329 -64.2383
1 60 59.5733 -63.9365
1 61 59.9114 -63.6304
1 62 60.2471 -63.3201
1 63 60.5804 -63.0053
1 64 60.9113 -62.6861
1 65 61.2398 -62.3622
1 66 61.5658 -62.0335
1 67 61.8894 -61.7001
1 68 62.2105 -61.3618
1 69 62.5291 -61.0184
1 70 62.8452 -60.67
1 71 63.1587 -60.3163
1 72 63.4696 -59.9574
1 73 63.7779 -59.5931
1 74 64.0835 -59.2234
1 75 64.3864 -58.8481
1 76 64.6866 -58.4671
1 77 64.9841 -58.0805
1 78 65.2787 -57.688
1 79 65.5706 -57.2896
1 80 65.8595 -56.8853
1 81 66.1456 -56.475
1 82 66.4288 -56.0586
1 83 66.709 -55.636
1 84 66.9862 -55.2071
1 85 67.2604 -54.772
1 86 67.5315 -54.3305
1 87 67.7995 -53.8826
1 88 68.0644 -53.4283
1 89 68.3261 -52.9675
1 90 68.5847 -52.5002
1 91 68.8399 -52.0263
1 92 69.092 -51.5458
1 93 69.3407 -51.0588
1 94 69.5861 -50.5652
1 95 69.8281 -50.0649
1 96 70.0668 -49.5581
1 97 70.302 -49.0447
1 98 70.5338 -48.5248
1 99 70.7621 -47.9983
1 100 70.987 -47.4654
1 101 71.2083 -46.9261
1 102 71.4261 -46.3804
1 103 71.6403 -45.8285
1 104 71.8509 -45.2705
1 105 72.0579 -44.7063
1 106 72.2614 -44.1362
1 107 72.4612 -43.5603
1 108 72.6573 -42.9788
1 109 72.8498 -42.3917
1 110 73.0387 -41.7993
2 1 38.9406 -75.0695
2 2 39.3958 -74.8666
2 3 39.8179 -74.6822
2 4 40.2254 -74.505
2 5 40.6243 -74.3311
2 6 41.0176 -74.1586
2 7 41.4068 -73.9865
2 8 41.793 -73.8142
2 9 42.1768 -73.6412
2 10 42.5585 -73.4672
2 11 42.9385 -73.2921
2 12 43.3168 -73.1156
2 13 43.6937 -72.9376
2 14 44.0693 -72.758
2 15 43.8289 -72.9815
2 16 44.2172 -72.7895
2 17 44.5996 -72.5989
2 18 44.9768 -72.4091
2 19 45.3492 -72.2198
2 20 45.7172 -72.0309
2 21 46.081 -71.8421
2 22 46.4409 -71.6532
2 23 46.797 -71.4642
2 24 47.1493 -71.275
2 25 47.4979 -71.0856
2 26 47.8429 -70.8958
2 27 48.1842 -70.7057
2 28 48.522 -70.5153
2 29 48.856 -70.3246
2 30 49.1864 -70.1336
2 31 49.5131 -69.9423
2 32 49.8361 -69.7509
2 33 50.1552 -69.5593
2 34 50.4704 -69.3676
2 35 50.7817 -69.1758
2 36 51.089 -68.9842
2 37 51.3922 -68.7926
2 38 51.6913 -68.6013
2 39 51.9862 -68.4104
2 40 52.2768 -68.2198
2 41 52.563 -68.0298
2 42 52.8448 -67.8405
2 43 53.1221 -67.652
2 44 53.3948 -67.4644
2 45 54.029 -67.2569
2 46 54.3976 -66.9801
2 47 54.7636 -66.7003
2 48 55.1268 -66.4176
2 49 55.4874 -66.1318
2 50 55.8454 -65.8427
2 51 56.2009 -65.5503
2 52 56.5539 -65.2543
2 53 56.9044 -64.9548
2 54 57.2524 -64.6515
2 55 57.598 -64.3445
2 56 57.9411 -64.0334
2 57 58.2819 -63.7183
2 58 58.6201 -63.3991
2 59 58.956 -63.0755
2 60 59.2894 -62.7477
2 61 59.6203 -62.4153
2 62 59.9488 -62.0784
2 63 60.2748 -61.7369
2 64 60.5983 -61.3906
2 65 60.9192 -61.0394
2 66 61.2377 -60.6833
2 67 61.5535 -60.3222
2 68 61.8667 -59.9559
2 69 62.1774 -59.5845
2 70 62.4853 -59.2077
2 71 62.7906 -58.8256
2 72 63.0932 -58.438
2 73 63.393 -58.0449
2 74 63.6901 -57.6462
2 75 63.9843 -57.2418
2 76 64.2757 -56.8317
2 77 64.5642 -56.4157
2 78 64.8499 -55.9938
2 79 65.1325 -55.566
2 80 65.4122 -55.1322
2 81 65.6889 -54.6923
2 82 65.9625 -54.2463
2 83 66.233 -53.7942
2 84 66.5004 -53.3358
2 85 66.7647 -52.8713
2 86 67.0258 -52.4005
2 87 67.2836 -51.9234
2 88 67.5382 -51.44
2 89 67.7895 -50.9503
2 90 68.0375 -50.4543
2 91 68.2821 -49.9519
2 92 68.5233 -49.4433
2 93 68.7611 -48.9285
2 94 68.9955 -48.4073
2 95 69.2264 -47.88
2 96 69.4539 -47.3465
2 97 69.6777 -46.807
2 98 69.8981 -46.2614
2 99 70.1149 -45.7098
2 100 70.3281 -45.1524
2 101 70.5376 -44.5893
2 102 70.7436 -44.0204
2 103 70.9459 -43.4461
2 104 71.1445 -42.8664
2 105 71.3395 -42.2815
2 106 71.5308 -41.6915
2 107 71.7183 -41.0966
2 108 71.9022 -40.497
2 109 72.0824 -39.8929
2 110 72.2589 -39.2846
3 1 38.9282 -75.0137
3 2 39.3792 -74.797
3 3 39.7974 -74.5986
3 4 40.2011 -74.4071
3 5 40.5961 -74.2188
3 6 40.9855 -74.0317
3 7 41.3708 -73.845
3 8 41.7531 -73.6578
3 9 42.1329 -73.4698
3 10 42.5107 -73.2808
3 11 42.8866 -73.0903
3 12 43.2609 -72.8984
3 13 43.6337 -72.7049
3 14 44.0051 -72.5097
3 15 43.7653 -72.7259
3 16 44.1494 -72.5186
3 17 44.5275 -72.3124
3 18 44.9005 -72.1071
3 19 45.2686 -71.9021
3 20 45.6324 -71.6974
3 21 45.9919 -71.4927
3 22 46.3475 -71.2878
3 23 46.6992 -71.0827
3 24 47.0471 -70.8774
3 25 47.3914 -70.6717
3 26 47.732 -70.4656
3 27 48.0689 -70.2591
3 28 48.4022 -70.0522
3 29 48.7318 -69.845
3 30 49.0577 -69.6374
3 31 49.3799 -69.4295
3 32 49.6983 -69.2214
3 33 50.0129 -69.0131
3 34 50.3236 -68.8046
3 35 50.6303 -68.5962
3 36 50.9331 -68.3877
3 37 51.2317 -68.1794
3 38 51.5263 -67.9714
3 39 51.8166 -67.7636
3 40 52.1026 -67.5564
3 41 52.3842 -67.3496
3 42 52.6614 -67.1436
3 43 52.9342 -66.9385
3 44 53.2023 -66.7342
3 45 53.8214 -66.4505
3 46 54.1838 -66.1521
3 47 54.5434 -65.8505
3 48 54.9002 -65.5458
3 49 55.2542 -65.2378
3 50 55.6057 -64.9263
3 51 55.9545 -64.6112
3 52 56.3007 -64.2925
3 53 56.6443 -63.9699
3 54 56.9854 -63.6434
3 55 57.324 -63.3128
3 56 57.66 -62.9781
3 57 57.9935 -62.6392
3 58 58.3244 -62.2959
3 59 58.6528 -61.9482
3 60 58.9787 -61.5959
3 61 59.302 -61.239
3 62 59.6227 -60.8773
3 63 59.9409 -60.5109
3 64 60.2564 -60.1395
3 65 60.5693 -59.7632
3 66 60.8795 -59.3818
3 67 61.1871 -58.9952
3 68 61.4919 -58.6034
3 69 61.7941 -58.2063
3 70 62.0934 -57.8038
3 71 62.3899 -57.3958
3 72 62.6837 -56.9824
3 73 62.9745 -56.5633
3 74 63.2625 -56.1387
3 75 63.5475 -55.7083
3 76 63.8296 -55.2722
3 77 64.1086 -54.8302
3 78 64.3847 -54.3825
3 79 64.6577 -53.9288
3 80 64.9276 -53.4692
3 81 65.1943 -53.0037
3 82 65.4579 -52.5322
3 83 65.7183 -52.0547
3 84 65.9754 -51.5712
3 85 66.2293 -51.0817
3 86 66.4798 -50.5862
3 87 66.7271 -50.0847
3 88 66.9709 -49.5772
3 89 67.2114 -49.0637
3 90 67.4484 -48.5442
3 91 67.682 -48.0189
3 92 67.9121 -47.4877
3 93 68.1387 -46.9508
3 94 68.3618 -46.4081
3 95 68.5812 -45.8597
3 96 68.7971 -45.3058
3 97 69.0094 -44.7464
3 98 69.2181 -44.1817
3 99 69.4231 -43.6117
3 100 69.6244 -43.0366
3 101 69.8221 -42.4565
3 102 70.0161 -41.8716
3 103 70.2063 -41.282
3 104 70.3929 -40.688
3 105 70.5757 -40.0897
3 106 70.7548 -39.4873
3 107 70.9302 -38.881
3 108 71.1018 -38.271
3 109 71.2698 -37.6576
3 110 71.434 -37.0411
4 1 38.9143 -74.9586
4 2 39.3609 -74.7283
4 3 39.7749 -74.5159
4 4 40.1744 -74.3103
4 5 40.5652 -74.1078
4 6 40.9505 -73.9063
4 7 41.3316 -73.7051
4 8 41.7096 -73.5033
4 9 42.0852 -73.3005
4 10 42.4586 -73.0965
4 11 42.8302 -72.8911
4 12 43.2001 -72.684
4 13 43.5684 -72.4752
4 14 43.9354 -72.2645
4 15 43.6956 -72.4739
4 16 44.0751 -72.2514
4 17 44.4487 -72.0301
4 18 44.8171 -71.8094
4 19 45.1807 -71.589
4 20 45.5398 -71.3688
4 21 45.8947 -71.1485
4 22 46.2456 -70.9279
4 23 46.5926 -70.7071
4 24 46.9359 -70.4859
4 25 47.2754 -70.2643
4 26 47.6112 -70.0423
4 27 47.9434 -69.8198
4 28 48.2719 -69.5968
4 29 48.5966 -69.3735
4 30 48.9177 -69.1498
4 31 49.2351 -68.9257
4 32 49.5486 -68.7014
4 33 49.8583 -68.4769
4 34 50.1641 -68.2522
4 35 50.4659 -68.0275
4 36 50.7637 -67.8028
4 37 51.0574 -67.5783
4 38 51.347 -67.354
4 39 51.6323 -67.1301
4 40 51.9134 -66.9067
4 41 52.1901 -66.6839
4 42 52.4624 -66.4618
4 43 52.7302 -66.2406
4 44 52.9934 -66.0204
4 45 53.5949 -65.6636
4 46 53.9506 -65.3445
4 47 54.3034 -65.0222
4 48 54.6533 -64.6965
4 49 55.0005 -64.3673
4 50 55.3449 -64.0345
4 51 55.6865 -63.698
4 52 56.0255 -63.3576
4 53 56.3618 -63.0133
4 54 56.6955 -62.6648
4 55 57.0266 -62.3122
4 56 57.355 -61.9553
4 57 57.6807 -61.5941
4 58 58.0039 -61.2283
4 59 58.3244 -60.858
4 60 58.6422 -60.4831
4 61 58.9574 -60.1034
4 62 59.27 -59.7189
4 63 59.5798 -59.3294
4 64 59.8869 -58.9351
4 65 60.1912 -58.5356
4 66 60.4928 -58.131
4 67 60.7916 -57.7213
4 68 61.0876 -57.3063
4 69 61.3807 -56.886
4 70 61.6709 -56.4603
4 71 61.9583 -56.0291
4 72 62.2427 -55.5925
4 73 62.5241 -55.1504
4 74 62.8025 -54.7027
4 75 63.0779 -54.2494
4 76 63.3502 -53.7904
4 77 63.6194 -53.3258
4 78 63.8854 -52.8555
4 79 64.1483 -52.3795
4 80 64.408 -51.8978
4 81 64.6644 -51.4104
4 82 64.9176 -50.9172
4 83 65.1674 -50.4184
4 84 65.4139 -49.9138
4 85 65.6571 -49.4036
4 86 65.8968 -48.8877
4 87 66.1331 -48.3662
4 88 66.3659 -47.8391
4 89 66.5953 -47.3065
4 90 66.8211 -46.7685
4 91 67.0434 -46.2251
4 92 67.2621 -45.6764
4 93 67.4772 -45.1225
4 94 67.6888 -44.5635
4 95 67.8966 -43.9995
4 96 68.1008 -43.4306
4 97 68.3014 -42.857
4 98 68.4983 -42.2788
4 99 68.6914 -41.6961
4 100 68.8809 -41.1091
4 101 69.0666 -40.518
4 102 69.2486 -39.9229
4 103 69.4268 -39.3242
4 104 69.6013 -38.7219
4 105 69.7721 -38.1162
4 106 69.9392 -37.5075
4 107 70.1025 -36.8959
4 108 70.262 -36.2817
4 109 70.4179 -35.6652
4 110 70.57 -35.0466
5 1 38.8988 -74.9044
5 2 39.3408 -74.6605
5 3 39.7504 -74.4343
5 4 40.1454 -74.2148
5 5 40.5318 -73.9981
5 6 40.9125 -73.7825
5 7 41.2892 -73.567
5 8 41.6627 -73.3507
5 9 42.0336 -73.1334
5 10 42.4024 -72.9148
5 11 42.7693 -72.6945
5 12 43.1344 -72.4726
5 13 43.498 -72.2487
5 14 43.8601 -72.0229
5 15 43.6198 -72.2256
5 16 43.9945 -71.9883
5 17 44.3633 -71.752
5 18 44.7268 -71.5163
5 19 45.0855 -71.2809
5 20 45.4396 -71.0454
5 21 45.7896 -70.8099
5 22 46.1355 -70.574
5 23 46.4775 -70.3378
5 24 46.8157 -70.1012
5 25 47.1501 -69.8641
5 26 47.4808 -69.6265
5 27 47.8078 -69.3884
5 28 48.1312 -69.1498
5 29 48.4508 -68.9108
5 30 48.7667 -68.6714
5 31 49.0788 -68.4317
5 32 49.3871 -68.1916
5 33 49.6915 -67.9514
5 34 49.992 -67.711
5 35 50.2886 -67.4706
5 36 50.5811 -67.2303
5 37 50.8695 -66.9901
5 38 51.1538 -66.7502
5 39 51.4339 -66.5107
5 40 51.7096 -66.2717
5 41 51.981 -66.0334
5 42 52.248 -65.7959
5 43 52.5105 -65.5593
5 44 52.7684 -65.3239
5 45 53.35 -64.8973
5 46 53.6986 -64.5585
5 47 54.0442 -64.2164
5 48 54.3869 -63.8709
5 49 54.7266 -63.5217
5 50 55.0636 -63.1688
5 51 55.3977 -62.812
5 52 55.729 -62.4512
5 53 56.0576 -62.0864
5 54 56.3834 -61.7174
5 55 56.7065 -61.3442
5 56 57.0269 -60.9666
5 57 57.3446 -60.5845
5 58 57.6595 -60.1979
5 59 57.9716 -59.8067
5 60 58.281 -59.4108
5 61 58.5877 -59.0101
5 62 58.8915 -58.6046
5 63 59.1926 -58.1942
5 64 59.4908 -57.7788
5 65 59.7862 -57.3583
5 66 60.0787 -56.9328
5 67 60.3683 -56.5021
5 68 60.655 -56.0662
5 69 60.9388 -55.6251
5 70 61.2195 -55.1786
5 71 61.4972 -54.7269
5 72 61.7719 -54.2698
5 73 62.0435 -53.8073
5 74 62.312 -53.3395
5 75 62.5774 -52.8662
5 76 62.8395 -52.3874
5 77 63.0985 -51.9033
5 78 63.3542 -51.4137
5 79 63.6067 -50.9187
5 80 63.8558 -50.4182
5 81 64.1016 -49.9124
5 82 64.3441 -49.4012
5 83 64.5831 -48.8846
5 84 64.8187 -48.3628
5 85 65.0509 -47.8357
5 86 65.2795 -47.3034
5 87 65.5047 -46.766
5 88 65.7263 -46.2236
5 89 65.9443 -45.6761
5 90 66.1588 -45.1238
5 91 66.3696 -44.5668
5 92 66.5768 -44.005
5 93 66.7804 -43.4388
5 94 66.9803 -42.8681
5 95 67.1765 -42.2931
5 96 67.369 -41.714
5 97 67.5578 -41.1309
5 98 67.7428 -40.544
5 99 67.9242 -39.9535
5 100 68.1018 -39.3595
5 101 68.2756 -38.7623
5 102 68.4458 -38.1621
5 103 68.6121 -37.559
5 104 68.7748 -36.9534
5 105 68.9337 -36.3453
5 106 69.0888 -35.7352
5 107 69.2403 -35.1232
5 108 69.388 -34.5096
5 109 69.5321 -33.8947
5 110 69.6724 -33.2787
6 1 38.8818 -74.851
6 2 39.3189 -74.5936
6 3 39.7238 -74.3538
6 4 40.1141 -74.1205
6 5 40.4958 -73.89
6 6 40.8718 -73.6604
6 7 41.2436 -73.4308
6 8 41.6122 -73.2003
6 9 41.9782 -72.9687
6 10 42.342 -72.7356
6 11 42.7039 -72.5009
6 12 43.064 -72.2642
6 13 43.4225 -72.0256
6 14 43.7795 -71.785
6 15 43.5381 -71.9814
6 16 43.9077 -71.7296
6 17 44.2713 -71.4786
6 18 44.6296 -71.2282
6 19 44.983 -70.978
6 20 45.332 -70.7277
6 21 45.6766 -70.4772
6 22 46.0172 -70.2264
6 23 46.3538 -69.9752
6 24 46.6866 -69.7235
6 25 47.0157 -69.4713
6 26 47.341 -69.2186
6 27 47.6625 -68.9653
6 28 47.9804 -68.7116
6 29 48.2945 -68.4574
6 30 48.6048 -68.2028
6 31 48.9114 -67.9479
6 32 49.2141 -67.6926
6 33 49.5129 -67.4372
6 34 49.8078 -67.1817
6 35 50.0988 -66.9262
6 36 50.3857 -66.6707
6 37 50.6685 -66.4155
6 38 50.9471 -66.1605
6 39 51.2215 -65.9061
6 40 51.4916 -65.6522
6 41 51.7574 -65.3991
6 42 52.0187 -65.1468
6 43 52.2756 -64.8956
6 44 52.5279 -64.6456
6 45 53.0873 -64.1526
6 46 53.4284 -63.7952
6 47 53.7664 -63.4344
6 48 54.1014 -63.0701
6 49 54.4334 -62.702
6 50 54.7625 -62.3301
6 51 55.0887 -61.9543
6 52 55.412 -61.5745
6 53 55.7324 -61.1905
6 54 56.05 -60.8024
6 55 56.3648 -60.41
6 56 56.6767 -60.0131
6 57 56.9858 -59.6118
6 58 57.2921 -59.206
6 59 57.5955 -58.7955
6 60 57.8961 -58.3804
6 61 58.1938 -57.9605
6 62 58.4887 -57.5358
6 63 58.7806 -57.1063
6 64 59.0696 -56.6719
6 65 59.3556 -56.2325
6 66 59.6387 -55.7881
6 67 59.9188 -55.3386
6 68 60.1958 -54.8841
6 69 60.4698 -54.4245
6 70 60.7407 -53.9598
6 71 61.0085 -53.49
6 72 61.2732 -53.015
6 73 61.5346 -52.5348
6 74 61.7929 -52.0495
6 75 62.0479 -51.559
6 76 62.2997 -51.0633
6 77 62.5481 -50.5626
6 78 62.7933 -50.0567
6 79 63.035 -49.5457
6 80 63.2734 -49.0297
6 81 63.5084 -48.5087
6 82 63.7399 -47.9828
6 83 63.9679 -47.452
6 84 64.1924 -46.9163
6 85 64.4134 -46.3759
6 86 64.6308 -45.8309
6 87 64.8447 -45.2812
6 88 65.055 -44.7271
6 89 65.2616 -44.1686
6 90 65.4646 -43.6059
6 91 65.6639 -43.039
6 92 65.8596 -42.4682
6 93 66.0516 -41.8935
6 94 66.2398 -41.3151
6 95 66.4244 -40.7331
6 96 66.6052 -40.1478
6 97 66.7823 -39.5593
6 98 66.9557 -38.9678
6 99 67.1253 -38.3735
6 100 67.2912 -37.7767
6 101 67.4533 -37.1774
6 102 67.6118 -36.5759
6 103 67.7664 -35.9726
6 104 67.9174 -35.3675
6 105 68.0646 -34.761
6 106 68.2082 -34.1533
6 107 68.3481 -33.5446
6 108 68.4843 -32.9353
6 109 68.6169 -32.3255
6 110 68.7458 -31.7157
7 1 38.8633 -74.7985
7 2 39.2954 -74.5278
7 3 39.6953 -74.2745
7 4 40.0806 -74.0277
7 5 40.4573 -73.7835
7 6 40.8282 -73.5401
7 7 41.1948 -73.2966
7 8 41.5583 -73.0522
7 9 41.9191 -72.8065
7 10 42.2777 -72.5593
7 11 42.6342 -72.3102
7 12 42.989 -72.0593
7 13 43.342 -71.8062
7 14 43.6935 -71.551
7 15 43.4505 -71.7415
7 16 43.8147 -71.4754
7 17 44.1728 -71.2102
7 18 44.5256 -70.9453
7 19 44.8736 -70.6807
7 20 45.2169 -70.4159
7 21 45.556 -70.1509
7 22 45.8909 -69.8855
7 23 46.2219 -69.6197
7 24 46.549 -69.3533
7 25 46.8723 -69.0865
7 26 47.1918 -68.8191
7 27 47.5076 -68.5511
7 28 47.8196 -68.2827
7 29 48.1278 -68.0138
7 30 48.4323 -67.7445
7 31 48.733 -67.4749
7 32 49.0298 -67.205
7 33 49.3227 -66.935
7 34 49.6117 -66.6649
7 35 49.8967 -66.3948
7 36 50.1776 -66.1248
7 37 50.4545 -65.8551
7 38 50.7271 -65.5858
7 39 50.9956 -65.317
7 40 51.2597 -65.0489
7 41 51.5195 -64.7816
7 42 51.7749 -64.5153
7 43 52.0258 -64.2501
7 44 52.2722 -63.9862
7 45 52.8073 -63.4305
7 46 53.1406 -63.0556
7 47 53.4706 -62.6771
7 48 53.7976 -62.295
7 49 54.1215 -61.9092
7 50 54.4423 -61.5196
7 51 54.7602 -61.126
7 52 55.0751 -60.7284
7 53 55.387 -60.3267
7 54 55.696 -59.9208
7 55 56.0021 -59.5106
7 56 56.3053 -59.096
7 57 56.6055 -58.677
7 58 56.9028 -58.2535
7 59 57.1972 -57.8255
7 60 57.4886 -57.3928
7 61 57.777 -56.9555
7 62 58.0625 -56.5135
7 63 58.3449 -56.0667
7 64 58.6244 -55.6152
7 65 58.9007 -55.1589
7 66 59.1741 -54.6977
7 67 59.4443 -54.2316
7 68 59.7114 -53.7607
7 69 59.9754 -53.2849
7 70 60.2361 -52.8042
7 71 60.4937 -52.3186
7 72 60.7481 -51.8281
7 73 60.9991 -51.3327
7 74 61.2469 -50.8325
7 75 61.4914 -50.3274
7 76 61.7325 -49.8176
7 77 61.9702 -49.303
7 78 62.2046 -48.7836
7 79 62.4355 -48.2596
7 80 62.6629 -47.731
7 81 62.8868 -47.1978
7 82 63.1073 -46.6602
7 83 63.3242 -46.1181
7 84 63.5375 -45.5718
7 85 63.7472 -45.0213
7 86 63.9534 -44.4666
7 87 64.1559 -43.908
7 88 64.3548 -43.3455
7 89 64.55 -42.7793
7 90 64.7415 -42.2094
7 91 64.9294 -41.6361
7 92 65.1135 -41.0595
7 93 65.2939 -40.4798
7 94 65.4707 -39.8971
7 95 65.6436 -39.3116
7 96 65.8129 -38.7234
7 97 65.9784 -38.1329
7 98 66.1402 -37.5402
7 99 66.2983 -36.9454
7 100 66.4527 -36.3489
7 101 66.6033 -35.7508
7 102 66.7502 -35.1514
7 103 66.8935 -34.5509
7 104 67.033 -33.9495
7 105 67.1689 -33.3475
7 106 67.3012 -32.7451
7 107 67.4298 -32.1427
7 108 67.5548 -31.5404
7 109 67.6763 -30.9386
7 110 67.7942 -30.3375
8 1 38.8433 -74.7469
8 2 39.2702 -74.4631
8 3 39.6649 -74.1965
8 4 40.0449 -73.9363
8 5 40.4163 -73.6787
8 6 40.7818 -73.4218
8 7 41.143 -73.1646
8 8 41.501 -72.9065
8 9 41.8563 -72.647
8 10 42.2093 -72.3858
8 11 42.5602 -72.1228
8 12 42.9093 -71.8578
8 13 43.2566 -71.5906
8 14 43.6022 -71.3212
8 15 43.3572 -71.5061
8 16 43.7156 -71.2261
8 17 44.0681 -70.9468
8 18 44.4151 -70.668
8 19 44.7572 -70.3892
8 20 45.0946 -70.1103
8 21 45.4278 -69.8312
8 22 45.7568 -69.5516
8 23 46.0818 -69.2716
8 24 46.4029 -68.9911
8 25 46.7201 -68.71
8 26 47.0335 -68.4284
8 27 47.3432 -68.1462
8 28 47.6491 -67.8636
8 29 47.9512 -67.5805
8 30 48.2495 -67.2971
8 31 48.544 -67.0133
8 32 48.8346 -66.7293
8 33 49.1213 -66.4452
8 34 49.404 -66.1611
8 35 49.6827 -65.8771
8 36 49.9574 -65.5932
8 37 50.228 -65.3097
8 38 50.4943 -65.0267
8 39 50.7565 -64.7442
8 40 51.0144 -64.4626
8 41 51.2679 -64.1818
8 42 51.517 -63.9021
8 43 51.7617 -63.6237
8 44 52.0019 -63.3466
8 45 52.5105 -62.7319
8 46 52.8356 -62.3403
8 47 53.1574 -61.9453
8 48 53.476 -61.5467
8 49 53.7914 -61.1443
8 50 54.1038 -60.7381
8 51 54.413 -60.328
8 52 54.7191 -59.9139
8 53 55.0223 -59.4957
8 54 55.3223 -59.0734
8 55 55.6194 -58.6468
8 56 55.9135 -58.216
8 57 56.2045 -57.7808
8 58 56.4925 -57.3413
8 59 56.7775 -56.8973
8 60 57.0594 -56.4488
8 61 57.3383 -55.9957
8 62 57.6141 -55.5382
8 63 57.8868 -55.076
8 64 58.1564 -54.6093
8 65 58.4228 -54.1379
8 66 58.6861 -53.6619
8 67 58.9463 -53.1813
8 68 59.2032 -52.696
8 69 59.4569 -52.2061
8 70 59.7073 -51.7116
8 71 59.9544 -51.2125
8 72 60.1983 -50.7088
8 73 60.4387 -50.2006
8 74 60.6759 -49.6879
8 75 60.9096 -49.1707
8 76 61.1399 -48.6491
8 77 61.3668 -48.1232
8 78 61.5902 -47.593
8 79 61.8101 -47.0585
8 80 62.0264 -46.5199
8 81 62.2393 -45.9773
8 82 62.4486 -45.4307
8 83 62.6542 -44.8802
8 84 62.8563 -44.326
8 85 63.0548 -43.7681
8 86 63.2496 -43.2067
8 87 63.4408 -42.6419
8 88 63.6283 -42.0739
8 89 63.8121 -41.5028
8 90 63.9922 -40.9287
8 91 64.1686 -40.3519
8 92 64.3414 -39.7724
8 93 64.5104 -39.1905
8 94 64.6756 -38.6063
8 95 64.8372 -38.0201
8 96 64.9951 -37.432
8 97 65.1492 -36.8422
8 98 65.2997 -36.2509
8 99 65.4464 -35.6584
8 100 65.5894 -35.0649
8 101 65.7288 -34.4706
8 102 65.8645 -33.8757
8 103 65.9966 -33.2804
8 104 66.1251 -32.6851
8 105 66.2499 -32.09
8 106 66.3712 -31.4952
8 107 66.4889 -30.9011
8 108 66.6031 -30.308
8 109 66.7138 -29.716
8 110 66.821 -29.1254
9 1 38.8219 -74.6963
9 2 39.2433 -74.3994
9 3 39.6325 -74.1198
9 4 40.0071 -73.8465
9 5 40.3728 -73.5756
9 6 40.7327 -73.3054
9 7 41.0882 -73.0348
9 8 41.4404 -72.7633
9 9 41.7899 -72.4903
9 10 42.137 -72.2155
9 11 42.482 -71.9388
9 12 42.8251 -71.6601
9 13 43.1663 -71.3791
9 14 43.5059 -71.0957
9 15 43.2582 -71.2755
9 16 43.6107 -70.9818
9 17 43.9571 -70.6889
9 18 44.298 -70.3964
9 19 44.634 -70.1039
9 20 44.9653 -69.8113
9 21 45.2922 -69.5184
9 22 45.615 -69.2251
9 23 45.9337 -68.9314
9 24 46.2485 -68.6371
9 25 46.5593 -68.3422
9 26 46.8664 -68.0469
9 27 47.1697 -67.751
9 28 47.4691 -67.4547
9 29 47.7648 -67.158
9 30 48.0566 -66.8609
9 31 48.3445 -66.5636
9 32 48.6286 -66.266
9 33 48.9088 -65.9685
9 34 49.185 -65.6709
9 35 49.4571 -65.3736
9 36 49.7252 -65.0765
9 37 49.9892 -64.7798
9 38 50.2491 -64.4836
9 39 50.5046 -64.1882
9 40 50.756 -63.8937
9 41 51.0029 -63.6001
9 42 51.2455 -63.3078
9 43 51.4837 -63.0168
9 44 51.7173 -62.7274
9 45 52.1976 -62.0573
9 46 52.5142 -61.6502
9 47 52.8274 -61.2397
9 48 53.1373 -60.8256
9 49 53.444 -60.4078
9 50 53.7475 -59.9863
9 51 54.0478 -59.5609
9 52 54.3449 -59.1316
9 53 54.6389 -58.6983
9 54 54.9298 -58.2609
9 55 55.2175 -57.8194
9 56 55.5022 -57.3738
9 57 55.7838 -56.9239
9 58 56.0622 -56.4698
9 59 56.3375 -56.0114
9 60 56.6097 -55.5487
9 61 56.8788 -55.0816
9 62 57.1446 -54.6102
9 63 57.4074 -54.1344
9 64 57.6669 -53.6542
9 65 57.9232 -53.1697
9 66 58.1762 -52.6807
9 67 58.4261 -52.1875
9 68 58.6726 -51.6898
9 69 58.9158 -51.1879
9 70 59.1557 -50.6816
9 71 59.3922 -50.1711
9 72 59.6254 -49.6564
9 73 59.8551 -49.1375
9 74 60.0814 -48.6145
9 75 60.3043 -48.0875
9 76 60.5237 -47.5564
9 77 60.7396 -47.0215
9 78 60.952 -46.4827
9 79 61.1608 -45.9402
9 80 61.3661 -45.394
9 81 61.5678 -44.8443
9 82 61.7658 -44.2912
9 83 61.9603 -43.7347
9 84 62.1512 -43.1751
9 85 62.3384 -42.6123
9 86 62.5219 -42.0467
9 87 62.7018 -41.4783
9 88 62.8779 -40.9072
9 89 63.0504 -40.3337
9 90 63.2192 -39.7579
9 91 63.3844 -39.1799
9 92 63.5458 -38.6
9 93 63.7035 -38.0183
9 94 63.8575 -37.435
9 95 64.0078 -36.8504
9 96 64.1545 -36.2645
9 97 64.2974 -35.6777
9 98 64.4367 -35.0901
9 99 64.5724 -34.502
9 100 64.7044 -33.9136
9 101 64.8327 -33.3251
9 102 64.9575 -32.7367
9 103 65.0787 -32.1486
9 104 65.1964 -31.5612
9 105 65.3105 -30.9746
9 106 65.4211 -30.3891
9 107 65.5282 -29.8049
9 108 65.6319 -29.2223
9 109 65.7322 -28.6415
9 110 65.8291 -28.0628
10 1 38.7989 -74.6467
10 2 39.2148 -74.337
10 3 39.5983 -74.0445
10 4 39.967 -73.7582
10 5 40.3269 -73.4744
10 6 40.6808 -73.1912
10 7 41.0304 -72.9075
10 8 41.3766 -72.6227
10 9 41.7199 -72.3365
10 10 42.0609 -72.0485
10 11 42.3996 -71.7584
10 12 42.7364 -71.4662
10 13 43.0713 -71.1718
10 14 43.4045 -70.8749
10 15 43.1537 -71.0498
10 16 43.4999 -70.7429
10 17 43.84 -70.4367
10 18 44.1746 -70.1309
10 19 44.5041 -69.8251
10 20 44.829 -69.5192
10 21 45.1494 -69.213
10 22 45.4657 -68.9064
10 23 45.7778 -68.5993
10 24 46.086 -68.2917
10 25 46.3902 -67.9836
10 26 46.6906 -67.675
10 27 46.9872 -67.3659
10 28 47.2799 -67.0564
10 29 47.5688 -66.7466
10 30 47.8538 -66.4364
10 31 48.135 -66.1261
10 32 48.4123 -65.8156
10 33 48.6856 -65.5052
10 34 48.955 -65.1948
10 35 49.2203 -64.8848
10 36 49.4815 -64.575
10 37 49.7387 -64.2658
10 38 49.9917 -63.9573
10 39 50.2404 -63.6496
10 40 50.4849 -63.3428
10 41 50.725 -63.0372
10 42 50.9608 -62.733
10 43 51.1922 -62.4302
10 44 51.4191 -62.1292
10 45 51.869 -61.4074
10 46 52.1769 -60.9859
10 47 52.4812 -60.561
10 48 52.7822 -60.1325
10 49 53.0799 -59.7005
10 50 53.3742 -59.2648
10 51 53.6653 -58.8253
10 52 53.9531 -58.382
10 53 54.2377 -57.9349
10 54 54.5191 -57.4838
10 55 54.7974 -57.0287
10 56 55.0724 -56.5697
10 57 55.3442 -56.1066
10 58 55.6129 -55.6394
10 59 55.8783 -55.1681
10 60 56.1405 -54.6927
10 61 56.3995 -54.2132
10 62 56.6553 -53.7296
10 63 56.9078 -53.2418
10 64 57.1571 -52.7499
10 65 57.403 -52.2539
10 66 57.6457 -51.7539
10 67 57.885 -51.2498
10 68 58.121 -50.7416
10 69 58.3536 -50.2295
10 70 58.5828 -49.7135
10 71 58.8086 -49.1935
10 72 59.0309 -48.6697
10 73 59.2498 -48.1422
10 74 59.4653 -47.6109
10 75 59.6772 -47.076
10 76 59.8856 -46.5376
10 77 60.0905 -45.9958
10 78 60.2918 -45.4506
10 79 60.4895 -44.9021
10 80 60.6837 -44.3505
10 81 60.8742 -43.7959
10 82 61.0611 -43.2383
10 83 61.2444 -42.6781
10 84 61.424 -42.1151
10 85 61.6 -41.5497
10 86 61.7724 -40.9819
10 87 61.941 -40.412
10 88 62.106 -39.84
10 89 62.2673 -39.2662
10 90 62.4249 -38.6907
10 91 62.5788 -38.1136
10 92 62.7291 -37.5353
10 93 62.8757 -36.9558
10 94 63.0186 -36.3754
10 95 63.1579 -35.7942
10 96 63.2936 -35.2125
10 97 63.4256 -34.6305
10 98 63.554 -34.0484
10 99 63.6788 -33.4663
10 100 63.8 -32.8846
10 101 63.9176 -32.3034
10 102 64.0318 -31.723
10 103 64.1424 -31.1435
10 104 64.2495 -30.5653
10 105 64.3532 -29.9886
10 106 64.4535 -29.4135
10 107 64.5504 -28.8403
10 108 64.6439 -28.2692
10 109 64.7342 -27.7006
10 110 64.8212 -27.1345
11 1 38.7746 -74.5982
11 2 39.1846 -74.2759
11 3 39.5622 -73.9707
11 4 39.9249 -73.6717
11 5 40.2787 -73.3752
11 6 40.6264 -73.0791
11 7 40.9697 -72.7826
11 8 41.3095 -72.485
11 9 41.6465 -72.1858
11 10 41.9809 -71.8848
11 11 42.3132 -71.5818
11 12 42.6434 -71.2765
11 13 42.9717 -70.9689
11 14 43.2982 -70.6588
11 15 43.0437 -70.8293
11 16 43.3834 -70.5095
11 17 43.7169 -70.1904
11 18 44.0449 -69.8717
11 19 44.3678 -69.553
11 20 44.6859 -69.2342
11 21 44.9996 -68.9151
11 22 45.309 -68.5956
11 23 45.6143 -68.2757
11 24 45.9156 -67.9553
11 25 46.2129 -67.6344
11 26 46.5063 -67.313
11 27 46.7959 -66.9913
11 28 47.0816 -66.6691
11 29 47.3635 -66.3467
11 30 47.6415 -66.0241
11 31 47.9156 -65.7013
11 32 48.1858 -65.3785
11 33 48.452 -65.0558
11 34 48.7143 -64.7333
11 35 48.9725 -64.4111
11 36 49.2267 -64.0894
11 37 49.4767 -63.7684
11 38 49.7226 -63.4481
11 39 49.9642 -63.1287
11 40 50.2016 -62.8105
11 41 50.4347 -62.4936
11 42 50.6634 -62.1781
11 43 50.8877 -61.8643
11 44 51.1076 -61.5523
11 45 51.5254 -60.7827
11 46 51.8242 -60.3478
11 47 52.1195 -59.9095
11 48 52.4113 -59.4678
11 49 52.6997 -59.0226
11 50 52.9846 -58.5739
11 51 53.2663 -58.1216
11 52 53.5446 -57.6656
11 53 53.8196 -57.2058
11 54 54.0913 -56.7423
11 55 54.3598 -56.275
11 56 54.6249 -55.8039
11 57 54.8868 -55.329
11 58 55.1455 -54.8501
11 59 55.4008 -54.3674
11 60 55.6529 -53.8809
11 61 55.9017 -53.3904
11 62 56.1471 -52.8961
11 63 56.3893 -52.398
11 64 56.6281 -51.896
11 65 56.8636 -51.3903
11 66 57.0957 -50.8808
11 67 57.3244 -50.3675
11 68 57.5497 -49.8506
11 69 57.7716 -49.3301
11 70 57.99 -48.8059
11 71 58.205 -48.2783
11 72 58.4165 -47.7473
11 73 58.6245 -47.2129
11 74 58.8289 -46.6753
11 75 59.0299 -46.1344
11 76 59.2273 -45.5905
11 77 59.4211 -45.0437
11 78 59.6114 -44.4939
11 79 59.798 -43.9414
11 80 59.981 -43.3863
11 81 60.1605 -42.8286
11 82 60.3363 -42.2686
11 83 60.5084 -41.7064
11 84 60.6769 -41.142
11 85 60.8418 -40.5758
11 86 61.003 -40.0077
11 87 61.1606 -39.4381
11 88 61.3145 -38.867
11 89 61.4647 -38.2946
11 90 61.6113 -37.7211
11 91 61.7542 -37.1467
11 92 61.8935 -36.5716
11 93 62.0292 -35.996
11 94 62.1613 -35.42
11 95 62.2897 -34.8438
11 96 62.4146 -34.2677
11 97 62.5359 -33.6919
11 98 62.6536 -33.1166
11 99 62.7678 -32.5419
11 100 62.8785 -31.9681
11 101 62.9858 -31.3955
11 102 63.0895 -30.8241
11 103 63.1899 -30.2543
11 104 63.2868 -29.6863
11 105 63.3804 -29.1202
11 106 63.4707 -28.5564
11 107 63.5577 -27.9949
11 108 63.6414 -27.4361
11 109 63.7219 -26.8801
11 110 63.7993 -26.3272
12 1 38.7488 -74.5508
12 2 39.1529 -74.216
12 3 39.5243 -73.8984
12 4 39.8807 -73.587
12 5 40.2281 -73.278
12 6 40.5693 -72.9694
12 7 40.9061 -72.6604
12 8 41.2393 -72.3502
12 9 41.5696 -72.0384
12 10 41.8973 -71.7248
12 11 42.2228 -71.409
12 12 42.5462 -71.091
12 13 42.8675 -70.7706
12 14 43.187 -70.4478
12 15 42.9284 -70.6142
12 16 43.2614 -70.2818
12 17 43.588 -69.9502
12 18 43.9091 -69.619
12 19 44.2251 -69.2878
12 20 44.5362 -68.9565
12 21 44.8429 -68.625
12 22 45.1452 -68.2931
12 23 45.4434 -67.9608
12 24 45.7375 -67.6281
12 25 46.0276 -67.2949
12 26 46.3139 -66.9614
12 27 46.5962 -66.6275
12 28 46.8746 -66.2932
12 29 47.1492 -65.9588
12 30 47.4199 -65.6242
12 31 47.6867 -65.2896
12 32 47.9495 -64.955
12 33 48.2084 -64.6207
12 34 48.4633 -64.2866
12 35 48.7142 -63.953
12 36 48.9609 -63.62
12 37 49.2036 -63.2878
12 38 49.4421 -62.9564
12 39 49.6764 -62.6262
12 40 49.9065 -62.2971
12 41 50.1322 -61.9696
12 42 50.3537 -61.6436
12 43 50.5707 -61.3195
12 44 50.7833 -60.9973
12 45 51.1674 -60.1837
12 46 51.4569 -59.7363
12 47 51.7429 -59.2857
12 48 52.0252 -58.8318
12 49 52.3041 -58.3746
12 50 52.5795 -57.914
12 51 52.8515 -57.45
12 52 53.1201 -56.9824
12 53 53.3853 -56.5113
12 54 53.6471 -56.0367
12 55 53.9056 -55.5584
12 56 54.1607 -55.0766
12 57 54.4125 -54.5911
12 58 54.661 -54.102
12 59 54.9061 -53.6093
12 60 55.1478 -53.113
12 61 55.3862 -52.6131
12 62 55.6213 -52.1096
12 63 55.8529 -51.6026
12 64 56.0812 -51.092
12 65 56.306 -50.578
12 66 56.5275 -50.0606
12 67 56.7455 -49.5398
12 68 56.96 -49.0157
12 69 57.1711 -48.4883
12 70 57.3787 -47.9578
12 71 57.5828 -47.4242
12 72 57.7834 -46.8876
12 73 57.9804 -46.348
12 74 58.1739 -45.8056
12 75 58.3639 -45.2605
12 76 58.5503 -44.7128
12 77 58.7331 -44.1626
12 78 58.9123 -43.61
12 79 59.0879 -43.0551
12 80 59.2599 -42.4981
12 81 59.4283 -41.9391
12 82 59.593 -41.3782
12 83 59.7541 -40.8157
12 84 59.9116 -40.2516
12 85 60.0655 -39.686
12 86 60.2157 -39.1193
12 87 60.3623 -38.5515
12 88 60.5053 -37.9827
12 89 60.6446 -37.4133
12 90 60.7803 -36.8433
12 91 60.9125 -36.273
12 92 61.041 -35.7024
12 93 61.166 -35.1319
12 94 61.2874 -34.5616
12 95 61.4052 -33.9917
12 96 61.5195 -33.4224
12 97 61.6304 -32.8539
12 98 61.7377 -32.2864
12 99 61.8416 -31.7201
12 100 61.9421 -31.1552
12 101 62.0391 -30.592
12 102 62.1328 -30.0305
12 103 62.2232 -29.4711
12 104 62.3102 -28.9139
12 105 62.394 -28.3591
12 106 62.4746 -27.807
12 107 62.5519 -27.2577
12 108 62.6262 -26.7115
12 109 62.6973 -26.1685
12 110 62.7654 -25.629
13 1 38.7216 -74.5046
13 2 39.1171 -74.1591
13 3 39.4846 -73.8277
13 4 39.8345 -73.5041
13 5 40.1752 -73.1829
13 6 40.5097 -72.8622
13 7 40.8397 -72.5409
13 8 41.166 -72.2184
13 9 41.4894 -71.8943
13 10 41.8101 -71.5684
13 11 42.1285 -71.2403
13 12 42.4447 -70.9099
13 13 42.7589 -70.5772
13 14 43.0711 -70.242
13 15 42.8079 -70.4047
13 16 43.1338 -70.0602
13 17 43.4534 -69.7164
13 18 43.7674 -69.3731
13 19 44.0761 -69.0299
13 20 44.38 -68.6866
13 21 44.6794 -68.343
13 22 44.9744 -67.9992
13 23 45.2652 -67.655
13 24 45.5519 -67.3105
13 25 45.8346 -66.9655
13 26 46.1134 -66.6203
13 27 46.3882 -66.2747
13 28 46.6591 -65.929
13 29 46.9262 -65.5831
13 30 47.1893 -65.2372
13 31 47.4485 -64.8913
13 32 47.7037 -64.5456
13 33 47.955 -64.2002
13 34 48.2023 -63.8552
13 35 48.4456 -63.5108
13 36 48.6848 -63.1671
13 37 48.9198 -62.8244
13 38 49.1508 -62.4827
13 39 49.3775 -62.1422
13 40 49.6 -61.8031
13 41 49.8182 -61.4656
13 42 50.0322 -61.1298
13 43 50.2417 -60.7961
13 44 50.4469 -60.4645
13 45 50.7954 -59.6105
13 46 51.0755 -59.1517
13 47 51.3519 -58.6898
13 48 51.6247 -58.2249
13 49 51.8939 -57.7567
13 50 52.1595 -57.2854
13 51 52.4216 -56.8107
13 52 52.6803 -56.3328
13 53 52.9355 -55.8515
13 54 53.1873 -55.3669
13 55 53.4356 -54.8789
13 56 53.6806 -54.3876
13 57 53.9221 -53.8929
13 58 54.1602 -53.3948
13 59 54.395 -52.8934
13 60 54.6263 -52.3886
13 61 54.8542 -51.8806
13 62 55.0787 -51.3693
13 63 55.2997 -50.8548
13 64 55.5174 -50.3371
13 65 55.7315 -49.8163
13 66 55.9422 -49.2924
13 67 56.1494 -48.7655
13 68 56.3532 -48.2357
13 69 56.5534 -47.703
13 70 56.7501 -47.1676
13 71 56.9433 -46.6295
13 72 57.133 -46.0887
13 73 57.3191 -45.5455
13 74 57.5017 -44.9999
13 75 57.6807 -44.452
13 76 57.8561 -43.902
13 77 58.0279 -43.3499
13 78 58.1961 -42.7959
13 79 58.3607 -42.2401
13 80 58.5218 -41.6827
13 81 58.6792 -41.1238
13 82 58.833 -40.5635
13 83 58.9832 -40.002
13 84 59.1298 -39.4395
13 85 59.2727 -38.8761
13 86 59.4121 -38.312
13 87 59.5479 -37.7473
13 88 59.6801 -37.1822
13 89 59.8087 -36.6169
13 90 59.9338 -36.0516
13 91 60.0553 -35.4864
13 92 60.1733 -34.9216
13 93 60.2877 -34.3573
13 94 60.3987 -33.7936
13 95 60.5062 -33.2309
13 96 60.6102 -32.6693
13 97 60.7108 -32.109
13 98 60.808 -31.5501
13 99 60.9018 -30.9929
13 100 60.9923 -30.4376
13 101 61.0795 -29.8843
13 102 61.1634 -29.3333
13 103 61.244 -28.7847
13 104 61.3215 -28.2388
13 105 61.3957 -27.6957
13 106 61.4669 -27.1556
13 107 61.535 -26.6187
13 108 61.6 -26.0853
13 109 61.662 -25.5554
13 110 61.7211 -25.0293
14 1 38.693 -74.4596
14 2 39.0823 -74.102
14 3 39.4431 -73.7586
14 4 39.7862 -73.4231
14 5 40.12 -73.09
14 6 40.4476 -72.7574
14 7 40.7705 -72.4242
14 8 41.0897 -72.0898
14 9 41.4059 -71.7538
14 10 41.7193 -71.4158
14 11 42.0304 -71.0757
14 12 42.3392 -70.7334
14 13 42.646 -70.3887
14 14 42.9507 -70.0415
14 15 42.6822 -70.2009
14 16 43.0009 -69.8447
14 17 43.3132 -69.4892
14 18 43.6198 -69.1342
14 19 43.9211 -68.7793
14 20 44.2176 -68.4244
14 21 44.5094 -68.0694
14 22 44.7968 -67.7141
14 23 45.08 -67.3585
14 24 45.3591 -67.0026
14 25 45.6341 -66.6465
14 26 45.9051 -66.2901
14 27 46.1722 -65.9335
14 28 46.4354 -65.5767
14 29 46.6946 -65.22
14 30 46.9499 -64.8632
14 31 47.2013 -64.5067
14 32 47.4488 -64.1505
14 33 47.6922 -63.7946
14 34 47.9317 -63.4394
14 35 48.1671 -63.0848
14 36 48.3985 -62.7312
14 37 48.6258 -62.3785
14 38 48.8489 -62.0271
14 39 49.0679 -61.677
14 40 49.2826 -61.3286
14 41 49.4931 -60.9818
14 42 49.6993 -60.637
14 43 49.9012 -60.2944
14 44 50.0987 -59.9541
14 45 50.4102 -59.0636
14 46 50.6807 -58.5943
14 47 50.9474 -58.1221
14 48 51.2103 -57.6471
14 49 51.4696 -57.169
14 50 51.7253 -56.6879
14 51 51.9775 -56.2038
14 52 52.226 -55.7166
14 53 52.4711 -55.2263
14 54 52.7127 -54.7328
14 55 52.9508 -54.2363
14 56 53.1854 -53.7367
14 57 53.4165 -53.2339
14 58 53.6442 -52.7281
14 59 53.8685 -52.2192
14 60 54.0893 -51.7073
14 61 54.3066 -51.1925
14 62 54.5204 -50.6747
14 63 54.7308 -50.154
14 64 54.9377 -49.6304
14 65 55.1412 -49.1041
14 66 55.3411 -48.5751
14 67 55.5375 -48.0435
14 68 55.7304 -47.5093
14 69 55.9198 -46.9727
14 70 56.1056 -46.4336
14 71 56.2879 -45.8923
14 72 56.4667 -45.3489
14 73 56.6419 -44.8033
14 74 56.8135 -44.2559
14 75 56.9816 -43.7065
14 76 57.146 -43.1555
14 77 57.3069 -42.6029
14 78 57.4643 -42.0488
14 79 57.618 -41.4934
14 80 57.7681 -40.9369
14 81 57.9147 -40.3793
14 82 58.0577 -39.8208
14 83 58.1971 -39.2616
14 84 58.3329 -38.7018
14 85 58.4652 -38.1416
14 86 58.5939 -37.5812
14 87 58.719 -37.0207
14 88 58.8406 -36.4603
14 89 58.9587 -35.9002
14 90 59.0733 -35.3405
14 91 59.1844 -34.7814
14 92 59.292 -34.2232
14 93 59.3962 -33.6659
14 94 59.4969 -33.1097
14 95 59.5942 -32.5549
14 96 59.6882 -32.0017
14 97 59.7788 -31.4501
14 98 59.8661 -30.9005
14 99 59.9501 -30.3529
14 100 60.0309 -29.8076
14 101 60.1084 -29.2647
14 102 60.1828 -28.7245
14 103 60.254 -28.1871
14 104 60.3221 -27.6527
14 105 60.3871 -27.1214
14 106 60.4491 -26.5935
14 107 60.5082 -26.0691
14 108 60.5643 -25.5485
14 109 60.6175 -25.0317
14 110 60.6679 -24.5189
15 1 38.663 -74.4158
15 2 39.0459 -74.0463
15 3 39.3999 -73.6913
15 4 39.736 -73.3441
15 5 40.0627 -72.9994
15 6 40.383 -72.6552
15 7 40.6986 -72.3104
15 8 41.0105 -71.9644
15 9 41.3192 -71.6168
15 10 41.6251 -71.2672
15 11 41.9286 -70.9156
15 12 42.2298 -70.5616
15 13 42.5288 -70.2053
15 14 42.8257 -69.8465
15 15 42.5516 -70.0031
15 16 42.8628 -69.6355
15 17 43.1676 -69.2688
15 18 43.4666 -68.9025
15 19 43.7602 -68.5364
15 20 44.049 -68.1704
15 21 44.333 -67.8043
15 22 44.6126 -67.4381
15 23 44.888 -67.0716
15 24 45.1592 -66.7049
15 25 45.4263 -66.338
15 26 45.6893 -65.971
15 27 45.9485 -65.6039
15 28 46.2036 -65.2367
15 29 46.4549 -64.8696
15 30 46.7022 -64.5027
15 31 46.9455 -64.1361
15 32 47.1849 -63.77
15 33 47.4204 -63.4043
15 34 47.6518 -63.0394
15 35 47.8792 -62.6754
15 36 48.1025 -62.3123
15 37 48.3218 -61.9505
15 38 48.5369 -61.59
15 39 48.7479 -61.2311
15 40 48.9547 -60.8739
15 41 49.1572 -60.5186
15 42 49.3555 -60.1655
15 43 49.5496 -59.8146
15 44 49.7393 -59.4664
15 45 50.0122 -58.5429
15 46 50.2729 -58.0641
15 47 50.5297 -57.5827
15 48 50.7827 -57.0985
15 49 51.032 -56.6115
15 50 51.2777 -56.1218
15 51 51.5196 -55.6292
15 52 51.758 -55.1337
15 53 51.9928 -54.6354
15 54 52.2241 -54.1343
15 55 52.4518 -53.6303
15 56 52.676 -53.1235
15 57 52.8967 -52.6139
15 58 53.1139 -52.1015
15 59 53.3275 -51.5863
15 60 53.5377 -51.0685
15 61 53.7444 -50.5479
15 62 53.9475 -50.0248
15 63 54.1472 -49.4991
15 64 54.3433 -48.971
15 65 54.536 -48.4404
15 66 54.7251 -47.9075
15 67 54.9107 -47.3724
15 68 55.0928 -46.835
15 69 55.2713 -46.2956
15 70 55.4463 -45.7543
15 71 55.6177 -45.211
15 72 55.7856 -44.666
15 73 55.9499 -44.1194
15 74 56.1107 -43.5712
15 75 56.2679 -43.0216
15 76 56.4215 -42.4708
15 77 56.5716 -41.9188
15 78 56.7181 -41.3658
15 79 56.861 -40.8119
15 80 57.0004 -40.2573
15 81 57.1362 -39.7021
15 82 57.2685 -39.1464
15 83 57.3972 -38.5905
15 84 57.5225 -38.0345
15 85 57.6441 -37.4785
15 86 57.7623 -36.9227
15 87 57.877 -36.3673
15 88 57.9882 -35.8125
15 89 58.0959 -35.2583
15 90 58.2002 -34.705
15 91 58.3011 -34.1527
15 92 58.3986 -33.6017
15 93 58.4927 -33.0521
15 94 58.5834 -32.504
15 95 58.6708 -31.9577
15 96 58.755 -31.4133
15 97 58.8358 -30.871
15 98 58.9135 -30.3309
15 99 58.9879 -29.7933
15 100 59.0592 -29.2584
15 101 59.1273 -28.7262
15 102 59.1924 -28.1969
15 103 59.2544 -27.6708
15 104 59.3134 -27.148
15 105 59.3695 -26.6287
15 106 59.4226 -26.113
15 107 59.4729 -25.601
15 108 59.5203 -25.0931
15 109 59.565 -24.5892
15 110 59.6069 -24.0896
