16 75 2999 31556736
0 0.000000 180 45
0 1 -68.2968 78.5615
0 2 -67.9865 79.5664
0 3 -67.6849 80.4461
0 4 -67.3857 81.2586
0 5 -67.0877 82.0212
0 6 -66.788 82.7544
0 7 -66.4869 83.4594
0 8 -66.1844 84.14
0 9 -65.8802 84.7989
0 10 -65.5744 85.4379
0 11 -65.2669 86.0584
0 12 -64.9578 86.6616
0 13 -64.6472 87.2485
0 14 -64.335 87.8198
0 15 -64.4338 87.0143
0 16 -64.1181 87.6283
0 17 -63.8034 88.2156
0 18 -63.4897 88.7788
0 19 -63.1769 89.3201
0 20 -62.865 89.8413
0 21 -62.5541 90.3439
0 22 -62.2442 90.8291
0 23 -61.9352 91.2979
0 24 -61.6274 91.7513
0 25 -61.3208 92.1901
0 26 -61.0155 92.6149
0 27 -60.7117 93.0263
0 28 -60.4093 93.425
0 29 -60.1086 93.8113
0 30 -59.8096 94.1858
0 31 -59.5125 94.5488
0 32 -59.2174 94.9007
0 33 -58.9245 95.2419
0 34 -58.6337 95.5727
0 35 -58.3454 95.8934
0 36 -58.0595 96.2042
0 37 -57.7763 96.5054
0 38 -57.4957 96.7972
0 39 -57.2181 97.0798
0 40 -56.9434 97.3536
0 41 -56.6719 97.6185
0 42 -56.4035 97.8749
0 43 -56.1385 98.1229
0 44 -55.8769 98.3627
0 45 -55.1501 98.3132
0 46 -54.8002 98.6622
0 47 -54.4512 99.0018
0 48 -54.1029 99.3325
0 49 -53.7555 99.6547
0 50 -53.409 99.9687
0 51 -53.0632 100.275
0 52 -52.7183 100.574
0 53 -52.3743 100.865
0 54 -52.0311 101.15
0 55 -51.6888 101.428
0 56 -51.3474 101.699
0 57 -51.007 101.965
0 58 -50.6675 102.224
0 59 -50.329 102.478
0 60 -49.9915 102.726
0 61 -49.6551 102.969
0 62 -49.3197 103.207
0 63 -48.9854 103.439
0 64 -48.6522 103.667
0 65 -48.3202 103.89
0 66 -47.9894 104.108
0 67 -47.6598 104.321
0 68 -47.3314 104.53
0 69 -47.0043 104.735
0 70 -46.6786 104.936
0 71 -46.3541 105.133
0 72 -46.0311 105.325
0 73 -45.7095 105.514
0 74 -45.3893 105.699
0 75 -45.0706 105.88
1 1 -68.3593 78.7581
1 2 -68.0657 79.7938
1 3 -67.7796 80.7101
1 4 -67.4955 81.5611
1 5 -67.2118 82.3634
1 6 -66.9262 83.1361
1 7 -66.6388 83.8806
1 8 -66.3496 84.6007
1 9 -66.0584 85.2987
1 10 -65.7651 85.9766
1 11 -65.4699 86.6355
1 12 -65.1728 87.2768
1 13 -64.8737 87.9012
1 14 -64.5729 88.5095
1 15 -64.676 87.7473
1 16 -64.3711 88.3946
1 17 -64.0669 89.0148
1 18 -63.7634 89.6108
1 19 -63.4605 90.1845
1 20 -63.1583 90.7377
1 21 -62.8567 91.2719
1 22 -62.5559 91.7882
1 23 -62.2558 92.2877
1 24 -61.9566 92.7712
1 25 -61.6584 93.2395
1 26 -61.3612 93.6934
1 27 -61.0653 94.1333
1 28 -60.7706 94.5599
1 29 -60.4774 94.9736
1 30 -60.1857 95.3749
1 31 -59.8957 95.7643
1 32 -59.6076 96.142
1 33 -59.3213 96.5084
1 34 -59.0372 96.8639
1 35 -58.7552 97.2087
1 36 -58.4755 97.5432
1 37 -58.1983 97.8676
1 38 -57.9237 98.1821
1 39 -57.6518 98.4869
1 40 -57.3827 98.7824
1 41 -57.1165 99.0686
1 42 -56.8535 99.3458
1 43 -56.5936 99.6141
1 44 -56.3371 99.8738
1 45 -55.636 99.9538
1 46 -55.2917 100.323
1 47 -54.9482 100.683
1 48 -54.6053 101.033
1 49 -54.2632 101.375
1 50 -53.9217 101.708
1 51 -53.581 102.033
1 52 -53.2411 102.351
1 53 -52.9019 102.661
1 54 -52.5635 102.964
1 55 -52.2258 103.26
1 56 -51.8891 103.549
1 57 -51.5531 103.832
1 58 -51.2181 104.109
1 59 -50.8839 104.379
1 60 -50.5507 104.644
1 61 -50.2184 104.903
1 62 -49.8871 105.157
1 63 -49.5569 105.406
1 64 -49.2277 105.649
1 65 -48.8996 105.887
1 66 -48.5726 106.121
1 67 -48.2467 106.349
1 68 -47.9221 106.573
1 69 -47.5987 106.793
1 70 -47.2765 107.008
1 71 -46.9556 107.219
1 72 -46.6361 107.426
1 73 -46.3179 107.628
1 74 -46.0011 107.827
1 75 -45.6857 108.021
2 1 -68.4258 78.939
2 2 -68.1493 80.006
2 3 -67.8796 80.9584
2 4 -67.6111 81.8471
2 5 -67.3419 82.6924
2 6 -67.0719 83.4997
2 7 -66.799 84.2832
2 8 -66.5238 85.0421
2 9 -66.2463 85.7788
2 10 -65.9664 86.4951
2 11 -65.6841 87.1923
2 12 -65.3996 87.8713
2 13 -65.113 88.5332
2 14 -64.8242 89.1785
2 15 -64.9326 88.454
2 16 -64.6391 89.135
2 17 -64.346 89.7888
2 18 -64.0533 90.418
2 19 -63.761 91.0247
2 20 -63.4689 91.6104
2 21 -63.1773 92.1767
2 22 -62.8861 92.7246
2 23 -62.5954 93.2551
2 24 -62.3054 93.7692
2 25 -62.016 94.2676
2 26 -61.7275 94.751
2 27 -61.44 95.2199
2 28 -61.1535 95.6749
2 29 -60.8683 96.1165
2 30 -60.5844 96.5452
2 31 -60.3019 96.9613
2 32 -60.0211 97.3652
2 33 -59.742 97.7574
2 34 -59.4648 98.138
2 35 -59.1896 98.5075
2 36 -58.9166 98.8661
2 37 -58.6458 99.214
2 38 -58.3774 99.5516
2 39 -58.1116 99.879
2 40 -57.8484 100.197
2 41 -57.5881 100.504
2 42 -57.3307 100.803
2 43 -57.0763 101.092
2 44 -56.8251 101.372
2 45 -56.1526 101.577
2 46 -55.8142 101.967
2 47 -55.4763 102.348
2 48 -55.1391 102.719
2 49 -54.8024 103.081
2 50 -54.4664 103.434
2 51 -54.131 103.779
2 52 -53.7962 104.116
2 53 -53.4621 104.445
2 54 -53.1287 104.766
2 55 -52.796 105.081
2 56 -52.464 105.388
2 57 -52.1328 105.689
2 58 -51.8024 105.983
2 59 -51.4727 106.271
2 60 -51.144 106.553
2 61 -50.8161 106.829
2 62 -50.4891 107.1
2 63 -50.1631 107.364
2 64 -49.8381 107.624
2 65 -49.5141 107.878
2 66 -49.1911 108.127
2 67 -48.8692 108.371
2 68 -48.5485 108.61
2 69 -48.2289 108.845
2 70 -47.9105 109.075
2 71 -47.5933 109.3
2 72 -47.2775 109.521
2 73 -46.9629 109.738
2 74 -46.6496 109.95
2 75 -46.3378 110.159
3 1 -68.4959 79.1044
3 2 -68.2371 80.2029
3 3 -67.9844 81.1905
3 4 -67.7324 82.1161
3 5 -67.4792 82.9988
3 6 -67.2246 83.8444
3 7 -66.9669 84.666
3 8 -66.7066 85.463
3 9 -66.4435 86.2379
3 10 -66.1777 86.9922
3 11 -65.9092 87.7272
3 12 -65.638 88.4438
3 13 -65.3644 89.143
3 14 -65.0883 89.8253
3 15 -65.2031 89.1333
3 16 -64.9216 89.8484
3 17 -64.6403 90.5363
3 18 -64.359 91.1992
3 19 -64.0777 91.8393
3 20 -63.7965 92.458
3 21 -63.5153 93.0568
3 22 -63.2343 93.6368
3 23 -62.9536 94.199
3 24 -62.6732 94.7442
3 25 -62.3933 95.2732
3 26 -62.1139 95.7866
3 27 -61.8353 96.285
3 28 -61.5575 96.769
3 29 -61.2807 97.239
3 30 -61.005 97.6955
3 31 -60.7306 98.1389
3 32 -60.4576 98.5696
3 33 -60.1861 98.9879
3 34 -59.9162 99.3942
3 35 -59.6482 99.7888
3 36 -59.3821 100.172
3 37 -59.1182 100.544
3 38 -58.8564 100.905
3 39 -58.5971 101.256
3 40 -58.3402 101.596
3 41 -58.086 101.926
3 42 -57.8345 102.245
3 43 -57.586 102.556
3 44 -57.3404 102.856
3 45 -56.6992 103.183
3 46 -56.3669 103.595
3 47 -56.0351 103.998
3 48 -55.7037 104.39
3 49 -55.3728 104.773
3 50 -55.0424 105.147
3 51 -54.7126 105.512
3 52 -54.3832 105.869
3 53 -54.0544 106.217
3 54 -53.7262 106.558
3 55 -53.3986 106.892
3 56 -53.0717 107.218
3 57 -52.7454 107.537
3 58 -52.4198 107.85
3 59 -52.0949 108.156
3 60 -51.7708 108.455
3 61 -51.4475 108.748
3 62 -51.1251 109.036
3 63 -50.8035 109.317
3 64 -50.4828 109.593
3 65 -50.1631 109.864
3 66 -49.8443 110.129
3 67 -49.5266 110.388
3 68 -49.2099 110.643
3 69 -48.8943 110.893
3 70 -48.5798 111.138
3 71 -48.2665 111.378
3 72 -47.9544 111.614
3 73 -47.6436 111.845
3 74 -47.3341 112.071
3 75 -47.0258 112.294
4 1 -68.5694 79.2546
4 2 -68.3289 80.3842
4 3 -68.0938 81.406
4 4 -67.8589 82.3671
4 5 -67.6224 83.2862
4 6 -67.3835 84.1727
4 7 -67.1424 85.0278
4 8 -66.8975 85.8623
4 9 -66.6496 86.6746
4 10 -66.3986 87.4664
4 11 -66.1445 88.2388
4 12 -65.8875 88.9927
4 13 -65.6276 89.7289
4 14 -65.3649 90.4481
4 15 -65.487 89.7838
4 16 -65.2181 90.5336
4 17 -64.9491 91.2558
4 18 -64.6798 91.953
4 19 -64.4102 92.6268
4 20 -64.1403 93.279
4 21 -63.8703 93.9109
4 22 -63.6 94.5235
4 23 -63.3298 95.1178
4 24 -63.0596 95.6946
4 25 -62.7896 96.2547
4 26 -62.52 96.7987
4 27 -62.2508 97.3272
4 28 -61.9821 97.8407
4 29 -61.7143 98.3397
4 30 -61.4472 98.8246
4 31 -61.1813 99.2959
4 32 -60.9164 99.7539
4 33 -60.6529 100.199
4 34 -60.3909 100.632
4 35 -60.1305 101.052
4 36 -59.8718 101.46
4 37 -59.615 101.857
4 38 -59.3603 102.242
4 39 -59.1077 102.616
4 40 -58.8575 102.979
4 41 -58.6097 103.331
4 42 -58.3646 103.673
4 43 -58.1221 104.005
4 44 -57.8826 104.327
4 45 -57.2753 104.772
4 46 -56.9494 105.208
4 47 -56.6238 105.633
4 48 -56.2986 106.047
4 49 -55.9738 106.452
4 50 -55.6493 106.847
4 51 -55.3252 107.233
4 52 -55.0015 107.611
4 53 -54.6783 107.98
4 54 -54.3555 108.341
4 55 -54.0332 108.694
4 56 -53.7115 109.039
4 57 -53.3903 109.378
4 58 -53.0698 109.709
4 59 -52.7499 110.033
4 60 -52.4306 110.351
4 61 -52.1121 110.662
4 62 -51.7943 110.966
4 63 -51.4773 111.265
4 64 -51.1611 111.558
4 65 -50.8458 111.845
4 66 -50.5314 112.126
4 67 -50.218 112.402
4 68 -49.9055 112.673
4 69 -49.5941 112.938
4 70 -49.2837 113.199
4 71 -48.9744 113.454
4 72 -48.6663 113.705
4 73 -48.3593 113.95
4 74 -48.0536 114.191
4 75 -47.7491 114.428
5 1 -68.646 79.3894
5 2 -68.4243 80.5494
5 3 -68.2075 81.6041
5 4 -67.9904 82.5995
5 5 -67.7714 83.5538
5 6 -67.5494 84.4759
5 7 -67.3242 85.371
5 8 -67.0963 86.2385
5 9 -66.8642 87.0876
5 10 -66.6287 87.9163
5 11 -66.3897 88.7256
5 12 -66.1475 89.5164
5 13 -65.902 90.2894
5 14 -65.6534 91.0453
5 15 -65.7837 90.404
5 16 -65.5281 91.1888
5 17 -65.272 91.9459
5 18 -65.0153 92.6776
5 19 -64.758 93.3857
5 20 -64.5001 94.0718
5 21 -64.2416 94.7372
5 22 -63.9827 95.3829
5 23 -63.7235 96.0098
5 24 -63.4641 96.6189
5 25 -63.2046 97.2106
5 26 -62.9451 97.7858
5 27 -62.6858 98.345
5 28 -62.4268 98.8886
5 29 -62.1683 99.4172
5 30 -61.9105 99.9311
5 31 -61.6534 100.431
5 32 -61.3972 100.917
5 33 -61.1421 101.389
5 34 -60.8883 101.849
5 35 -60.6359 102.295
5 36 -60.385 102.729
5 37 -60.1357 103.151
5 38 -59.8884 103.561
5 39 -59.643 103.959
5 40 -59.3997 104.346
5 41 -59.1588 104.721
5 42 -58.9203 105.086
5 43 -58.6843 105.439
5 44 -58.451 105.783
5 45 -57.8804 106.346
5 46 -57.5612 106.805
5 47 -57.2421 107.253
5 48 -56.9233 107.691
5 49 -56.6047 108.118
5 50 -56.2863 108.535
5 51 -55.9682 108.943
5 52 -55.6504 109.342
5 53 -55.333 109.732
5 54 -55.0159 110.114
5 55 -54.6991 110.487
5 56 -54.3828 110.853
5 57 -54.067 111.211
5 58 -53.7517 111.561
5 59 -53.4369 111.905
5 60 -53.1227 112.241
5 61 -52.8091 112.57
5 62 -52.4961 112.893
5 63 -52.1839 113.209
5 64 -51.8724 113.52
5 65 -51.5617 113.824
5 66 -51.2518 114.122
5 67 -50.9428 114.415
5 68 -50.6347 114.701
5 69 -50.3275 114.983
5 70 -50.0214 115.259
5 71 -49.7162 115.53
5 72 -49.4122 115.795
5 73 -49.1092 116.056
5 74 -48.8074 116.312
5 75 -48.5069 116.563
6 1 -68.7254 79.5086
6 2 -68.5231 80.6981
6 3 -68.3251 81.7843
6 4 -68.1266 82.8125
6 5 -67.9255 83.8004
6 6 -67.7213 84.757
6 7 -67.5133 85.6871
6 8 -67.3016 86.5937
6 9 -67.0868 87.4754
6 10 -66.8674 88.3402
6 11 -66.6443 89.1859
6 12 -66.4175 90.0131
6 13 -66.1871 90.8227
6 14 -65.9532 91.615
6 15 -66.0927 90.9923
6 16 -65.851 91.8124
6 17 -65.6085 92.6046
6 18 -65.3649 93.3712
6 19 -65.1205 94.1139
6 20 -64.8751 94.8344
6 21 -64.6288 95.5338
6 22 -64.3819 96.2131
6 23 -64.1342 96.8733
6 24 -63.8861 97.5151
6 25 -63.6375 98.1391
6 26 -63.3888 98.7461
6 27 -63.1399 99.3365
6 28 -62.891 99.911
6 29 -62.6424 100.47
6 30 -62.3942 101.013
6 31 -62.1464 101.542
6 32 -61.8994 102.057
6 33 -61.6531 102.558
6 34 -61.4079 103.044
6 35 -61.1639 103.518
6 36 -60.9211 103.978
6 37 -60.6799 104.426
6 38 -60.4402 104.861
6 39 -60.2024 105.284
6 40 -59.9665 105.695
6 41 -59.7326 106.094
6 42 -59.5011 106.482
6 43 -59.2719 106.858
6 44 -59.0452 107.223
6 45 -58.514 107.903
6 46 -58.2017 108.387
6 47 -57.8894 108.859
6 48 -57.5772 109.321
6 49 -57.2651 109.772
6 50 -56.9531 110.212
6 51 -56.6412 110.643
6 52 -56.3295 111.064
6 53 -56.018 111.476
6 54 -55.7068 111.879
6 55 -55.3958 112.274
6 56 -55.0851 112.66
6 57 -54.7748 113.038
6 58 -54.4649 113.409
6 59 -54.1554 113.771
6 60 -53.8464 114.127
6 61 -53.5379 114.475
6 62 -53.2299 114.817
6 63 -52.9226 115.151
6 64 -52.6159 115.479
6 65 -52.31 115.801
6 66 -52.0047 116.117
6 67 -51.7003 116.426
6 68 -51.3966 116.73
6 69 -51.0939 117.028
6 70 -50.792 117.32
6 71 -50.4912 117.607
6 72 -50.1913 117.888
6 73 -49.8925 118.164
6 74 -49.5948 118.435
6 75 -49.2982 118.701
7 1 -68.8075 79.6121
7 2 -68.625 80.8298
7 3 -68.4464 81.9459
7 4 -68.2669 83.0052
7 5 -68.0846 84.0252
7 6 -67.8986 85.0148
7 7 -67.7086 85.9786
7 8 -67.5145 86.9196
7 9 -67.3162 87.8396
7 10 -67.1143 88.7366
7 11 -66.9077 89.6179
7 12 -66.697 90.4811
7 13 -66.4824 91.3267
7 14 -66.2639 92.1553
7 15 -66.4135 91.5466
7 16 -66.1863 92.4022
7 17 -65.9579 93.2298
7 18 -65.7281 94.0317
7 19 -65.4971 94.8095
7 20 -65.2648 95.5648
7 21 -65.0313 96.2986
7 22 -64.7968 97.0121
7 23 -64.5613 97.706
7 24 -64.325 98.3812
7 25 -64.088 99.0381
7 26 -63.8504 99.6776
7 27 -63.6124 100.3
7 28 -63.3742 100.906
7 29 -63.136 101.496
7 30 -62.8978 102.07
7 31 -62.6598 102.629
7 32 -62.4223 103.173
7 33 -62.1854 103.702
7 34 -61.9492 104.217
7 35 -61.7139 104.718
7 36 -61.4797 105.206
7 37 -61.2468 105.68
7 38 -61.0153 106.141
7 39 -60.7853 106.59
7 40 -60.5571 107.026
7 41 -60.3308 107.449
7 42 -60.1065 107.861
7 43 -59.8844 108.26
7 44 -59.6646 108.648
7 45 -59.1756 109.443
7 46 -58.8705 109.953
7 47 -58.5653 110.451
7 48 -58.2599 110.938
7 49 -57.9545 111.413
7 50 -57.6491 111.878
7 51 -57.3437 112.332
7 52 -57.0383 112.777
7 53 -56.7329 113.211
7 54 -56.4277 113.637
7 55 -56.1226 114.053
7 56 -55.8178 114.461
7 57 -55.5131 114.86
7 58 -55.2088 115.251
7 59 -54.9047 115.634
7 60 -54.6011 116.01
7 61 -54.2978 116.378
7 62 -53.995 116.738
7 63 -53.6928 117.092
7 64 -53.391 117.439
7 65 -53.0899 117.779
7 66 -52.7894 118.112
7 67 -52.4897 118.439
7 68 -52.1906 118.76
7 69 -51.8924 119.075
7 70 -51.595 119.384
7 71 -51.2985 119.687
7 72 -51.0029 119.984
7 73 -50.7083 120.276
7 74 -50.4147 120.563
7 75 -50.1222 120.844
8 1 -68.8919 79.6994
8 2 -68.7297 80.944
8 3 -68.571 82.0882
8 4 -68.4111 83.1767
8 5 -68.248 84.2272
8 6 -68.081 85.2482
8 7 -67.9096 86.2443
8 8 -67.7337 87.2183
8 9 -67.5533 88.1721
8 10 -67.3682 89.1067
8 11 -67.1793 90.02
8 12 -66.9854 90.9184
8 13 -66.7872 91.7997
8 14 -66.5848 92.664
8 15 -66.7454 92.0649
8 16 -66.5333 92.9562
8 17 -66.3196 93.8195
8 18 -66.1042 94.6569
8 19 -65.8872 95.4701
8 20 -65.6686 96.2606
8 21 -65.4485 97.0294
8 22 -65.227 97.7775
8 23 -65.0042 98.5058
8 24 -64.7803 99.2149
8 25 -64.5553 99.9054
8 26 -64.3295 100.578
8 27 -64.1029 101.233
8 28 -63.8758 101.871
8 29 -63.6484 102.493
8 30 -63.4207 103.098
8 31 -63.1931 103.688
8 32 -62.9655 104.262
8 33 -62.7383 104.821
8 34 -62.5116 105.365
8 35 -62.2855 105.895
8 36 -62.0603 106.41
8 37 -61.836 106.912
8 38 -61.613 107.4
8 39 -61.3913 107.875
8 40 -61.1711 108.336
8 41 -60.9526 108.785
8 42 -60.7359 109.221
8 43 -60.5212 109.645
8 44 -60.3086 110.057
8 45 -59.8648 110.967
8 46 -59.5671 111.504
8 47 -59.2691 112.029
8 48 -58.9709 112.542
8 49 -58.6724 113.043
8 50 -58.3738 113.532
8 51 -58.075 114.011
8 52 -57.7761 114.48
8 53 -57.4771 114.938
8 54 -57.1781 115.387
8 55 -56.8791 115.826
8 56 -56.5802 116.257
8 57 -56.2814 116.678
8 58 -55.9828 117.09
8 59 -55.6843 117.495
8 60 -55.3862 117.891
8 61 -55.0883 118.279
8 62 -54.7908 118.66
8 63 -54.4937 119.033
8 64 -54.197 119.399
8 65 -53.9009 119.758
8 66 -53.6053 120.11
8 67 -53.3103 120.455
8 68 -53.016 120.793
8 69 -52.7224 121.126
8 70 -52.4295 121.452
8 71 -52.1374 121.772
8 72 -51.8462 122.086
8 73 -51.5559 122.394
8 74 -51.2666 122.696
8 75 -50.9782 122.993
9 1 -68.9785 79.7702
9 2 -68.8368 81.04
9 3 -68.6986 82.2105
9 4 -68.5588 83.3263
9 5 -68.4155 84.4053
9 6 -68.268 85.4559
9 7 -68.1158 86.4827
9 8 -67.9587 87.4884
9 9 -67.7968 88.4747
9 10 -67.6298 89.4426
9 11 -67.4581 90.3928
9 12 -67.2822 91.3231
9 13 -67.101 92.2393
9 14 -66.9153 93.1391
9 15 -67.0879 92.5447
9 16 -66.8914 93.4718
9 17 -66.693 94.3709
9 18 -66.4926 95.2442
9 19 -66.2902 96.0931
9 20 -66.0859 96.9192
9 21 -65.8798 97.7234
9 22 -65.6718 98.5068
9 23 -65.4623 99.27
9 24 -65.2512 100.014
9 25 -65.0388 100.739
9 26 -64.8253 101.445
9 27 -64.6107 102.134
9 28 -64.3952 102.805
9 29 -64.1791 103.459
9 30 -63.9624 104.096
9 31 -63.7455 104.717
9 32 -63.5284 105.323
9 33 -63.3113 105.912
9 34 -63.0945 106.486
9 35 -62.878 107.046
9 36 -62.6621 107.59
9 37 -62.447 108.12
9 38 -62.2328 108.636
9 39 -62.0197 109.138
9 40 -61.8079 109.626
9 41 -61.5975 110.101
9 42 -61.3887 110.562
9 43 -61.1818 111.011
9 44 -60.9768 111.447
9 45 -60.5812 112.474
9 46 -60.2911 113.04
9 47 -60.0006 113.592
9 48 -59.7097 114.132
9 49 -59.4184 114.66
9 50 -59.1267 115.176
9 51 -58.8347 115.681
9 52 -58.5425 116.175
9 53 -58.25 116.658
9 54 -57.9574 117.131
9 55 -57.6647 117.594
9 56 -57.3719 118.048
9 57 -57.0791 118.492
9 58 -56.7863 118.927
9 59 -56.4936 119.353
9 60 -56.2011 119.771
9 61 -55.9087 120.181
9 62 -55.6166 120.582
9 63 -55.3248 120.976
9 64 -55.0333 121.361
9 65 -54.7422 121.74
9 66 -54.4516 122.111
9 67 -54.1615 122.475
9 68 -53.8719 122.832
9 69 -53.583 123.182
9 70 -53.2948 123.526
9 71 -53.0072 123.864
9 72 -52.7204 124.195
9 73 -52.4345 124.52
9 74 -52.1494 124.839
9 75 -51.8653 125.152
10 1 -69.0669 79.8238
10 2 -68.9462 81.1174
10 3 -68.8287 82.312
10 4 -68.7095 83.4531
10 5 -68.5866 84.5586
10 6 -68.4591 85.6369
10 7 -68.3266 86.6926
10 8 -68.189 87.7284
10 9 -68.0461 88.7457
10 10 -67.8979 89.7456
10 11 -67.7445 90.7288
10 12 -67.586 91.6955
10 13 -67.4225 92.6462
10 14 -67.2547 93.5781
10 15 -67.4391 92.9885
10 16 -67.26 93.9465
10 17 -67.0775 94.8816
10 18 -66.8927 95.7908
10 19 -66.7055 96.6758
10 20 -66.516 97.5378
10 21 -66.3244 98.378
10 22 -66.1306 99.197
10 23 -65.9349 99.9957
10 24 -65.7373 100.775
10 25 -65.538 101.535
10 26 -65.3372 102.276
10 27 -65.1351 102.999
10 28 -64.9317 103.704
10 29 -64.7274 104.391
10 30 -64.5223 105.062
10 31 -64.3165 105.715
10 32 -64.1103 106.353
10 33 -63.9038 106.974
10 34 -63.6972 107.579
10 35 -63.4908 108.169
10 36 -63.2847 108.743
10 37 -63.079 109.302
10 38 -62.8741 109.847
10 39 -62.6699 110.377
10 40 -62.4669 110.893
10 41 -62.265 111.395
10 42 -62.0645 111.883
10 43 -61.8656 112.357
10 44 -61.6685 112.819
10 45 -61.3243 113.963
10 46 -61.0421 114.559
10 47 -60.7593 115.141
10 48 -60.4759 115.71
10 49 -60.1919 116.266
10 50 -59.9074 116.809
10 51 -59.6224 117.341
10 52 -59.337 117.862
10 53 -59.0513 118.371
10 54 -58.7652 118.87
10 55 -58.4789 119.358
10 56 -58.1924 119.836
10 57 -57.9057 120.304
10 58 -57.6189 120.763
10 59 -57.332 121.212
10 60 -57.0452 121.652
10 61 -56.7584 122.084
10 62 -56.4718 122.507
10 63 -56.1854 122.922
10 64 -55.8991 123.328
10 65 -55.6132 123.727
10 66 -55.3277 124.118
10 67 -55.0425 124.502
10 68 -54.7578 124.878
10 69 -54.4736 125.247
10 70 -54.1901 125.61
10 71 -53.9071 125.965
10 72 -53.6248 126.314
10 73 -53.3433 126.657
10 74 -53.0625 126.993
10 75 -52.7826 127.323
11 1 -69.157 79.8598
11 2 -69.0574 81.1755
11 3 -68.9611 82.392
11 4 -68.8628 83.5561
11 5 -68.7607 84.6858
11 6 -68.6537 85.7898
11 7 -68.5415 86.8726
11 8 -68.4238 87.9366
11 9 -68.3006 88.9835
11 10 -68.1717 90.014
11 11 -68.0373 91.0288
11 12 -67.8975 92.0281
11 13 -67.7523 93.0122
11 14 -67.6018 93.9811
11 15 -67.8009 93.3825
11 16 -67.6374 94.3815
11 17 -67.4713 95.3529
11 18 -67.3025 96.2985
11 19 -67.1323 97.215
11 20 -66.9582 98.1134
11 21 -66.7817 98.9898
11 22 -66.6026 99.8451
11 23 -66.4212 100.68
11 24 -66.2377 101.495
11 25 -66.0521 102.291
11 26 -65.8646 103.067
11 27 -65.6754 103.825
11 28 -65.4848 104.565
11 29 -65.2927 105.287
11 30 -65.0996 105.992
11 31 -64.9055 106.679
11 32 -64.7106 107.349
11 33 -64.5151 108.003
11 34 -64.3193 108.64
11 35 -64.1233 109.261
11 36 -63.9274 109.867
11 37 -63.7316 110.457
11 38 -63.5363 111.031
11 39 -63.3415 111.59
11 40 -63.1475 112.135
11 41 -62.9545 112.665
11 42 -62.7626 113.181
11 43 -62.5721 113.682
11 44 -62.3831 114.17
11 45 -62.0938 115.433
11 46 -61.8197 116.061
11 47 -61.5448 116.674
11 48 -61.2691 117.273
11 49 -60.9926 117.859
11 50 -60.7155 118.432
11 51 -60.4377 118.993
11 52 -60.1593 119.541
11 53 -59.8804 120.078
11 54 -59.601 120.603
11 55 -59.3212 121.117
11 56 -59.0411 121.621
11 57 -58.7606 122.115
11 58 -58.4799 122.598
11 59 -58.199 123.071
11 60 -57.918 123.535
11 61 -57.637 123.99
11 62 -57.3559 124.436
11 63 -57.0749 124.873
11 64 -56.794 125.301
11 65 -56.5133 125.721
11 66 -56.2329 126.133
11 67 -55.9527 126.537
11 68 -55.6729 126.934
11 69 -55.3936 127.323
11 70 -55.1147 127.704
11 71 -54.8363 128.079
11 72 -54.5586 128.446
11 73 -54.2814 128.807
11 74 -54.0051 129.161
11 75 -53.7294 129.508
12 1 -69.2484 79.8773
12 2 -69.1702 81.2135
12 3 -69.0953 82.4497
12 4 -69.0184 83.6344
12 5 -68.9375 84.7861
12 6 -68.8515 85.9135
12 7 -68.76 87.0211
12 8 -68.6627 88.1115
12 9 -68.5596 89.1861
12 10 -68.4507 90.2457
12 11 -68.3358 91.2907
12 12 -68.2152 92.3215
12 13 -68.0889 93.3379
12 14 -67.9569 94.3402
12 15 -68.1712 93.7295
12 16 -68.0251 94.7642
12 17 -67.876 95.7715
12 18 -67.7239 96.7535
12 19 -67.5688 97.7115
12 20 -67.4107 98.6467
12 21 -67.2509 99.5555
12 22 -67.0872 100.448
12 23 -66.9207 101.319
12 24 -66.7517 102.171
12 25 -66.5804 103.003
12 26 -66.4068 103.816
12 27 -66.2311 104.61
12 28 -66.0536 105.386
12 29 -65.8744 106.143
12 30 -65.6937 106.883
12 31 -65.5117 107.605
12 32 -65.3287 108.309
12 33 -65.1447 108.997
12 34 -64.9601 109.667
12 35 -64.775 110.321
12 36 -64.5896 110.959
12 37 -64.4041 111.58
12 38 -64.2188 112.186
12 39 -64.0337 112.776
12 40 -63.8492 113.351
12 41 -63.6654 113.91
12 42 -63.4825 114.454
12 43 -63.3007 114.984
12 44 -63.1202 115.5
12 45 -62.8894 116.884
12 46 -62.6236 117.545
12 47 -62.3568 118.191
12 48 -62.089 118.823
12 49 -61.8203 119.44
12 50 -61.5506 120.044
12 51 -61.2802 120.635
12 52 -61.009 121.213
12 53 -60.7371 121.778
12 54 -60.4645 122.332
12 55 -60.1913 122.874
12 56 -59.9177 123.405
12 57 -59.6435 123.925
12 58 -59.369 124.434
12 59 -59.0942 124.933
12 60 -58.8191 125.422
12 61 -58.5438 125.901
12 62 -58.2683 126.371
12 63 -57.9929 126.831
12 64 -57.7174 127.283
12 65 -57.4419 127.725
12 66 -57.1666 128.159
12 67 -56.8915 128.585
12 68 -56.6166 129.002
12 69 -56.3421 129.411
12 70 -56.0679 129.813
12 71 -55.7942 130.207
12 72 -55.521 130.594
12 73 -55.2483 130.973
12 74 -54.9763 131.346
12 75 -54.7049 131.712
13 1 -69.3411 79.8757
13 2 -69.2842 81.2309
13 3 -69.231 82.4844
13 4 -69.1758 83.6871
13 5 -69.1164 84.8582
13 6 -69.0517 86.0066
13 7 -68.9814 87.1369
13 8 -68.905 88.2515
13 9 -68.8226 89.3519
13 10 -68.734 90.4387
13 11 -68.6393 91.5125
13 12 -68.5384 92.5732
13 13 -68.4316 93.6208
13 14 -68.3187 94.6554
13 15 -68.5494 94.0259
13 16 -68.4212 95.0962
13 17 -68.2897 96.1394
13 18 -68.1549 97.1576
13 19 -68.0167 98.1522
13 20 -67.8752 99.1243
13 21 -67.7304 100.075
13 22 -67.5824 101.004
13 23 -67.4314 101.914
13 24 -67.2787 102.798
13 25 -67.1221 103.668
13 26 -66.9629 104.518
13 27 -66.8013 105.349
13 28 -66.6375 106.162
13 29 -66.4716 106.956
13 30 -66.3039 107.732
13 31 -66.1346 108.489
13 32 -65.9639 109.229
13 33 -65.7919 109.952
13 34 -65.6189 110.657
13 35 -65.4451 111.345
13 36 -65.2707 112.017
13 37 -65.096 112.671
13 38 -64.921 113.309
13 39 -64.7461 113.931
13 40 -64.5714 114.537
13 41 -64.3972 115.127
13 42 -64.2236 115.702
13 43 -64.0509 116.261
13 44 -63.8792 116.806
13 45 -63.711 118.314
13 46 -63.4537 119.011
13 47 -63.1952 119.692
13 48 -62.9354 120.358
13 49 -62.6746 121.009
13 50 -62.4126 121.645
13 51 -62.1496 122.268
13 52 -61.8857 122.878
13 53 -61.6209 123.474
13 54 -61.3552 124.058
13 55 -61.0888 124.63
13 56 -60.8217 125.189
13 57 -60.554 125.737
13 58 -60.2858 126.274
13 59 -60.017 126.8
13 60 -59.7479 127.315
13 61 -59.4784 127.82
13 62 -59.2086 128.315
13 63 -58.9387 128.8
13 64 -58.6686 129.275
13 65 -58.3985 129.741
13 66 -58.1283 130.198
13 67 -57.8582 130.646
13 68 -57.5883 131.086
13 69 -57.3186 131.517
13 70 -57.0492 131.939
13 71 -56.78 132.354
13 72 -56.5113 132.761
13 73 -56.2431 133.161
13 74 -55.9754 133.552
13 75 -55.7083 133.937
14 1 -69.4347 79.854
14 2 -69.3992 81.2267
14 3 -69.3679 82.4952
14 4 -69.3345 83.7134
14 5 -69.2969 84.9012
14 6 -69.2539 86.068
14 7 -69.2051 87.2184
14 8 -69.1501 88.3549
14 9 -69.0888 89.4789
14 10 -69.021 90.591
14 11 -68.9469 91.6916
14 12 -68.8664 92.7807
14 13 -68.7795 93.8582
14 14 -68.6863 94.9239
14 15 -68.9345 94.2682
14 16 -68.8248 95.3736
14 17 -68.7115 96.4525
14 18 -68.5945 97.5068
14 19 -68.4739 98.538
14 20 -68.3495 99.5472
14 21 -68.2216 100.535
14 22 -68.0901 101.502
14 23 -67.9551 102.449
14 24 -67.8169 103.377
14 25 -67.6756 104.284
14 26 -67.5313 105.173
14 27 -67.3841 106.042
14 28 -67.2358 106.889
14 29 -67.0838 107.72
14 30 -66.9296 108.534
14 31 -66.7734 109.329
14 32 -66.6155 110.106
14 33 -66.4559 110.865
14 34 -66.2951 111.606
14 35 -66.1331 112.33
14 36 -65.9701 113.036
14 37 -65.8065 113.725
14 38 -65.6424 114.398
14 39 -65.478 115.053
14 40 -65.3136 115.692
14 41 -65.1493 116.314
14 42 -64.9854 116.921
14 43 -64.8221 117.511
14 44 -64.6595 118.086
14 45 -64.5584 119.721
14 46 -64.3098 120.456
14 47 -64.0597 121.175
14 48 -63.8082 121.877
14 49 -63.5553 122.564
14 50 -63.3012 123.236
14 51 -63.0458 123.893
14 52 -62.7893 124.536
14 53 -62.5316 125.166
14 54 -62.273 125.781
14 55 -62.0134 126.384
14 56 -61.753 126.975
14 57 -61.4918 127.553
14 58 -61.2298 128.119
14 59 -60.9672 128.673
14 60 -60.7041 129.216
14 61 -60.4404 129.748
14 62 -60.1764 130.27
14 63 -59.912 130.781
14 64 -59.6473 131.282
14 65 -59.3825 131.773
14 66 -59.1175 132.254
14 67 -58.8524 132.726
14 68 -58.5874 133.189
14 69 -58.3225 133.642
14 70 -58.0578 134.087
14 71 -57.7933 134.524
14 72 -57.529 134.952
14 73 -57.2652 135.372
14 74 -57.0018 135.784
14 75 -56.7389 136.189
15 1 -69.5292 79.8109
15 2 -69.5149 81.2002
15 3 -69.5054 82.4813
15 4 -69.4941 83.7121
15 5 -69.4785 84.914
15 6 -69.4575 86.0964
15 7 -69.4305 87.2642
15 8 -69.3972 88.42
15 9 -69.3574 89.5652
15 10 -69.3109 90.7003
15 11 -69.2579 91.8258
15 12 -69.1981 92.9414
15 13 -69.1318 94.0472
15 14 -69.0589 95.1427
15 15 -69.326 94.4519
15 16 -69.2352 95.592
15 17 -69.1405 96.7063
15 18 -69.042 97.7966
15 19 -68.9394 98.8644
15 20 -68.8328 99.9106
15 21 -68.7222 100.936
15 22 -68.6078 101.941
15 23 -68.4896 102.927
15 24 -68.3677 103.893
15 25 -68.2423 104.839
15 26 -68.1135 105.767
15 27 -67.9816 106.676
15 28 -67.8467 107.565
15 29 -67.709 108.436
15 30 -67.5688 109.289
15 31 -67.4262 110.123
15 32 -67.2828 110.934
15 33 -67.1362 111.731
15 34 -66.988 112.51
15 35 -66.8382 113.271
15 36 -66.6872 114.014
15 37 -66.5352 114.74
15 38 -66.3823 115.448
15 39 -66.2289 116.138
15 40 -66.0751 116.812
15 41 -65.9212 117.468
15 42 -65.7673 118.108
15 43 -65.6138 118.732
15 44 -65.4608 119.339
15 45 -65.4317 121.104
15 46 -65.1919 121.881
15 47 -64.9504 122.64
15 48 -64.7073 123.381
15 49 -64.4626 124.107
15 50 -64.2163 124.816
15 51 -63.9686 125.51
15 52 -63.7196 126.189
15 53 -63.4693 126.853
15 54 -63.2177 127.504
15 55 -62.965 128.14
15 56 -62.7113 128.763
15 57 -62.4566 129.373
15 58 -62.201 129.97
15 59 -61.9446 130.555
15 60 -61.6874 131.128
15 61 -61.4296 131.689
15 62 -61.1713 132.239
15 63 -60.9124 132.778
15 64 -60.6531 133.306
15 65 -60.3935 133.823
15 66 -60.1337 134.33
15 67 -59.8737 134.827
15 68 -59.6135 135.315
15 69 -59.3534 135.793
15 70 -59.0933 136.261
15 71 -58.8333 136.721
15 72 -58.5735 137.171
15 73 -58.314 137.613
15 74 -58.0548 138.047
15 75 -57.796 138.473
