16 75 2999 31556736
0 0.000000 180 45
0 1 -44.0648 146.397
0 2 -44.549 146.16
0 3 -44.9733 145.921
0 4 -45.3738 145.68
0 5 -45.7614 145.435
0 6 -46.1408 145.188
0 7 -46.5145 144.937
0 8 -46.884 144.684
0 9 -47.25 144.427
0 10 -47.6133 144.167
0 11 -47.9742 143.904
0 12 -48.3329 143.638
0 13 -48.6896 143.368
0 14 -49.0445 143.095
0 15 -48.6876 143.008
0 16 -49.0632 142.738
0 17 -49.4311 142.466
0 18 -49.7924 142.19
0 19 -50.1476 141.912
0 20 -50.4972 141.631
0 21 -50.8417 141.347
0 22 -51.1814 141.061
0 23 -51.5164 140.772
0 24 -51.8469 140.481
0 25 -52.1731 140.187
0 26 -52.495 139.891
0 27 -52.8126 139.593
0 28 -53.1261 139.292
0 29 -53.4353 138.99
0 30 -53.7403 138.685
0 31 -54.0411 138.378
0 32 -54.3376 138.069
0 33 -54.6298 137.759
0 34 -54.9176 137.447
0 35 -55.2011 137.133
0 36 -55.4801 136.818
0 37 -55.7546 136.502
0 38 -56.0244 136.184
0 39 -56.2897 135.866
0 40 -56.5502 135.547
0 41 -56.8059 135.227
0 42 -57.0568 134.907
0 43 -57.3028 134.586
0 44 -57.5437 134.265
0 45 -57.8029 133.044
0 46 -58.1374 132.616
0 47 -58.4678 132.181
0 48 -58.7942 131.74
0 49 -59.1167 131.292
0 50 -59.4354 130.836
0 51 -59.7503 130.374
0 52 -60.0614 129.904
0 53 -60.3688 129.427
0 54 -60.6724 128.943
0 55 -60.9724 128.451
0 56 -61.2686 127.952
0 57 -61.5611 127.445
0 58 -61.8498 126.93
0 59 -62.1348 126.407
0 60 -62.416 125.876
0 61 -62.6934 125.338
0 62 -62.967 124.791
0 63 -63.2367 124.236
0 64 -63.5024 123.673
0 65 -63.7643 123.102
0 66 -64.0222 122.522
0 67 -64.276 121.934
0 68 -64.5258 121.338
0 69 -64.7714 120.734
0 70 -65.0129 120.121
0 71 -65.2502 119.5
0 72 -65.4833 118.871
0 73 -65.712 118.233
0 74 -65.9364 117.588
0 75 -66.1564 116.934
1 1 -44.1126 146.502
1 2 -44.5999 146.295
1 3 -45.031 146.086
1 4 -45.4396 145.875
1 5 -45.8358 145.661
1 6 -46.2241 145.444
1 7 -46.607 145.225
1 8 -46.9859 145.002
1 9 -47.3617 144.777
1 10 -47.7348 144.55
1 11 -48.1056 144.319
1 12 -48.4744 144.085
1 13 -48.8414 143.848
1 14 -49.2067 143.608
1 15 -48.8685 143.531
1 16 -49.2534 143.294
1 17 -49.6309 143.054
1 18 -50.0021 142.811
1 19 -50.3674 142.566
1 20 -50.7274 142.319
1 21 -51.0824 142.069
1 22 -51.4328 141.816
1 23 -51.7788 141.561
1 24 -52.1204 141.304
1 25 -52.4578 141.044
1 26 -52.791 140.782
1 27 -53.1202 140.518
1 28 -53.4452 140.252
1 29 -53.7662 139.983
1 30 -54.0831 139.713
1 31 -54.3958 139.44
1 32 -54.7044 139.166
1 33 -55.0089 138.89
1 34 -55.309 138.612
1 35 -55.6048 138.333
1 36 -55.8963 138.052
1 37 -56.1833 137.77
1 38 -56.4659 137.486
1 39 -56.7438 137.202
1 40 -57.0171 136.916
1 41 -57.2857 136.629
1 42 -57.5495 136.342
1 43 -57.8084 136.054
1 44 -58.0624 135.766
1 45 -58.4028 134.66
1 46 -58.753 134.273
1 47 -59.0995 133.88
1 48 -59.4424 133.481
1 49 -59.7816 133.074
1 50 -60.1173 132.661
1 51 -60.4496 132.24
1 52 -60.7784 131.812
1 53 -61.1038 131.377
1 54 -61.4257 130.934
1 55 -61.7442 130.484
1 56 -62.0594 130.026
1 57 -62.3711 129.559
1 58 -62.6794 129.085
1 59 -62.9842 128.602
1 60 -63.2855 128.112
1 61 -63.5834 127.612
1 62 -63.8777 127.104
1 63 -64.1684 126.588
1 64 -64.4556 126.062
1 65 -64.7391 125.528
1 66 -65.0189 124.984
1 67 -65.2949 124.431
1 68 -65.5672 123.869
1 69 -65.8357 123.298
1 70 -66.1003 122.717
1 71 -66.3609 122.127
1 72 -66.6175 121.528
1 73 -66.8701 120.918
1 74 -67.1186 120.299
1 75 -67.363 119.671
2 1 -44.1529 146.61
2 2 -44.6434 146.433
2 3 -45.0806 146.255
2 4 -45.4962 146.075
2 5 -45.8998 145.892
2 6 -46.2959 145.707
2 7 -46.6869 145.52
2 8 -47.074 145.33
2 9 -47.4581 145.138
2 10 -47.8397 144.943
2 11 -48.2192 144.745
2 12 -48.5968 144.545
2 13 -48.9727 144.343
2 14 -49.3471 144.137
2 15 -49.0244 144.071
2 16 -49.4174 143.867
2 17 -49.8034 143.662
2 18 -50.1832 143.454
2 19 -50.5573 143.243
2 20 -50.9264 143.031
2 21 -51.2907 142.816
2 22 -51.6505 142.599
2 23 -52.0059 142.38
2 24 -52.3572 142.159
2 25 -52.7044 141.935
2 26 -53.0476 141.709
2 27 -53.3869 141.482
2 28 -53.7221 141.252
2 29 -54.0534 141.02
2 30 -54.3807 140.787
2 31 -54.704 140.551
2 32 -55.0233 140.314
2 33 -55.3384 140.075
2 34 -55.6494 139.835
2 35 -55.9562 139.592
2 36 -56.2587 139.349
2 37 -56.5568 139.104
2 38 -56.8505 138.857
2 39 -57.1397 138.61
2 40 -57.4243 138.361
2 41 -57.7043 138.112
2 42 -57.9795 137.861
2 43 -58.25 137.61
2 44 -58.5155 137.358
2 45 -58.9267 136.385
2 46 -59.2911 136.046
2 47 -59.6521 135.701
2 48 -60.0098 135.349
2 49 -60.3642 134.991
2 50 -60.7154 134.626
2 51 -61.0634 134.255
2 52 -61.4083 133.876
2 53 -61.7501 133.49
2 54 -62.0887 133.097
2 55 -62.4243 132.697
2 56 -62.7568 132.288
2 57 -63.0861 131.872
2 58 -63.4124 131.448
2 59 -63.7356 131.016
2 60 -64.0556 130.575
2 61 -64.3724 130.126
2 62 -64.686 129.668
2 63 -64.9964 129.201
2 64 -65.3036 128.725
2 65 -65.6074 128.239
2 66 -65.9079 127.745
2 67 -66.2049 127.24
2 68 -66.4986 126.726
2 69 -66.7887 126.202
2 70 -67.0753 125.668
2 71 -67.3583 125.124
2 72 -67.6376 124.569
2 73 -67.9132 124.003
2 74 -68.1851 123.427
2 75 -68.4531 122.84
3 1 -44.1861 146.72
3 2 -44.6796 146.574
3 3 -45.122 146.428
3 4 -45.5435 146.279
3 5 -45.9534 146.128
3 6 -46.3561 145.976
3 7 -46.7538 145.822
3 8 -47.1478 145.665
3 9 -47.5389 145.506
3 10 -47.9277 145.346
3 11 -48.3145 145.183
3 12 -48.6995 145.018
3 13 -49.083 144.85
3 14 -49.465 144.68
3 15 -49.1549 144.625
3 16 -49.5549 144.457
3 17 -49.948 144.287
3 18 -50.3351 144.114
3 19 -50.7168 143.94
3 20 -51.0935 143.764
3 21 -51.4656 143.586
3 22 -51.8334 143.407
3 23 -52.1969 143.225
3 24 -52.5564 143.041
3 25 -52.912 142.856
3 26 -53.2636 142.668
3 27 -53.6114 142.479
3 28 -53.9553 142.288
3 29 -54.2954 142.095
3 30 -54.6316 141.901
3 31 -54.9639 141.705
3 32 -55.2922 141.507
3 33 -55.6165 141.308
3 34 -55.9367 141.107
3 35 -56.2528 140.905
3 36 -56.5647 140.701
3 37 -56.8723 140.496
3 38 -57.1756 140.29
3 39 -57.4744 140.083
3 40 -57.7687 139.875
3 41 -58.0585 139.665
3 42 -58.3436 139.455
3 43 -58.6239 139.244
3 44 -58.8993 139.032
3 45 -59.3705 138.209
3 46 -59.7473 137.923
3 47 -60.121 137.631
3 48 -60.4916 137.334
3 49 -60.8593 137.031
3 50 -61.224 136.721
3 51 -61.5859 136.406
3 52 -61.9449 136.084
3 53 -62.301 135.755
3 54 -62.6544 135.42
3 55 -63.0051 135.077
3 56 -63.3529 134.728
3 57 -63.6979 134.371
3 58 -64.0402 134.007
3 59 -64.3797 133.635
3 60 -64.7164 133.255
3 61 -65.0502 132.867
3 62 -65.3812 132.47
3 63 -65.7093 132.065
3 64 -66.0345 131.652
3 65 -66.3567 131.229
3 66 -66.676 130.797
3 67 -66.9922 130.356
3 68 -67.3054 129.904
3 69 -67.6154 129.443
3 70 -67.9223 128.972
3 71 -68.2259 128.491
3 72 -68.5263 127.999
3 73 -68.8233 127.495
3 74 -69.117 126.981
3 75 -69.4072 126.456
4 1 -44.2123 146.831
4 2 -44.7085 146.718
4 3 -45.1551 146.603
4 4 -45.5814 146.487
4 5 -45.9965 146.369
4 6 -46.4044 146.25
4 7 -46.8076 146.129
4 8 -47.2071 146.006
4 9 -47.604 145.882
4 10 -47.9985 145.756
4 11 -48.3912 145.629
4 12 -48.7822 145.499
4 13 -49.1718 145.368
4 14 -49.56 145.235
4 15 -49.2598 145.191
4 16 -49.6653 145.059
4 17 -50.0642 144.926
4 18 -50.4573 144.791
4 19 -50.8451 144.654
4 20 -51.228 144.516
4 21 -51.6065 144.376
4 22 -51.9807 144.235
4 23 -52.3508 144.092
4 24 -52.717 143.947
4 25 -53.0793 143.801
4 26 -53.4378 143.654
4 27 -53.7926 143.505
4 28 -54.1435 143.354
4 29 -54.4908 143.202
4 30 -54.8342 143.049
4 31 -55.1737 142.894
4 32 -55.5094 142.738
4 33 -55.8412 142.581
4 34 -56.169 142.422
4 35 -56.4927 142.262
4 36 -56.8123 142.101
4 37 -57.1276 141.939
4 38 -57.4387 141.775
4 39 -57.7455 141.611
4 40 -58.0477 141.446
4 41 -58.3455 141.28
4 42 -58.6386 141.113
4 43 -58.9271 140.945
4 44 -59.2107 140.777
4 45 -59.7306 140.119
4 46 -60.1177 139.891
4 47 -60.5019 139.658
4 48 -60.8833 139.42
4 49 -61.262 139.177
4 50 -61.638 138.929
4 51 -62.0114 138.676
4 52 -62.3822 138.417
4 53 -62.7505 138.153
4 54 -63.1162 137.883
4 55 -63.4795 137.607
4 56 -63.8403 137.325
4 57 -64.1986 137.036
4 58 -64.5544 136.741
4 59 -64.9077 136.439
4 60 -65.2586 136.131
4 61 -65.6069 135.815
4 62 -65.9527 135.492
4 63 -66.296 135.161
4 64 -66.6367 134.822
4 65 -66.9748 134.476
4 66 -67.3102 134.121
4 67 -67.643 133.757
4 68 -67.9731 133.385
4 69 -68.3005 133.003
4 70 -68.6251 132.612
4 71 -68.9469 132.212
4 72 -69.2658 131.801
4 73 -69.5818 131.38
4 74 -69.8948 130.949
4 75 -70.2048 130.507
5 1 -44.2319 146.944
5 2 -44.7302 146.863
5 3 -45.18 146.78
5 4 -45.61 146.697
5 5 -46.0288 146.613
5 6 -46.4408 146.527
5 7 -46.8481 146.44
5 8 -47.2518 146.352
5 9 -47.6529 146.263
5 10 -48.0519 146.173
5 11 -48.449 146.081
5 12 -48.8445 145.988
5 13 -49.2387 145.894
5 14 -49.6315 145.798
5 15 -49.3387 145.767
5 16 -49.7485 145.672
5 17 -50.1518 145.576
5 18 -50.5494 145.479
5 19 -50.9418 145.381
5 20 -51.3294 145.281
5 21 -51.7127 145.18
5 22 -52.0918 145.079
5 23 -52.4669 144.976
5 24 -52.8381 144.872
5 25 -53.2056 144.766
5 26 -53.5693 144.66
5 27 -53.9293 144.553
5 28 -54.2857 144.444
5 29 -54.6383 144.334
5 30 -54.9872 144.224
5 31 -55.3323 144.112
5 32 -55.6737 143.999
5 33 -56.0111 143.885
5 34 -56.3446 143.771
5 35 -56.6741 143.655
5 36 -56.9996 143.538
5 37 -57.3209 143.421
5 38 -57.6379 143.303
5 39 -57.9507 143.184
5 40 -58.2591 143.064
5 41 -58.563 142.943
5 42 -58.8623 142.822
5 43 -59.1569 142.701
5 44 -59.4468 142.578
5 45 -60.0037 142.099
5 46 -60.3987 141.932
5 47 -60.7911 141.763
5 48 -61.1808 141.589
5 49 -61.568 141.412
5 50 -61.9528 141.231
5 51 -62.3352 141.045
5 52 -62.7152 140.856
5 53 -63.0929 140.662
5 54 -63.4683 140.464
5 55 -63.8414 140.261
5 56 -64.2123 140.054
5 57 -64.581 139.841
5 58 -64.9475 139.624
5 59 -65.3117 139.401
5 60 -65.6737 139.173
5 61 -66.0335 138.939
5 62 -66.391 138.7
5 63 -66.7463 138.454
5 64 -67.0993 138.202
5 65 -67.45 137.944
5 66 -67.7984 137.679
5 67 -68.1445 137.408
5 68 -68.4882 137.129
5 69 -68.8295 136.843
5 70 -69.1685 136.549
5 71 -69.5049 136.247
5 72 -69.8389 135.937
5 73 -70.1704 135.619
5 74 -70.4993 135.291
5 75 -70.8256 134.955
6 1 -44.2449 147.058
6 2 -44.7446 147.009
6 3 -45.1966 146.96
6 4 -45.629 146.909
6 5 -46.0505 146.859
6 6 -46.4651 146.807
6 7 -46.8751 146.755
6 8 -47.2817 146.702
6 9 -47.6857 146.648
6 10 -48.0876 146.594
6 11 -48.4877 146.539
6 12 -48.8862 146.483
6 13 -49.2835 146.426
6 14 -49.6794 146.368
6 15 -49.3914 146.349
6 16 -49.8041 146.292
6 17 -50.2104 146.234
6 18 -50.6109 146.176
6 19 -51.0065 146.117
6 20 -51.3973 146.057
6 21 -51.7838 145.996
6 22 -52.1662 145.934
6 23 -52.5446 145.872
6 24 -52.9193 145.81
6 25 -53.2902 145.746
6 26 -53.6574 145.682
6 27 -54.021 145.617
6 28 -54.3809 145.551
6 29 -54.7372 145.485
6 30 -55.0898 145.418
6 31 -55.4387 145.351
6 32 -55.7838 145.283
6 33 -56.125 145.214
6 34 -56.4624 145.144
6 35 -56.7959 145.074
6 36 -57.1253 145.004
6 37 -57.4506 144.933
6 38 -57.7717 144.861
6 39 -58.0885 144.789
6 40 -58.401 144.716
6 41 -58.709 144.643
6 42 -59.0125 144.57
6 43 -59.3114 144.496
6 44 -59.6055 144.422
6 45 -60.1872 144.13
6 46 -60.5877 144.029
6 47 -60.9856 143.926
6 48 -61.381 143.82
6 49 -61.7741 143.712
6 50 -62.1648 143.602
6 51 -62.5533 143.489
6 52 -62.9396 143.373
6 53 -63.3238 143.255
6 54 -63.7058 143.134
6 55 -64.0857 143.01
6 56 -64.4636 142.883
6 57 -64.8394 142.753
6 58 -65.2132 142.619
6 59 -65.5849 142.483
6 60 -65.9547 142.343
6 61 -66.3224 142.199
6 62 -66.688 142.051
6 63 -67.0516 141.9
6 64 -67.4132 141.745
6 65 -67.7728 141.585
6 66 -68.1302 141.422
6 67 -68.4856 141.253
6 68 -68.8389 141.081
6 69 -69.19 140.903
6 70 -69.5391 140.72
6 71 -69.8859 140.532
6 72 -70.2306 140.339
6 73 -70.573 140.14
6 74 -70.9133 139.935
6 75 -71.2512 139.724
7 1 -44.2513 147.173
7 2 -44.7518 147.156
7 3 -45.2049 147.14
7 4 -45.6385 147.123
7 5 -46.0613 147.106
7 6 -46.4773 147.089
7 7 -46.8887 147.071
7 8 -47.2967 147.054
7 9 -47.7021 147.036
7 10 -48.1054 147.018
7 11 -48.507 146.999
7 12 -48.9071 146.981
7 13 -49.3059 146.962
7 14 -49.7034 146.942
7 15 -49.4178 146.936
7 16 -49.8319 146.917
7 17 -50.2397 146.898
7 18 -50.6418 146.878
7 19 -51.0389 146.858
7 20 -51.4313 146.838
7 21 -51.8194 146.818
7 22 -52.2034 146.797
7 23 -52.5836 146.777
7 24 -52.9599 146.756
7 25 -53.3326 146.734
7 26 -53.7015 146.713
7 27 -54.0669 146.691
7 28 -54.4287 146.669
7 29 -54.7868 146.647
7 30 -55.1412 146.625
7 31 -55.492 146.602
7 32 -55.839 146.579
7 33 -56.1822 146.556
7 34 -56.5216 146.533
7 35 -56.857 146.51
7 36 -57.1883 146.486
7 37 -57.5157 146.462
7 38 -57.8388 146.438
7 39 -58.1577 146.414
7 40 -58.4722 146.39
7 41 -58.7823 146.365
7 42 -59.0879 146.341
7 43 -59.3889 146.316
7 44 -59.6852 146.291
7 45 -60.2795 146.193
7 46 -60.6827 146.159
7 47 -61.0834 146.125
7 48 -61.4817 146.089
7 49 -61.8777 146.053
7 50 -62.2715 146.016
7 51 -62.6631 145.978
7 52 -63.0526 145.939
7 53 -63.44 145.899
7 54 -63.8254 145.858
7 55 -64.2088 145.817
7 56 -64.5902 145.774
7 57 -64.9697 145.73
7 58 -65.3472 145.685
7 59 -65.7228 145.639
7 60 -66.0965 145.592
7 61 -66.4682 145.543
7 62 -66.838 145.493
7 63 -67.206 145.442
7 64 -67.5719 145.39
7 65 -67.936 145.336
7 66 -68.2981 145.281
7 67 -68.6583 145.224
7 68 -69.0165 145.165
7 69 -69.3728 145.105
7 70 -69.727 145.043
7 71 -70.0793 144.979
7 72 -70.4295 144.913
7 73 -70.7776 144.845
7 74 -71.1238 144.775
7 75 -71.4678 144.704
8 1 -44.2513 147.287
8 2 -44.7518 147.304
8 3 -45.2049 147.32
8 4 -45.6385 147.337
8 5 -46.0613 147.354
8 6 -46.4773 147.371
8 7 -46.8887 147.389
8 8 -47.2967 147.406
8 9 -47.7021 147.424
8 10 -48.1054 147.442
8 11 -48.507 147.461
8 12 -48.9071 147.479
8 13 -49.3059 147.498
8 14 -49.7034 147.518
8 15 -49.4178 147.524
8 16 -49.8319 147.543
8 17 -50.2397 147.562
8 18 -50.6418 147.582
8 19 -51.0389 147.602
8 20 -51.4313 147.622
8 21 -51.8194 147.642
8 22 -52.2034 147.663
8 23 -52.5836 147.683
8 24 -52.9599 147.704
8 25 -53.3326 147.726
8 26 -53.7015 147.747
8 27 -54.0669 147.769
8 28 -54.4287 147.791
8 29 -54.7868 147.813
8 30 -55.1412 147.835
8 31 -55.492 147.858
8 32 -55.839 147.881
8 33 -56.1822 147.904
8 34 -56.5216 147.927
8 35 -56.857 147.95
8 36 -57.1883 147.974
8 37 -57.5157 147.998
8 38 -57.8388 148.022
8 39 -58.1577 148.046
8 40 -58.4722 148.07
8 41 -58.7823 148.095
8 42 -59.0879 148.119
8 43 -59.3889 148.144
8 44 -59.6852 148.169
8 45 -60.2795 148.267
8 46 -60.6827 148.301
8 47 -61.0834 148.335
8 48 -61.4817 148.371
8 49 -61.8777 148.407
8 50 -62.2715 148.444
8 51 -62.6631 148.482
8 52 -63.0526 148.521
8 53 -63.44 148.561
8 54 -63.8254 148.602
8 55 -64.2088 148.643
8 56 -64.5902 148.686
8 57 -64.9697 148.73
8 58 -65.3472 148.775
8 59 -65.7228 148.821
8 60 -66.0965 148.868
8 61 -66.4682 148.917
8 62 -66.838 148.967
8 63 -67.206 149.018
8 64 -67.5719 149.07
8 65 -67.936 149.124
8 66 -68.2981 149.179
8 67 -68.6583 149.236
8 68 -69.0165 149.295
8 69 -69.3728 149.355
8 70 -69.727 149.417
8 71 -70.0793 149.481
8 72 -70.4295 149.547
8 73 -70.7776 149.615
8 74 -71.1238 149.685
8 75 -71.4678 149.756
9 1 -44.2449 147.402
9 2 -44.7446 147.451
9 3 -45.1966 147.5
9 4 -45.629 147.551
9 5 -46.0505 147.601
9 6 -46.4651 147.653
9 7 -46.8751 147.705
9 8 -47.2817 147.758
9 9 -47.6857 147.812
9 10 -48.0876 147.866
9 11 -48.4877 147.921
9 12 -48.8862 147.977
9 13 -49.2835 148.034
9 14 -49.6794 148.092
9 15 -49.3914 148.111
9 16 -49.8041 148.168
9 17 -50.2104 148.226
9 18 -50.6109 148.284
9 19 -51.0065 148.343
9 20 -51.3973 148.403
9 21 -51.7838 148.464
9 22 -52.1662 148.526
9 23 -52.5446 148.588
9 24 -52.9193 148.65
9 25 -53.2902 148.714
9 26 -53.6574 148.778
9 27 -54.021 148.843
9 28 -54.3809 148.909
9 29 -54.7372 148.975
9 30 -55.0898 149.042
9 31 -55.4387 149.109
9 32 -55.7838 149.177
9 33 -56.125 149.246
9 34 -56.4624 149.316
9 35 -56.7959 149.386
9 36 -57.1253 149.456
9 37 -57.4506 149.527
9 38 -57.7717 149.599
9 39 -58.0885 149.671
9 40 -58.401 149.744
9 41 -58.709 149.817
9 42 -59.0125 149.89
9 43 -59.3114 149.964
9 44 -59.6055 150.038
9 45 -60.1872 150.33
9 46 -60.5877 150.431
9 47 -60.9856 150.534
9 48 -61.381 150.64
9 49 -61.7741 150.748
9 50 -62.1648 150.858
9 51 -62.5533 150.971
9 52 -62.9396 151.087
9 53 -63.3238 151.205
9 54 -63.7058 151.326
9 55 -64.0857 151.45
9 56 -64.4636 151.577
9 57 -64.8394 151.707
9 58 -65.2132 151.841
9 59 -65.5849 151.977
9 60 -65.9547 152.117
9 61 -66.3224 152.261
9 62 -66.688 152.409
9 63 -67.0516 152.56
9 64 -67.4132 152.715
9 65 -67.7728 152.875
9 66 -68.1302 153.038
9 67 -68.4856 153.207
9 68 -68.8389 153.379
9 69 -69.19 153.557
9 70 -69.5391 153.74
9 71 -69.8859 153.928
9 72 -70.2306 154.121
9 73 -70.573 154.32
9 74 -70.9133 154.525
9 75 -71.2512 154.736
10 1 -44.2319 147.516
10 2 -44.7302 147.597
10 3 -45.18 147.68
10 4 -45.61 147.763
10 5 -46.0288 147.847
10 6 -46.4408 147.933
10 7 -46.8481 148.02
10 8 -47.2518 148.108
10 9 -47.6529 148.197
10 10 -48.0519 148.287
10 11 -48.449 148.379
10 12 -48.8445 148.472
10 13 -49.2387 148.566
10 14 -49.6315 148.662
10 15 -49.3387 148.693
10 16 -49.7485 148.788
10 17 -50.1518 148.884
10 18 -50.5494 148.981
10 19 -50.9418 149.079
10 20 -51.3294 149.179
10 21 -51.7127 149.28
10 22 -52.0918 149.381
10 23 -52.4669 149.484
10 24 -52.8381 149.588
10 25 -53.2056 149.694
10 26 -53.5693 149.8
10 27 -53.9293 149.907
10 28 -54.2857 150.016
10 29 -54.6383 150.126
10 30 -54.9872 150.236
10 31 -55.3323 150.348
10 32 -55.6737 150.461
10 33 -56.0111 150.575
10 34 -56.3446 150.689
10 35 -56.6741 150.805
10 36 -56.9996 150.922
10 37 -57.3209 151.039
10 38 -57.6379 151.157
10 39 -57.9507 151.276
10 40 -58.2591 151.396
10 41 -58.563 151.517
10 42 -58.8623 151.638
10 43 -59.1569 151.759
10 44 -59.4468 151.882
10 45 -60.0037 152.361
10 46 -60.3987 152.528
10 47 -60.7911 152.697
10 48 -61.1808 152.871
10 49 -61.568 153.048
10 50 -61.9528 153.229
10 51 -62.3352 153.415
10 52 -62.7152 153.604
10 53 -63.0929 153.798
10 54 -63.4683 153.996
10 55 -63.8414 154.199
10 56 -64.2123 154.406
10 57 -64.581 154.619
10 58 -64.9475 154.836
10 59 -65.3117 155.059
10 60 -65.6737 155.287
10 61 -66.0335 155.521
10 62 -66.391 155.76
10 63 -66.7463 156.006
10 64 -67.0993 156.258
10 65 -67.45 156.516
10 66 -67.7984 156.781
10 67 -68.1445 157.052
10 68 -68.4882 157.331
10 69 -68.8295 157.617
10 70 -69.1685 157.911
10 71 -69.5049 158.213
10 72 -69.8389 158.523
10 73 -70.1704 158.841
10 74 -70.4993 159.169
10 75 -70.8256 159.505
11 1 -44.2123 147.629
11 2 -44.7085 147.742
11 3 -45.1551 147.857
11 4 -45.5814 147.973
11 5 -45.9965 148.091
11 6 -46.4044 148.21
11 7 -46.8076 148.331
11 8 -47.2071 148.454
11 9 -47.604 148.578
11 10 -47.9985 148.704
11 11 -48.3912 148.831
11 12 -48.7822 148.961
11 13 -49.1718 149.092
11 14 -49.56 149.225
11 15 -49.2598 149.269
11 16 -49.6653 149.401
11 17 -50.0642 149.534
11 18 -50.4573 149.669
11 19 -50.8451 149.806
11 20 -51.228 149.944
11 21 -51.6065 150.084
11 22 -51.9807 150.225
11 23 -52.3508 150.368
11 24 -52.717 150.513
11 25 -53.0793 150.659
11 26 -53.4378 150.806
11 27 -53.7926 150.955
11 28 -54.1435 151.106
11 29 -54.4908 151.258
11 30 -54.8342 151.411
11 31 -55.1737 151.566
11 32 -55.5094 151.722
11 33 -55.8412 151.879
11 34 -56.169 152.038
11 35 -56.4927 152.198
11 36 -56.8123 152.359
11 37 -57.1276 152.521
11 38 -57.4387 152.685
11 39 -57.7455 152.849
11 40 -58.0477 153.014
11 41 -58.3455 153.18
11 42 -58.6386 153.347
11 43 -58.9271 153.515
11 44 -59.2107 153.683
11 45 -59.7306 154.341
11 46 -60.1177 154.569
11 47 -60.5019 154.802
11 48 -60.8833 155.04
11 49 -61.262 155.283
11 50 -61.638 155.531
11 51 -62.0114 155.784
11 52 -62.3822 156.043
11 53 -62.7505 156.307
11 54 -63.1162 156.577
11 55 -63.4795 156.853
11 56 -63.8403 157.135
11 57 -64.1986 157.424
11 58 -64.5544 157.719
11 59 -64.9077 158.021
11 60 -65.2586 158.329
11 61 -65.6069 158.645
11 62 -65.9527 158.968
11 63 -66.296 159.299
11 64 -66.6367 159.638
11 65 -66.9748 159.984
11 66 -67.3102 160.339
11 67 -67.643 160.703
11 68 -67.9731 161.075
11 69 -68.3005 161.457
11 70 -68.6251 161.848
11 71 -68.9469 162.248
11 72 -69.2658 162.659
11 73 -69.5818 163.08
11 74 -69.8948 163.511
11 75 -70.2048 163.953
12 1 -44.1861 147.74
12 2 -44.6796 147.886
12 3 -45.122 148.032
12 4 -45.5435 148.181
12 5 -45.9534 148.332
12 6 -46.3561 148.484
12 7 -46.7538 148.638
12 8 -47.1478 148.795
12 9 -47.5389 148.954
12 10 -47.9277 149.114
12 11 -48.3145 149.277
12 12 -48.6995 149.442
12 13 -49.083 149.61
12 14 -49.465 149.78
12 15 -49.1549 149.835
12 16 -49.5549 150.003
12 17 -49.948 150.173
12 18 -50.3351 150.346
12 19 -50.7168 150.52
12 20 -51.0935 150.696
12 21 -51.4656 150.874
12 22 -51.8334 151.053
12 23 -52.1969 151.235
12 24 -52.5564 151.419
12 25 -52.912 151.604
12 26 -53.2636 151.792
12 27 -53.6114 151.981
12 28 -53.9553 152.172
12 29 -54.2954 152.365
12 30 -54.6316 152.559
12 31 -54.9639 152.755
12 32 -55.2922 152.953
12 33 -55.6165 153.152
12 34 -55.9367 153.353
12 35 -56.2528 153.555
12 36 -56.5647 153.759
12 37 -56.8723 153.964
12 38 -57.1756 154.17
12 39 -57.4744 154.377
12 40 -57.7687 154.585
12 41 -58.0585 154.795
12 42 -58.3436 155.005
12 43 -58.6239 155.216
12 44 -58.8993 155.428
12 45 -59.3705 156.251
12 46 -59.7473 156.537
12 47 -60.121 156.829
12 48 -60.4916 157.126
12 49 -60.8593 157.429
12 50 -61.224 157.739
12 51 -61.5859 158.054
12 52 -61.9449 158.376
12 53 -62.301 158.705
12 54 -62.6544 159.04
12 55 -63.0051 159.383
12 56 -63.3529 159.732
12 57 -63.6979 160.089
12 58 -64.0402 160.453
12 59 -64.3797 160.825
12 60 -64.7164 161.205
12 61 -65.0502 161.593
12 62 -65.3812 161.99
12 63 -65.7093 162.395
12 64 -66.0345 162.808
12 65 -66.3567 163.231
12 66 -66.676 163.663
12 67 -66.9922 164.104
12 68 -67.3054 164.556
12 69 -67.6154 165.017
12 70 -67.9223 165.488
12 71 -68.2259 165.969
12 72 -68.5263 166.461
12 73 -68.8233 166.965
12 74 -69.117 167.479
12 75 -69.4072 168.004
13 1 -44.1529 147.85
13 2 -44.6434 148.027
13 3 -45.0806 148.205
13 4 -45.4962 148.385
13 5 -45.8998 148.568
13 6 -46.2959 148.753
13 7 -46.6869 148.94
13 8 -47.074 149.13
13 9 -47.4581 149.322
13 10 -47.8397 149.517
13 11 -48.2192 149.715
13 12 -48.5968 149.915
13 13 -48.9727 150.117
13 14 -49.3471 150.323
13 15 -49.0244 150.389
13 16 -49.4174 150.593
13 17 -49.8034 150.798
13 18 -50.1832 151.006
13 19 -50.5573 151.217
13 20 -50.9264 151.429
13 21 -51.2907 151.644
13 22 -51.6505 151.861
13 23 -52.0059 152.08
13 24 -52.3572 152.301
13 25 -52.7044 152.525
13 26 -53.0476 152.751
13 27 -53.3869 152.978
13 28 -53.7221 153.208
13 29 -54.0534 153.44
13 30 -54.3807 153.673
13 31 -54.704 153.909
13 32 -55.0233 154.146
13 33 -55.3384 154.385
13 34 -55.6494 154.625
13 35 -55.9562 154.868
13 36 -56.2587 155.111
13 37 -56.5568 155.356
13 38 -56.8505 155.603
13 39 -57.1397 155.85
13 40 -57.4243 156.099
13 41 -57.7043 156.348
13 42 -57.9795 156.599
13 43 -58.25 156.85
13 44 -58.5155 157.102
13 45 -58.9267 158.075
13 46 -59.2911 158.414
13 47 -59.6521 158.759
13 48 -60.0098 159.111
13 49 -60.3642 159.469
13 50 -60.7154 159.834
13 51 -61.0634 160.205
13 52 -61.4083 160.584
13 53 -61.7501 160.97
13 54 -62.0887 161.363
13 55 -62.4243 161.763
13 56 -62.7568 162.172
13 57 -63.0861 162.588
13 58 -63.4124 163.012
13 59 -63.7356 163.444
13 60 -64.0556 163.885
13 61 -64.3724 164.334
13 62 -64.686 164.792
13 63 -64.9964 165.259
13 64 -65.3036 165.735
13 65 -65.6074 166.221
13 66 -65.9079 166.715
13 67 -66.2049 167.22
13 68 -66.4986 167.734
13 69 -66.7887 168.258
13 70 -67.0753 168.792
13 71 -67.3583 169.336
13 72 -67.6376 169.891
13 73 -67.9132 170.457
13 74 -68.1851 171.033
13 75 -68.4531 171.62
14 1 -44.1126 147.958
14 2 -44.5999 148.165
14 3 -45.031 148.374
14 4 -45.4396 148.585
14 5 -45.8358 148.799
14 6 -46.2241 149.016
14 7 -46.607 149.235
14 8 -46.9859 149.458
14 9 -47.3617 149.683
14 10 -47.7348 149.91
14 11 -48.1056 150.141
14 12 -48.4744 150.375
14 13 -48.8414 150.612
14 14 -49.2067 150.852
14 15 -48.8685 150.929
14 16 -49.2534 151.166
14 17 -49.6309 151.406
14 18 -50.0021 151.649
14 19 -50.3674 151.894
14 20 -50.7274 152.141
14 21 -51.0824 152.391
14 22 -51.4328 152.644
14 23 -51.7788 152.899
14 24 -52.1204 153.156
14 25 -52.4578 153.416
14 26 -52.791 153.678
14 27 -53.1202 153.942
14 28 -53.4452 154.208
14 29 -53.7662 154.477
14 30 -54.0831 154.747
14 31 -54.3958 155.02
14 32 -54.7044 155.294
14 33 -55.0089 155.57
14 34 -55.309 155.848
14 35 -55.6048 156.127
14 36 -55.8963 156.408
14 37 -56.1833 156.69
14 38 -56.4659 156.974
14 39 -56.7438 157.258
14 40 -57.0171 157.544
14 41 -57.2857 157.831
14 42 -57.5495 158.118
14 43 -57.8084 158.406
14 44 -58.0624 158.694
14 45 -58.4028 159.8
14 46 -58.753 160.187
14 47 -59.0995 160.58
14 48 -59.4424 160.979
14 49 -59.7816 161.386
14 50 -60.1173 161.799
14 51 -60.4496 162.22
14 52 -60.7784 162.648
14 53 -61.1038 163.083
14 54 -61.4257 163.526
14 55 -61.7442 163.976
14 56 -62.0594 164.434
14 57 -62.3711 164.901
14 58 -62.6794 165.375
14 59 -62.9842 165.858
14 60 -63.2855 166.348
14 61 -63.5834 166.848
14 62 -63.8777 167.356
14 63 -64.1684 167.872
14 64 -64.4556 168.398
14 65 -64.7391 168.932
14 66 -65.0189 169.476
14 67 -65.2949 170.029
14 68 -65.5672 170.591
14 69 -65.8357 171.162
14 70 -66.1003 171.743
14 71 -66.3609 172.333
14 72 -66.6175 172.932
14 73 -66.8701 173.542
14 74 -67.1186 174.161
14 75 -67.363 174.789
15 1 -44.0648 148.063
15 2 -44.549 148.3
15 3 -44.9733 148.539
15 4 -45.3738 148.78
15 5 -45.7614 149.025
15 6 -46.1408 149.272
15 7 -46.5145 149.523
15 8 -46.884 149.776
15 9 -47.25 150.033
15 10 -47.6133 150.293
15 11 -47.9742 150.556
15 12 -48.3329 150.822
15 13 -48.6896 151.092
15 14 -49.0445 151.365
15 15 -48.6876 151.452
15 16 -49.0632 151.722
15 17 -49.4311 151.994
15 18 -49.7924 152.27
15 19 -50.1476 152.548
15 20 -50.4972 152.829
15 21 -50.8417 153.113
15 22 -51.1814 153.399
15 23 -51.5164 153.688
15 24 -51.8469 153.979
15 25 -52.1731 154.273
15 26 -52.495 154.569
15 27 -52.8126 154.867
15 28 -53.1261 155.168
15 29 -53.4353 155.47
15 30 -53.7403 155.775
15 31 -54.0411 156.082
15 32 -54.3376 156.391
15 33 -54.6298 156.701
15 34 -54.9176 157.013
15 35 -55.2011 157.327
15 36 -55.4801 157.642
15 37 -55.7546 157.958
15 38 -56.0244 158.276
15 39 -56.2897 158.594
15 40 -56.5502 158.913
15 41 -56.8059 159.233
15 42 -57.0568 159.553
15 43 -57.3028 159.874
15 44 -57.5437 160.195
15 45 -57.8029 161.416
15 46 -58.1374 161.844
15 47 -58.4678 162.279
15 48 -58.7942 162.72
15 49 -59.1167 163.168
15 50 -59.4354 163.624
15 51 -59.7503 164.086
15 52 -60.0614 164.556
15 53 -60.3688 165.033
15 54 -60.6724 165.517
15 55 -60.9724 166.009
15 56 -61.2686 166.508
15 57 -61.5611 167.015
15 58 -61.8498 167.53
15 59 -62.1348 168.053
15 60 -62.416 168.584
15 61 -62.6934 169.122
15 62 -62.967 169.669
15 63 -63.2367 170.224
15 64 -63.5024 170.787
15 65 -63.7643 171.358
15 66 -64.0222 171.938
15 67 -64.276 172.526
15 68 -64.5258 173.122
15 69 -64.7714 173.726
15 70 -65.0129 174.339
15 71 -65.2502 174.96
15 72 -65.4833 175.589
15 73 -65.712 176.227
15 74 -65.9364 176.872
15 75 -66.1564 177.526
