22 110 2999 31556736
0 0.000000 180 45
0 1 39.9085 -99.4164
0 2 40.3837 -99.2058
0 3 40.8185 -99.045
0 4 41.2372 -98.903
0 5 41.647 -98.7705
0 6 42.0513 -98.6435
0 7 42.4517 -98.5196
0 8 42.8491 -98.3975
0 9 43.2443 -98.2764
0 10 43.6376 -98.1557
0 11 44.0294 -98.035
0 12 44.4197 -97.914
0 13 44.8087 -97.7925
0 14 45.1965 -97.6702
0 15 44.9797 -98.2004
0 16 45.3802 -98.0488
0 17 45.7748 -97.9022
0 18 46.1642 -97.7594
0 19 46.549 -97.6199
0 20 46.9295 -97.4829
0 21 47.306 -97.3481
0 22 47.6786 -97.2151
0 23 48.0476 -97.0836
0 24 48.4129 -96.9533
0 25 48.7748 -96.8243
0 26 49.1332 -96.6961
0 27 49.4881 -96.5689
0 28 49.8395 -96.4426
0 29 50.1874 -96.317
0 30 50.5317 -96.1921
0 31 50.8725 -96.0681
0 32 51.2096 -95.9447
0 33 51.5431 -95.8222
0 34 51.8728 -95.7005
0 35 52.1987 -95.5796
0 36 52.5207 -95.4597
0 37 52.8387 -95.3408
0 38 53.1528 -95.2229
0 39 53.4627 -95.1063
0 40 53.7684 -94.9909
0 41 54.0699 -94.8769
0 42 54.367 -94.7644
0 43 54.6597 -94.6535
0 44 54.9479 -94.5443
0 45 55.6849 -95.2798
0 46 56.0732 -95.0792
0 47 56.4589 -94.8781
0 48 56.8423 -94.6764
0 49 57.2234 -94.4738
0 50 57.6022 -94.2702
0 51 57.9788 -94.0653
0 52 58.3532 -93.8592
0 53 58.7256 -93.6515
0 54 59.0958 -93.4423
0 55 59.464 -93.2312
0 56 59.8302 -93.0183
0 57 60.1943 -92.8034
0 58 60.5564 -92.5864
0 59 60.9165 -92.3671
0 60 61.2745 -92.1455
0 61 61.6306 -91.9215
0 62 61.9847 -91.6949
0 63 62.3367 -91.4657
0 64 62.6867 -91.2338
0 65 63.0347 -90.999
0 66 63.3806 -90.7612
0 67 63.7245 -90.5205
0 68 64.0662 -90.2766
0 69 64.4059 -90.0296
0 70 64.7435 -89.7792
0 71 65.0789 -89.5254
0 72 65.4122 -89.2682
0 73 65.7433 -89.0074
0 74 66.0722 -88.743
0 75 66.3989 -88.4748
0 76 66.7233 -88.2029
0 77 67.0455 -87.927
0 78 67.3654 -87.6471
0 79 67.683 -87.3632
0 80 67.9982 -87.0751
0 81 68.3111 -86.7827
0 82 68.6216 -86.4861
0 83 68.9296 -86.1851
0 84 69.2353 -85.8795
0 85 69.5384 -85.5695
0 86 69.8391 -85.2547
0 87 70.1373 -84.9353
0 88 70.4329 -84.6111
0 89 70.726 -84.282
0 90 71.0164 -83.948
0 91 71.3043 -83.6091
0 92 71.5896 -83.265
0 93 71.8721 -82.9158
0 94 72.152 -82.5614
0 95 72.4292 -82.2017
0 96 72.7037 -81.8368
0 97 72.9755 -81.4664
0 98 73.2444 -81.0907
0 99 73.5106 -80.7094
0 100 73.774 -80.3227
0 101 74.0346 -79.9304
0 102 74.2924 -79.5325
0 103 74.5473 -79.1291
0 104 74.7993 -78.72
0 105 75.0484 -78.3052
0 106 75.2947 -77.8848
0 107 75.538 -77.4588
0 108 75.7785 -77.0271
0 109 76.016 -76.5898
0 110 76.2506 -76.1469
1 1 39.9059 -99.2803
1 2 40.3694 -99.0485
1 3 40.7963 -98.8613
1 4 41.2082 -98.691
1 5 41.6118 -98.5295
1 6 42.01 -98.3726
1 7 42.4044 -98.2184
1 8 42.7959 -98.0655
1 9 43.1852 -97.9132
1 10 43.5726 -97.7608
1 11 43.9584 -97.608
1 12 44.3428 -97.4546
1 13 44.7257 -97.3002
1 14 45.1075 -97.1447
1 15 44.9066 -97.6386
1 16 45.2998 -97.4558
1 17 45.6874 -97.2773
1 18 46.07 -97.1021
1 19 46.4481 -96.9297
1 20 46.8219 -96.7594
1 21 47.1918 -96.5908
1 22 47.5579 -96.4236
1 23 47.9203 -96.2575
1 24 48.2792 -96.0924
1 25 48.6346 -95.928
1 26 48.9865 -95.7643
1 27 49.335 -95.6012
1 28 49.68 -95.4387
1 29 50.0214 -95.2766
1 30 50.3594 -95.115
1 31 50.6937 -94.954
1 32 51.0245 -94.7934
1 33 51.3516 -94.6334
1 34 51.6749 -94.4739
1 35 51.9944 -94.3151
1 36 52.3101 -94.1571
1 37 52.6218 -93.9999
1 38 52.9295 -93.8435
1 39 53.2331 -93.6882
1 40 53.5326 -93.534
1 41 53.8279 -93.381
1 42 54.1188 -93.2294
1 43 54.4054 -93.0794
1 44 54.6875 -92.9309
1 45 55.4368 -93.4374
1 46 55.8151 -93.1867
1 47 56.1908 -92.9347
1 48 56.564 -92.6811
1 49 56.9349 -92.4258
1 50 57.3034 -92.1685
1 51 57.6697 -91.9091
1 52 58.0337 -91.6474
1 53 58.3955 -91.3833
1 54 58.7551 -91.1166
1 55 59.1125 -90.8472
1 56 59.4678 -90.5749
1 57 59.8209 -90.2996
1 58 60.1719 -90.0212
1 59 60.5207 -89.7396
1 60 60.8673 -89.4546
1 61 61.2118 -89.1661
1 62 61.5542 -88.8739
1 63 61.8943 -88.5781
1 64 62.2323 -88.2784
1 65 62.5681 -87.9748
1 66 62.9016 -87.6671
1 67 63.2329 -87.3553
1 68 63.562 -87.0392
1 69 63.8887 -86.7187
1 70 64.2132 -86.3937
1 71 64.5353 -86.0642
1 72 64.8551 -85.73
1 73 65.1725 -85.391
1 74 65.4874 -85.0471
1 75 65.8 -84.6982
1 76 66.1101 -84.3443
1 77 66.4177 -83.9851
1 78 66.7228 -83.6208
1 79 67.0254 -83.251
1 80 67.3253 -82.8759
1 81 67.6227 -82.4952
1 82 67.9175 -82.1088
1 83 68.2096 -81.7168
1 84 68.499 -81.319
1 85 68.7857 -80.9153
1 86 69.0697 -80.5056
1 87 69.3509 -80.09
1 88 69.6293 -79.6682
1 89 69.9048 -79.2403
1 90 70.1775 -78.8062
1 91 70.4474 -78.3658
1 92 70.7143 -77.9191
1 93 70.9783 -77.4659
1 94 71.2394 -77.0064
1 95 71.4975 -76.5404
1 96 71.7526 -76.0678
1 97 72.0046 -75.5888
1 98 72.2536 -75.1031
1 99 72.4996 -74.611
1 100 72.7425 -74.1122
1 101 72.9823 -73.6069
1 102 73.219 -73.095
1 103 73.4525 -72.5766
1 104 73.6829 -72.0516
1 105 73.9102 -71.5202
1 106 74.1343 -70.9824
1 107 74.3552 -70.4382
1 108 74.5729 -69.8877
1 109 74.7875 -69.3311
1 110 74.9988 -68.7683
2 1 39.8948 -99.1501
2 2 40.3468 -98.8957
2 3 40.7651 -98.6819
2 4 41.1693 -98.4837
2 5 41.5654 -98.2933
2 6 41.9563 -98.1071
2 7 42.3435 -97.923
2 8 42.7278 -97.7398
2 9 43.1099 -97.5568
2 10 43.49 -97.3735
2 11 43.8685 -97.1893
2 12 44.2455 -97.0041
2 13 44.621 -96.8177
2 14 44.9953 -96.6298
2 15 44.8067 -97.0911
2 16 45.1916 -96.8775
2 17 45.5709 -96.6678
2 18 45.9454 -96.461
2 19 46.3153 -96.2564
2 20 46.6811 -96.0536
2 21 47.043 -95.8521
2 22 47.4011 -95.6517
2 23 47.7556 -95.4522
2 24 48.1065 -95.2532
2 25 48.454 -95.0548
2 26 48.7979 -94.8568
2 27 49.1384 -94.6591
2 28 49.4754 -94.4617
2 29 49.8089 -94.2645
2 30 50.1388 -94.0677
2 31 50.4652 -93.8711
2 32 50.7879 -93.6749
2 33 51.1069 -93.479
2 34 51.4223 -93.2836
2 35 51.7338 -93.0887
2 36 52.0414 -92.8943
2 37 52.3451 -92.7007
2 38 52.6448 -92.5078
2 39 52.9405 -92.3158
2 40 53.232 -92.1249
2 41 53.5193 -91.9351
2 42 53.8024 -91.7467
2 43 54.0811 -91.5597
2 44 54.3554 -91.3743
2 45 55.1027 -91.667
2 46 55.469 -91.3695
2 47 55.8326 -91.0699
2 48 56.1937 -90.7681
2 49 56.5522 -90.4638
2 50 56.9084 -90.1569
2 51 57.2621 -89.8471
2 52 57.6134 -89.5343
2 53 57.9624 -89.2185
2 54 58.309 -88.8993
2 55 58.6534 -88.5767
2 56 58.9953 -88.2505
2 57 59.335 -87.9206
2 58 59.6724 -87.5869
2 59 60.0074 -87.2492
2 60 60.3401 -86.9075
2 61 60.6705 -86.5615
2 62 60.9985 -86.2112
2 63 61.3241 -85.8565
2 64 61.6474 -85.4973
2 65 61.9682 -85.1334
2 66 62.2867 -84.7647
2 67 62.6026 -84.3912
2 68 62.9161 -84.0128
2 69 63.2271 -83.6293
2 70 63.5356 -83.2407
2 71 63.8415 -82.8468
2 72 64.1448 -82.4476
2 73 64.4455 -82.043
2 74 64.7436 -81.6329
2 75 65.039 -81.2172
2 76 65.3317 -80.7959
2 77 65.6217 -80.3688
2 78 65.9089 -79.936
2 79 66.1934 -79.4973
2 80 66.475 -79.0526
2 81 66.7537 -78.602
2 82 67.0296 -78.1453
2 83 67.3026 -77.6825
2 84 67.5726 -77.2136
2 85 67.8396 -76.7385
2 86 68.1037 -76.2572
2 87 68.3647 -75.7697
2 88 68.6227 -75.2758
2 89 68.8775 -74.7757
2 90 69.1293 -74.2693
2 91 69.3779 -73.7566
2 92 69.6234 -73.2376
2 93 69.8657 -72.7123
2 94 70.1048 -72.1808
2 95 70.3406 -71.643
2 96 70.5732 -71.099
2 97 70.8026 -70.5489
2 98 71.0286 -69.9926
2 99 71.2514 -69.4304
2 100 71.4709 -68.8622
2 101 71.687 -68.2881
2 102 71.8998 -67.7083
2 103 72.1093 -67.1229
2 104 72.3154 -66.5319
2 105 72.5181 -65.9355
2 106 72.7175 -65.3339
2 107 72.9136 -64.7272
2 108 73.1062 -64.1156
2 109 73.2956 -63.4993
2 110 73.4815 -62.8785
3 1 39.8763 -99.0253
3 2 40.3166 -98.7476
3 3 40.7255 -98.5072
3 4 41.1208 -98.2814
3 5 41.5083 -98.0627
3 6 41.8906 -97.8477
3 7 42.2693 -97.6344
3 8 42.6451 -97.4217
3 9 43.0186 -97.2088
3 10 43.3902 -96.9951
3 11 43.76 -96.7804
3 12 44.1283 -96.5644
3 13 44.495 -96.3468
3 14 44.8604 -96.1274
3 15 44.6812 -96.5593
3 16 45.0564 -96.3159
3 17 45.4263 -96.0758
3 18 45.7913 -95.8382
3 19 46.1519 -95.6025
3 20 46.5083 -95.3683
3 21 46.8608 -95.1351
3 22 47.2095 -94.9028
3 23 47.5546 -94.671
3 24 47.8962 -94.4396
3 25 48.2342 -94.2085
3 26 48.5687 -93.9776
3 27 48.8997 -93.7468
3 28 49.2273 -93.5162
3 29 49.5512 -93.2857
3 30 49.8717 -93.0553
3 31 50.1885 -92.825
3 32 50.5017 -92.595
3 33 50.8112 -92.3652
3 34 51.1169 -92.1358
3 35 51.4189 -91.9067
3 36 51.717 -91.6782
3 37 52.0111 -91.4504
3 38 52.3012 -91.2232
3 39 52.5873 -90.997
3 40 52.8693 -90.7717
3 41 53.1471 -90.5477
3 42 53.4207 -90.3249
3 43 53.6899 -90.1036
3 44 53.9548 -89.884
3 45 54.6874 -89.9795
3 46 55.0399 -89.6389
3 47 55.3896 -89.2957
3 48 55.7366 -88.9498
3 49 56.0809 -88.6009
3 50 56.4227 -88.2489
3 51 56.7619 -87.8936
3 52 57.0986 -87.5349
3 53 57.4328 -87.1725
3 54 57.7644 -86.8065
3 55 58.0936 -86.4365
3 56 58.4202 -86.0626
3 57 58.7443 -85.6845
3 58 59.066 -85.3022
3 59 59.3851 -84.9155
3 60 59.7017 -84.5243
3 61 60.0158 -84.1286
3 62 60.3273 -83.7282
3 63 60.6362 -83.3231
3 64 60.9425 -82.9131
3 65 61.2462 -82.4981
3 66 61.5473 -82.0781
3 67 61.8457 -81.653
3 68 62.1414 -81.2227
3 69 62.4343 -80.7872
3 70 62.7246 -80.3463
3 71 63.012 -79.9
3 72 63.2966 -79.4483
3 73 63.5784 -78.9911
3 74 63.8574 -78.5283
3 75 64.1334 -78.0599
3 76 64.4065 -77.5859
3 77 64.6766 -77.1062
3 78 64.9438 -76.6207
3 79 65.2079 -76.1296
3 80 65.469 -75.6327
3 81 65.727 -75.1301
3 82 65.9818 -74.6216
3 83 66.2336 -74.1075
3 84 66.4821 -73.5875
3 85 66.7275 -73.0618
3 86 66.9697 -72.5304
3 87 67.2086 -71.9934
3 88 67.4442 -71.4506
3 89 67.6766 -70.9023
3 90 67.9056 -70.3484
3 91 68.1313 -69.7891
3 92 68.3537 -69.2243
3 93 68.5726 -68.6543
3 94 68.7882 -68.079
3 95 69.0004 -67.4985
3 96 69.2092 -66.9131
3 97 69.4146 -66.3228
3 98 69.6165 -65.7277
3 99 69.815 -65.128
3 100 70.01 -64.5238
3 101 70.2016 -63.9154
3 102 70.3897 -63.3028
3 103 70.5744 -62.6864
3 104 70.7557 -62.0661
3 105 70.9335 -61.4424
3 106 71.1078 -60.8154
3 107 71.2788 -60.1853
3 108 71.4464 -59.5523
3 109 71.6105 -58.9168
3 110 71.7713 -58.2789
4 1 39.8508 -98.9056
4 2 40.279 -98.6042
4 3 40.6775 -98.3377
4 4 41.0629 -98.0847
4 5 41.4406 -97.8384
4 6 41.8132 -97.5953
4 7 42.1822 -97.3536
4 8 42.5483 -97.1121
4 9 42.912 -96.8701
4 10 43.2736 -96.6272
4 11 43.6335 -96.383
4 12 43.9917 -96.1371
4 13 44.3483 -95.8894
4 14 44.7035 -95.6397
4 15 44.5309 -96.0451
4 16 44.8954 -95.7727
4 17 45.2545 -95.5033
4 18 45.6089 -95.2361
4 19 45.9588 -94.9705
4 20 46.3045 -94.7062
4 21 46.6463 -94.4427
4 22 46.9844 -94.1797
4 23 47.3187 -93.9172
4 24 47.6495 -93.6549
4 25 47.9768 -93.3927
4 26 48.3005 -93.1306
4 27 48.6206 -92.8686
4 28 48.9373 -92.6065
4 29 49.2504 -92.3445
4 30 49.5599 -92.0825
4 31 49.8658 -91.8206
4 32 50.168 -91.5588
4 33 50.4665 -91.2973
4 34 50.7612 -91.0361
4 35 51.0521 -90.7753
4 36 51.3392 -90.515
4 37 51.6223 -90.2554
4 38 51.9015 -89.9965
4 39 52.1766 -89.7386
4 40 52.4476 -89.4817
4 41 52.7144 -89.226
4 42 52.977 -88.9717
4 43 53.2354 -88.719
4 44 53.4894 -88.4681
4 45 54.196 -88.3839
4 46 54.533 -88.0044
4 47 54.8671 -87.6219
4 48 55.1984 -87.2365
4 49 55.5269 -86.8478
4 50 55.8526 -86.4557
4 51 56.1756 -86.06
4 52 56.4959 -85.6607
4 53 56.8135 -85.2576
4 54 57.1284 -84.8505
4 55 57.4406 -84.4394
4 56 57.7502 -84.0241
4 57 58.057 -83.6046
4 58 58.3612 -83.1806
4 59 58.6626 -82.7522
4 60 58.9614 -82.3193
4 61 59.2573 -81.8817
4 62 59.5506 -81.4394
4 63 59.841 -80.9924
4 64 60.1287 -80.5405
4 65 60.4135 -80.0837
4 66 60.6955 -79.6219
4 67 60.9746 -79.1552
4 68 61.2508 -78.6833
4 69 61.5241 -78.2065
4 70 61.7944 -77.7244
4 71 62.0617 -77.2373
4 72 62.3261 -76.745
4 73 62.5873 -76.2475
4 74 62.8456 -75.7448
4 75 63.1007 -75.2369
4 76 63.3527 -74.7238
4 77 63.6015 -74.2056
4 78 63.8471 -73.6821
4 79 64.0896 -73.1536
4 80 64.3288 -72.62
4 81 64.5647 -72.0813
4 82 64.7974 -71.5375
4 83 65.0267 -70.9889
4 84 65.2527 -70.4353
4 85 65.4754 -69.8769
4 86 65.6947 -69.3137
4 87 65.9106 -68.7459
4 88 66.123 -68.1735
4 89 66.3321 -67.5967
4 90 66.5377 -67.0155
4 91 66.7398 -66.4301
4 92 66.9385 -65.8406
4 93 67.1338 -65.2471
4 94 67.3255 -64.6499
4 95 67.5137 -64.049
4 96 67.6985 -63.4446
4 97 67.8798 -62.8369
4 98 68.0576 -62.2261
4 99 68.2319 -61.6124
4 100 68.4027 -60.996
4 101 68.5701 -60.3771
4 102 68.734 -59.7558
4 103 68.8944 -59.1326
4 104 69.0515 -58.5075
4 105 69.2051 -57.8808
4 106 69.3553 -57.2527
4 107 69.5022 -56.6236
4 108 69.6457 -55.9937
4 109 69.7859 -55.3632
4 110 69.9228 -54.7325
5 1 39.8188 -98.7911
5 2 40.2345 -98.4659
5 3 40.6216 -98.1737
5 4 40.9959 -97.8943
5 5 41.3628 -97.621
5 6 41.7245 -97.3507
5 7 42.0825 -97.0814
5 8 42.4376 -96.8122
5 9 42.7903 -96.5422
5 10 43.1409 -96.271
5 11 43.4895 -95.9983
5 12 43.8364 -95.7238
5 13 44.1816 -95.4472
5 14 44.5252 -95.1685
5 15 44.3568 -95.5501
5 16 44.7095 -95.2499
5 17 45.0567 -94.9524
5 18 45.3992 -94.6569
5 19 45.7372 -94.3628
5 20 46.071 -94.0697
5 21 46.4009 -93.7774
5 22 46.727 -93.4855
5 23 47.0494 -93.1939
5 24 47.3681 -92.9024
5 25 47.6832 -92.611
5 26 47.9948 -92.3195
5 27 48.3028 -92.0281
5 28 48.6073 -91.7366
5 29 48.9082 -91.4451
5 30 49.2054 -91.1537
5 31 49.499 -90.8623
5 32 49.789 -90.5711
5 33 50.0751 -90.2802
5 34 50.3576 -89.9897
5 35 50.6362 -89.6995
5 36 50.9109 -89.41
5 37 51.1817 -89.1213
5 38 51.4485 -88.8333
5 39 51.7113 -88.5465
5 40 51.97 -88.2608
5 41 52.2246 -87.9764
5 42 52.4749 -87.6936
5 43 52.7211 -87.4125
5 44 52.963 -87.1334
5 45 53.6335 -86.8876
5 46 53.9536 -86.4734
5 47 54.2707 -86.0563
5 48 54.5848 -85.636
5 49 54.896 -85.2124
5 50 55.2042 -84.7854
5 51 55.5096 -84.3548
5 52 55.812 -83.9205
5 53 56.1116 -83.4823
5 54 56.4084 -83.0403
5 55 56.7023 -82.5942
5 56 56.9933 -82.144
5 57 57.2814 -81.6896
5 58 57.5667 -81.231
5 59 57.8491 -80.7681
5 60 58.1285 -80.3008
5 61 58.4051 -79.8291
5 62 58.6787 -79.3528
5 63 58.9494 -78.8721
5 64 59.217 -78.3868
5 65 59.4817 -77.897
5 66 59.7433 -77.4025
5 67 60.0019 -76.9034
5 68 60.2574 -76.3997
5 69 60.5098 -75.8914
5 70 60.7591 -75.3785
5 71 61.0053 -74.861
5 72 61.2482 -74.3388
5 73 61.488 -73.8122
5 74 61.7245 -73.281
5 75 61.9578 -72.7453
5 76 62.1878 -72.2051
5 77 62.4145 -71.6606
5 78 62.6378 -71.1118
5 79 62.8579 -70.5587
5 80 63.0746 -70.0014
5 81 63.2878 -69.44
5 82 63.4977 -68.8746
5 83 63.7042 -68.3053
5 84 63.9072 -67.7322
5 85 64.1068 -67.1554
5 86 64.303 -66.5751
5 87 64.4956 -65.9913
5 88 64.6848 -65.4042
5 89 64.8705 -64.814
5 90 65.0528 -64.2208
5 91 65.2315 -63.6247
5 92 65.4067 -63.026
5 93 65.5785 -62.4248
5 94 65.7467 -61.8213
5 95 65.9115 -61.2156
5 96 66.0728 -60.608
5 97 66.2306 -59.9987
5 98 66.3849 -59.3879
5 99 66.5359 -58.7758
5 100 66.6834 -58.1627
5 101 66.8275 -57.5486
5 102 66.9682 -56.934
5 103 67.1055 -56.319
5 104 67.2396 -55.7038
5 105 67.3703 -55.0887
5 106 67.4977 -54.474
5 107 67.6219 -53.8599
5 108 67.7429 -53.2467
5 109 67.8608 -52.6345
5 110 67.9755 -52.0238
6 1 39.7808 -98.6816
6 2 40.1832 -98.3328
6 3 40.558 -98.0156
6 4 40.9203 -97.7106
6 5 41.2751 -97.4113
6 6 41.6248 -97.1147
6 7 41.9708 -96.8189
6 8 42.3138 -96.5229
6 9 42.6542 -96.2261
6 10 42.9924 -95.9278
6 11 43.3287 -95.6279
6 12 43.663 -95.326
6 13 43.9956 -95.0219
6 14 44.3264 -94.7155
6 15 44.1601 -95.0759
6 16 44.4997 -94.7492
6 17 44.834 -94.4249
6 18 45.1634 -94.1025
6 19 45.4884 -93.7815
6 20 45.8091 -93.4613
6 21 46.1259 -93.1418
6 22 46.4388 -92.8227
6 23 46.748 -92.5038
6 24 47.0535 -92.185
6 25 47.3553 -91.8662
6 26 47.6536 -91.5474
6 27 47.9482 -91.2287
6 28 48.2393 -90.9099
6 29 48.5267 -90.5912
6 30 48.8105 -90.2726
6 31 49.0906 -89.9541
6 32 49.367 -89.6359
6 33 49.6397 -89.3181
6 34 49.9086 -89.0007
6 35 50.1737 -88.6839
6 36 50.4349 -88.3678
6 37 50.6921 -88.0526
6 38 50.9455 -87.7385
6 39 51.1948 -87.4255
6 40 51.44 -87.114
6 41 51.6812 -86.8039
6 42 51.9182 -86.4957
6 43 52.151 -86.1893
6 44 52.3796 -85.8852
6 45 53.0052 -85.496
6 46 53.3073 -85.0517
6 47 53.6061 -84.6044
6 48 53.9019 -84.1541
6 49 54.1945 -83.7006
6 50 54.4841 -83.2437
6 51 54.7706 -82.7834
6 52 55.054 -82.3195
6 53 55.3345 -81.852
6 54 55.6119 -81.3808
6 55 55.8863 -80.9058
6 56 56.1576 -80.427
6 57 56.426 -79.9443
6 58 56.6912 -79.4576
6 59 56.9535 -78.967
6 60 57.2127 -78.4723
6 61 57.4688 -77.9736
6 62 57.7218 -77.4709
6 63 57.9717 -76.9641
6 64 58.2184 -76.4532
6 65 58.4621 -75.9383
6 66 58.7025 -75.4194
6 67 58.9398 -74.8964
6 68 59.1738 -74.3695
6 69 59.4046 -73.8386
6 70 59.6322 -73.3037
6 71 59.8564 -72.765
6 72 60.0774 -72.2225
6 73 60.2951 -71.6762
6 74 60.5094 -71.1262
6 75 60.7204 -70.5726
6 76 60.928 -70.0154
6 77 61.1323 -69.4548
6 78 61.3331 -68.8909
6 79 61.5305 -68.3237
6 80 61.7245 -67.7533
6 81 61.915 -67.18
6 82 62.1021 -66.6037
6 83 62.2857 -66.0247
6 84 62.4659 -65.443
6 85 62.6426 -64.8588
6 86 62.8158 -64.2723
6 87 62.9855 -63.6836
6 88 63.1518 -63.0929
6 89 63.3146 -62.5003
6 90 63.4739 -61.9061
6 91 63.6297 -61.3103
6 92 63.7821 -60.7133
6 93 63.9311 -60.1151
6 94 64.0766 -59.5159
6 95 64.2187 -58.9161
6 96 64.3574 -58.3157
6 97 64.4928 -57.715
6 98 64.6247 -57.1142
6 99 64.7534 -56.5135
6 100 64.8787 -55.9131
6 101 65.0008 -55.3133
6 102 65.1196 -54.7142
6 103 65.2352 -54.1162
6 104 65.3476 -53.5193
6 105 65.4569 -52.9239
6 106 65.5631 -52.3302
6 107 65.6662 -51.7384
6 108 65.7663 -51.1488
6 109 65.8634 -50.5615
6 110 65.9576 -49.9768
7 1 39.737 -98.5774
7 2 40.1254 -98.2055
7 3 40.487 -97.8639
7 4 40.8362 -97.5341
7 5 41.178 -97.2099
7 6 41.5146 -96.888
7 7 41.8474 -96.5669
7 8 42.1771 -96.2454
7 9 42.5042 -95.9228
7 10 42.829 -95.5988
7 11 43.1516 -95.273
7 12 43.4723 -94.9451
7 13 43.791 -94.615
7 14 44.108 -94.2824
7 15 43.9416 -94.624
7 16 44.2672 -94.2722
7 17 44.5874 -93.9227
7 18 44.9027 -93.575
7 19 45.2136 -93.2286
7 20 45.5202 -92.8831
7 21 45.8227 -92.5382
7 22 46.1213 -92.1936
7 23 46.4162 -91.8494
7 24 46.7073 -91.5052
7 25 46.9948 -91.1612
7 26 47.2786 -90.8172
7 27 47.5588 -90.4733
7 28 47.8353 -90.1295
7 29 48.1082 -89.7858
7 30 48.3774 -89.4424
7 31 48.643 -89.0993
7 32 48.9048 -88.7565
7 33 49.1629 -88.4143
7 34 49.4171 -88.0727
7 35 49.6676 -87.7319
7 36 49.9142 -87.3921
7 37 50.1569 -87.0533
7 38 50.3957 -86.7157
7 39 50.6304 -86.3797
7 40 50.8612 -86.0452
7 41 51.0879 -85.7125
7 42 51.3105 -85.3818
7 43 51.529 -85.0534
7 44 51.7434 -84.7273
7 45 52.3164 -84.213
7 46 52.5994 -83.7429
7 47 52.8791 -83.27
7 48 53.1554 -82.7943
7 49 53.4286 -82.3156
7 50 53.6985 -81.8339
7 51 53.9652 -81.3489
7 52 54.2287 -80.8608
7 53 54.4891 -80.3693
7 54 54.7463 -79.8745
7 55 55.0003 -79.3762
7 56 55.2512 -78.8746
7 57 55.4989 -78.3695
7 58 55.7434 -77.8609
7 59 55.9847 -77.3488
7 60 56.2229 -76.8332
7 61 56.4579 -76.3141
7 62 56.6896 -75.7915
7 63 56.9181 -75.2655
7 64 57.1434 -74.7361
7 65 57.3654 -74.2032
7 66 57.5841 -73.667
7 67 57.7996 -73.1275
7 68 58.0117 -72.5848
7 69 58.2205 -72.0388
7 70 58.426 -71.4897
7 71 58.6282 -70.9376
7 72 58.8269 -70.3825
7 73 59.0223 -69.8245
7 74 59.2143 -69.2637
7 75 59.4029 -68.7003
7 76 59.5881 -68.1343
7 77 59.7699 -67.5658
7 78 59.9482 -66.9949
7 79 60.1231 -66.4218
7 80 60.2946 -65.8467
7 81 60.4626 -65.2696
7 82 60.6272 -64.6907
7 83 60.7883 -64.1101
7 84 60.946 -63.528
7 85 61.1002 -62.9445
7 86 61.251 -62.3599
7 87 61.3984 -61.7742
7 88 61.5424 -61.1877
7 89 61.6829 -60.6005
7 90 61.8201 -60.0128
7 91 61.9539 -59.4248
7 92 62.0843 -58.8367
7 93 62.2114 -58.2486
7 94 62.3352 -57.6608
7 95 62.4557 -57.0735
7 96 62.5729 -56.4868
7 97 62.6868 -55.9009
7 98 62.7976 -55.3161
7 99 62.9051 -54.7326
7 100 63.0095 -54.1505
7 101 63.1108 -53.57
7 102 63.2091 -52.9915
7 103 63.3043 -52.415
7 104 63.3965 -51.8407
7 105 63.4857 -51.269
7 106 63.5721 -50.6999
7 107 63.6556 -50.1337
7 108 63.7363 -49.5706
7 109 63.8142 -49.0107
7 110 63.8894 -48.4544
8 1 39.6878 -98.4785
8 2 40.0615 -98.0841
8 3 40.409 -97.7191
8 4 40.7442 -97.3656
8 5 41.0718 -97.0174
8 6 41.3943 -96.6714
8 7 41.7129 -96.3261
8 8 42.0282 -95.9804
8 9 42.3409 -95.6335
8 10 42.6511 -95.2852
8 11 42.9591 -94.9349
8 12 43.265 -94.5825
8 13 43.5689 -94.2279
8 14 43.8708 -93.8708
8 15 43.7025 -94.1959
8 16 44.0131 -93.8205
8 17 44.3182 -93.4474
8 18 44.6185 -93.0761
8 19 44.9142 -92.7061
8 20 45.2056 -92.337
8 21 45.4929 -91.9685
8 22 45.7762 -91.6005
8 23 46.0557 -91.2329
8 24 46.3315 -90.8655
8 25 46.6035 -90.4983
8 26 46.8719 -90.1312
8 27 47.1365 -89.7644
8 28 47.3976 -89.3979
8 29 47.6549 -89.0317
8 30 47.9086 -88.6658
8 31 48.1585 -88.3005
8 32 48.4048 -87.9358
8 33 48.6473 -87.5718
8 34 48.886 -87.2087
8 35 49.1209 -86.8466
8 36 49.352 -86.4856
8 37 49.5792 -86.126
8 38 49.8025 -85.768
8 39 50.0219 -85.4116
8 40 50.2373 -85.0572
8 41 50.4487 -84.7048
8 42 50.656 -84.3548
8 43 50.8594 -84.0073
8 44 51.0586 -83.6625
8 45 51.5724 -83.0407
8 46 51.8355 -82.5491
8 47 52.0951 -82.0549
8 48 52.3514 -81.5583
8 49 52.6042 -81.059
8 50 52.8537 -80.557
8 51 53.0999 -80.0522
8 52 53.3428 -79.5447
8 53 53.5824 -79.0342
8 54 53.8187 -78.5209
8 55 54.0518 -78.0046
8 56 54.2816 -77.4855
8 57 54.5081 -76.9634
8 58 54.7313 -76.4384
8 59 54.9513 -75.9104
8 60 55.168 -75.3796
8 61 55.3813 -74.846
8 62 55.5914 -74.3095
8 63 55.7982 -73.7702
8 64 56.0016 -73.2282
8 65 56.2018 -72.6835
8 66 56.3986 -72.1362
8 67 56.592 -71.5864
8 68 56.7821 -71.0341
8 69 56.9688 -70.4794
8 70 57.1522 -69.9225
8 71 57.3321 -69.3633
8 72 57.5087 -68.802
8 73 57.6819 -68.2388
8 74 57.8517 -67.6737
8 75 58.0181 -67.1068
8 76 58.181 -66.5383
8 77 58.3406 -65.9682
8 78 58.4968 -65.3968
8 79 58.6495 -64.8241
8 80 58.7989 -64.2504
8 81 58.9448 -63.6757
8 82 59.0874 -63.1002
8 83 59.2266 -62.524
8 84 59.3624 -61.9474
8 85 59.4948 -61.3704
8 86 59.6239 -60.7932
8 87 59.7497 -60.2161
8 88 59.8722 -59.6391
8 89 59.9913 -59.0625
8 90 60.1072 -58.4864
8 91 60.2198 -57.911
8 92 60.3292 -57.3365
8 93 60.4354 -56.763
8 94 60.5384 -56.1908
8 95 60.6383 -55.62
8 96 60.7351 -55.0508
8 97 60.8288 -54.4833
8 98 60.9195 -53.9179
8 99 61.0071 -53.3546
8 100 61.0918 -52.7936
8 101 61.1736 -52.2351
8 102 61.2525 -51.6793
8 103 61.3286 -51.1264
8 104 61.4018 -50.5766
8 105 61.4724 -50.03
8 106 61.5402 -49.4867
8 107 61.6054 -48.9471
8 108 61.668 -48.4112
8 109 61.7281 -47.8791
8 110 61.7857 -47.3512
9 1 39.6333 -98.3853
9 2 39.9899 -97.9714
9 3 40.3242 -97.5815
9 4 40.6444 -97.2053
9 5 40.957 -96.8344
9 6 41.2644 -96.4657
9 7 41.5677 -96.0975
9 8 41.8677 -95.7289
9 9 42.1649 -95.3591
9 10 42.4596 -94.9878
9 11 42.7519 -94.6147
9 12 43.042 -94.2394
9 13 43.3299 -93.8619
9 14 43.6158 -93.482
9 15 43.4439 -93.7929
9 16 43.7385 -93.3954
9 17 44.0277 -93.0004
9 18 44.312 -92.6073
9 19 44.5916 -92.2155
9 20 44.8668 -91.8247
9 21 45.138 -91.4346
9 22 45.4051 -91.0452
9 23 45.6683 -90.6562
9 24 45.9277 -90.2676
9 25 46.1834 -89.8794
9 26 46.4354 -89.4916
9 27 46.6837 -89.1042
9 28 46.9283 -88.7173
9 29 47.1692 -88.3308
9 30 47.4064 -87.9451
9 31 47.6399 -87.56
9 32 47.8698 -87.1758
9 33 48.0958 -86.7927
9 34 48.3182 -86.4106
9 35 48.5367 -86.0299
9 36 48.7514 -85.6506
9 37 48.9624 -85.273
9 38 49.1694 -84.8972
9 39 49.3726 -84.5235
9 40 49.5719 -84.1519
9 41 49.7672 -83.7828
9 42 49.9587 -83.4164
9 43 50.1461 -83.0528
9 44 50.3296 -82.6922
9 45 50.7783 -81.9801
9 46 51.0209 -81.4709
9 47 51.2599 -80.9595
9 48 51.4954 -80.4461
9 49 51.7274 -79.9304
9 50 51.956 -79.4125
9 51 52.1811 -78.8923
9 52 52.4029 -78.3698
9 53 52.6213 -77.8449
9 54 52.8363 -77.3177
9 55 53.0479 -76.7882
9 56 53.2562 -76.2562
9 57 53.4612 -75.722
9 58 53.6628 -75.1855
9 59 53.8611 -74.6466
9 60 54.056 -74.1056
9 61 54.2476 -73.5624
9 62 54.4359 -73.017
9 63 54.6208 -72.4695
9 64 54.8023 -71.9201
9 65 54.9805 -71.3687
9 66 55.1553 -70.8155
9 67 55.3268 -70.2605
9 68 55.4949 -69.7039
9 69 55.6596 -69.1457
9 70 55.8209 -68.586
9 71 55.9789 -68.0249
9 72 56.1335 -67.4626
9 73 56.2848 -66.8991
9 74 56.4326 -66.3347
9 75 56.5771 -65.7693
9 76 56.7183 -65.2032
9 77 56.8561 -64.6365
9 78 56.9905 -64.0692
9 79 57.1216 -63.5016
9 80 57.2494 -62.9339
9 81 57.3739 -62.366
9 82 57.4951 -61.7983
9 83 57.613 -61.2308
9 84 57.7276 -60.6637
9 85 57.839 -60.0971
9 86 57.9472 -59.5313
9 87 58.0521 -58.9664
9 88 58.1539 -58.4025
9 89 58.2525 -57.8397
9 90 58.348 -57.2784
9 91 58.4404 -56.7186
9 92 58.5297 -56.1605
9 93 58.616 -55.6042
9 94 58.6993 -55.0499
9 95 58.7796 -54.4979
9 96 58.857 -53.9482
9 97 58.9315 -53.401
9 98 59.0031 -52.8564
9 99 59.072 -52.3147
9 100 59.1381 -51.776
9 101 59.2014 -51.2405
9 102 59.2621 -50.7082
9 103 59.3202 -50.1795
9 104 59.3757 -49.6543
9 105 59.4287 -49.1328
9 106 59.4792 -48.6153
9 107 59.5272 -48.1019
9 108 59.5729 -47.5926
9 109 59.6163 -47.0876
9 110 59.6575 -46.5871
10 1 39.5739 -98.2978
10 2 39.9146 -97.8628
10 3 40.233 -97.4516
10 4 40.5373 -97.054
10 5 40.834 -96.6615
10 6 41.1253 -96.2713
10 7 41.4124 -95.8817
10 8 41.6962 -95.4916
10 9 41.9769 -95.1005
10 10 42.2551 -94.7078
10 11 42.5307 -94.3133
10 12 42.8041 -93.9168
10 13 43.0752 -93.5181
10 14 43.3441 -93.1171
10 15 43.1668 -93.4161
10 16 43.4447 -92.9984
10 17 43.7171 -92.5832
10 18 43.9845 -92.17
10 19 44.2472 -91.7583
10 20 44.5055 -91.3477
10 21 44.7596 -90.9381
10 22 45.0096 -90.5292
10 23 45.2558 -90.121
10 24 45.498 -89.7134
10 25 45.7366 -89.3064
10 26 45.9713 -88.9
10 27 46.2024 -88.4943
10 28 46.4298 -88.0893
10 29 46.6535 -87.6851
10 30 46.8735 -87.2817
10 31 47.0898 -86.8795
10 32 47.3025 -86.4783
10 33 47.5114 -86.0785
10 34 47.7166 -85.6801
10 35 47.9181 -85.2834
10 36 48.1158 -84.8885
10 37 48.3097 -84.4955
10 38 48.4999 -84.1047
10 39 48.6863 -83.7163
10 40 48.8688 -83.3304
10 41 49.0475 -82.9473
10 42 49.2224 -82.5672
10 43 49.3934 -82.1904
10 44 49.5605 -81.8169
10 45 49.9392 -81.0309
10 46 50.1607 -80.5077
10 47 50.3787 -79.9829
10 48 50.593 -79.4564
10 49 50.8038 -78.9283
10 50 51.011 -78.3984
10 51 51.2148 -77.8667
10 52 51.4151 -77.3333
10 53 51.612 -76.7981
10 54 51.8054 -76.2611
10 55 51.9955 -75.7224
10 56 52.1821 -75.1819
10 57 52.3654 -74.6397
10 58 52.5452 -74.0959
10 59 52.7217 -73.5504
10 60 52.8948 -73.0034
10 61 53.0646 -72.4549
10 62 53.231 -71.9049
10 63 53.394 -71.3536
10 64 53.5537 -70.801
10 65 53.7101 -70.2472
10 66 53.863 -69.6923
10 67 54.0127 -69.1364
10 68 54.159 -68.5796
10 69 54.3019 -68.0219
10 70 54.4416 -67.4636
10 71 54.5779 -66.9047
10 72 54.7109 -66.3453
10 73 54.8405 -65.7855
10 74 54.9669 -65.2256
10 75 55.09 -64.6655
10 76 55.2098 -64.1055
10 77 55.3264 -63.5456
10 78 55.4397 -62.986
10 79 55.5497 -62.4269
10 80 55.6566 -61.8684
10 81 55.7602 -61.3106
10 82 55.8607 -60.7536
10 83 55.958 -60.1977
10 84 56.0522 -59.6429
10 85 56.1433 -59.0894
10 86 56.2313 -58.5374
10 87 56.3162 -57.9869
10 88 56.3981 -57.4383
10 89 56.4771 -56.8915
10 90 56.553 -56.3467
10 91 56.6261 -55.8042
10 92 56.6962 -55.264
10 93 56.7635 -54.7263
10 94 56.828 -54.1912
10 95 56.8897 -53.6589
10 96 56.9487 -53.1296
10 97 57.005 -52.6032
10 98 57.0586 -52.0801
10 99 57.1096 -51.5604
10 100 57.1581 -51.0441
10 101 57.2041 -50.5314
10 102 57.2476 -50.0225
10 103 57.2887 -49.5175
10 104 57.3274 -49.0164
10 105 57.3638 -48.5195
10 106 57.398 -48.0268
10 107 57.4299 -47.5385
10 108 57.4597 -47.0546
10 109 57.4874 -46.5754
10 110 57.513 -46.1009
11 1 39.5098 -98.2164
11 2 39.834 -97.761
11 3 40.1357 -97.3297
11 4 40.4233 -96.9119
11 5 40.7031 -96.4993
11 6 40.9775 -96.089
11 7 41.2476 -95.6794
11 8 41.5142 -95.2694
11 9 41.7777 -94.8584
11 10 42.0384 -94.446
11 11 42.2966 -94.0318
11 12 42.5523 -93.6158
11 13 42.8057 -93.1977
11 14 43.0568 -92.7774
11 15 42.8725 -93.0668
11 16 43.1329 -92.6305
11 17 43.3878 -92.1969
11 18 43.6375 -91.7654
11 19 43.8825 -91.3357
11 20 44.1231 -90.9073
11 21 44.3594 -90.4801
11 22 44.5916 -90.0538
11 23 44.8199 -89.6285
11 24 45.0443 -89.2041
11 25 45.2649 -88.7805
11 26 45.4818 -88.3577
11 27 45.695 -87.936
11 28 45.9044 -87.5152
11 29 46.1102 -87.0955
11 30 46.3124 -86.6771
11 31 46.5109 -86.26
11 32 46.7057 -85.8443
11 33 46.8968 -85.4304
11 34 47.0843 -85.0182
11 35 47.2681 -84.6079
11 36 47.4483 -84.1999
11 37 47.6247 -83.7941
11 38 47.7974 -83.3909
11 39 47.9664 -82.9904
11 40 48.1317 -82.5929
11 41 48.2933 -82.1985
11 42 48.4511 -81.8074
11 43 48.6052 -81.4199
11 44 48.7556 -81.0362
11 45 49.0598 -80.1917
11 46 49.2601 -79.6579
11 47 49.4566 -79.1231
11 48 49.6495 -78.5871
11 49 49.8388 -78.0499
11 50 50.0246 -77.5116
11 51 50.2068 -76.972
11 52 50.3855 -76.4313
11 53 50.5607 -75.8893
11 54 50.7324 -75.3462
11 55 50.9008 -74.8019
11 56 51.0657 -74.2565
11 57 51.2272 -73.71
11 58 51.3853 -73.1625
11 59 51.54 -72.614
11 60 51.6914 -72.0646
11 61 51.8394 -71.5144
11 62 51.9841 -70.9634
11 63 52.1255 -70.4117
11 64 52.2635 -69.8595
11 65 52.3982 -69.3067
11 66 52.5296 -68.7535
11 67 52.6577 -68.2001
11 68 52.7825 -67.6464
11 69 52.9041 -67.0926
11 70 53.0224 -66.5388
11 71 53.1374 -65.9851
11 72 53.2492 -65.4317
11 73 53.3578 -64.8786
11 74 53.4632 -64.3261
11 75 53.5654 -63.7741
11 76 53.6644 -63.2228
11 77 53.7602 -62.6725
11 78 53.853 -62.123
11 79 53.9426 -61.5748
11 80 54.0292 -61.0277
11 81 54.1127 -60.4821
11 82 54.1931 -59.938
11 83 54.2706 -59.3955
11 84 54.345 -58.8548
11 85 54.4165 -58.316
11 86 54.4851 -57.7793
11 87 54.5509 -57.2448
11 88 54.6137 -56.7125
11 89 54.6738 -56.1828
11 90 54.7311 -55.6556
11 91 54.7856 -55.1312
11 92 54.8374 -54.6096
11 93 54.8866 -54.091
11 94 54.9331 -53.5755
11 95 54.9771 -53.0632
11 96 55.0185 -52.5542
11 97 55.0575 -52.0488
11 98 55.094 -51.5469
11 99 55.128 -51.0488
11 100 55.1598 -50.5545
11 101 55.1892 -50.0641
11 102 55.2164 -49.5778
11 103 55.2414 -49.0956
11 104 55.2642 -48.6177
11 105 55.2849 -48.1442
11 106 55.3036 -47.6751
11 107 55.3203 -47.2106
11 108 55.335 -46.7508
11 109 55.3478 -46.2957
11 110 55.3588 -45.8455
12 1 39.4411 -98.1412
12 2 39.7483 -97.6666
12 3 40.031 -97.2185
12 4 40.3027 -96.7797
12 5 40.565 -96.3483
12 6 40.8216 -95.9194
12 7 41.0739 -95.4912
12 8 41.3225 -95.0628
12 9 41.5679 -94.6336
12 10 41.8104 -94.2031
12 11 42.0503 -93.771
12 12 42.2876 -93.3372
12 13 42.5224 -92.9015
12 14 42.7549 -92.4638
12 15 42.5621 -92.7458
12 16 42.8043 -92.2926
12 17 43.041 -91.8425
12 18 43.2724 -91.3947
12 19 43.499 -90.9488
12 20 43.7212 -90.5046
12 21 43.9391 -90.0617
12 22 44.1528 -89.6202
12 23 44.3626 -89.1798
12 24 44.5685 -88.7406
12 25 44.7706 -88.3026
12 26 44.969 -87.8658
12 27 45.1636 -87.4302
12 28 45.3546 -86.9959
12 29 45.5419 -86.5631
12 30 45.7256 -86.1318
12 31 45.9057 -85.7022
12 32 46.0822 -85.2745
12 33 46.2551 -84.8487
12 34 46.4243 -84.4251
12 35 46.59 -84.0038
12 36 46.752 -83.5851
12 37 46.9105 -83.169
12 38 47.0653 -82.7558
12 39 47.2166 -82.3457
12 40 47.3642 -81.939
12 41 47.5083 -81.5357
12 42 47.6487 -81.1361
12 43 47.7856 -80.7405
12 44 47.9188 -80.3491
12 45 48.1449 -79.4605
12 46 48.3237 -78.9192
12 47 48.4987 -78.3774
12 48 48.6701 -77.835
12 49 48.8378 -77.2919
12 50 49.0019 -76.7482
12 51 49.1624 -76.2039
12 52 49.3194 -75.6589
12 53 49.473 -75.1134
12 54 49.6231 -74.5672
12 55 49.7697 -74.0205
12 56 49.913 -73.4732
12 57 50.0528 -72.9255
12 58 50.1893 -72.3774
12 59 50.3225 -71.8289
12 60 50.4523 -71.2802
12 61 50.5788 -70.7312
12 62 50.702 -70.1821
12 63 50.8219 -69.633
12 64 50.9385 -69.084
12 65 51.0519 -68.535
12 66 51.1621 -67.9863
12 67 51.269 -67.4379
12 68 51.3727 -66.89
12 69 51.4733 -66.3426
12 70 51.5707 -65.7958
12 71 51.6649 -65.2498
12 72 51.756 -64.7046
12 73 51.844 -64.1605
12 74 51.9289 -63.6174
12 75 52.0107 -63.0755
12 76 52.0895 -62.535
12 77 52.1653 -61.9959
12 78 52.2381 -61.4584
12 79 52.3079 -60.9226
12 80 52.3748 -60.3886
12 81 52.4388 -59.8565
12 82 52.4999 -59.3265
12 83 52.5582 -58.7986
12 84 52.6137 -58.2731
12 85 52.6664 -57.75
12 86 52.7163 -57.2294
12 87 52.7635 -56.7115
12 88 52.8081 -56.1963
12 89 52.85 -55.6841
12 90 52.8893 -55.1749
12 91 52.9261 -54.6688
12 92 52.9604 -54.1659
12 93 52.9922 -53.6664
12 94 53.0216 -53.1703
12 95 53.0486 -52.6778
12 96 53.0732 -52.1889
12 97 53.0956 -51.7039
12 98 53.1157 -51.2227
12 99 53.1337 -50.7455
12 100 53.1494 -50.2724
12 101 53.1631 -49.8034
12 102 53.1747 -49.3387
12 103 53.1844 -48.8783
12 104 53.192 -48.4224
12 105 53.1978 -47.971
12 106 53.2017 -47.5242
12 107 53.2038 -47.0821
12 108 53.2042 -46.6447
12 109 53.2028 -46.2122
12 110 53.1999 -45.7846
13 1 39.3682 -98.0727
13 2 39.6578 -97.5797
13 3 39.9226 -97.1139
13 4 40.176 -96.6576
13 5 40.42 -96.2089
13 6 40.6581 -95.7629
13 7 40.8918 -95.3177
13 8 41.1217 -94.8726
13 9 41.3483 -94.4267
13 10 41.5719 -93.9798
13 11 41.7927 -93.5315
13 12 42.0109 -93.0817
13 13 42.2265 -92.6302
13 14 42.4396 -92.1769
13 15 42.2367 -92.4539
13 16 42.4603 -91.9857
13 17 42.678 -91.5208
13 18 42.8906 -91.0585
13 19 43.0983 -90.5985
13 20 43.3015 -90.1403
13 21 43.5003 -89.6839
13 22 43.695 -89.2291
13 23 43.8858 -88.7758
13 24 44.0726 -88.3239
13 25 44.2557 -87.8736
13 26 44.435 -87.4247
13 27 44.6106 -86.9775
13 28 44.7826 -86.5319
13 29 44.951 -86.0882
13 30 45.1158 -85.6463
13 31 45.277 -85.2065
13 32 45.4347 -84.7689
13 33 45.5889 -84.3337
13 34 45.7396 -83.9009
13 35 45.8867 -83.4709
13 36 46.0303 -83.0437
13 37 46.1704 -82.6196
13 38 46.3071 -82.1988
13 39 46.4402 -81.7815
13 40 46.5699 -81.3678
13 41 46.6961 -80.9579
13 42 46.8189 -80.5522
13 43 46.9382 -80.1507
13 44 47.0541 -79.7538
13 45 47.1989 -78.8348
13 46 47.3561 -78.2887
13 47 47.5096 -77.7427
13 48 47.6593 -77.1966
13 49 47.8054 -76.6503
13 50 47.9479 -76.1041
13 51 48.0869 -75.5577
13 52 48.2223 -75.0112
13 53 48.3543 -74.4647
13 54 48.4828 -73.9182
13 55 48.6079 -73.3717
13 56 48.7296 -72.8252
13 57 48.848 -72.2789
13 58 48.9631 -71.7327
13 59 49.0749 -71.1868
13 60 49.1834 -70.6411
13 61 49.2886 -70.0959
13 62 49.3906 -69.5511
13 63 49.4894 -69.0069
13 64 49.585 -68.4632
13 65 49.6774 -67.9203
13 66 49.7667 -67.3782
13 67 49.8529 -66.837
13 68 49.936 -66.2968
13 69 50.016 -65.7577
13 70 50.0929 -65.2198
13 71 50.1669 -64.6833
13 72 50.2378 -64.1481
13 73 50.3057 -63.6144
13 74 50.3707 -63.0824
13 75 50.4327 -62.552
13 76 50.4919 -62.0236
13 77 50.5482 -61.497
13 78 50.6016 -60.9726
13 79 50.6523 -60.4503
13 80 50.7002 -59.9303
13 81 50.7453 -59.4126
13 82 50.7877 -58.8975
13 83 50.8275 -58.385
13 84 50.8646 -57.8752
13 85 50.8991 -57.3682
13 86 50.931 -56.8641
13 87 50.9605 -56.363
13 88 50.9874 -55.8651
13 89 51.0119 -55.3704
13 90 51.034 -54.8791
13 91 51.0537 -54.3912
13 92 51.0711 -53.9068
13 93 51.0863 -53.426
13 94 51.0992 -52.949
13 95 51.1099 -52.4758
13 96 51.1185 -52.0064
13 97 51.125 -51.5411
13 98 51.1294 -51.0798
13 99 51.1318 -50.6227
13 100 51.1323 -50.1698
13 101 51.1309 -49.7212
13 102 51.1276 -49.277
13 103 51.1225 -48.8373
13 104 51.1157 -48.4021
13 105 51.1071 -47.9715
13 106 51.0969 -47.5456
13 107 51.085 -47.1245
13 108 51.0716 -46.7081
13 109 51.0567 -46.2966
13 110 51.0404 -45.89
14 1 39.2911 -98.011
14 2 39.5628 -97.5007
14 3 39.8091 -97.0183
14 4 40.0436 -96.5461
14 5 40.2686 -96.0816
14 6 40.4876 -95.6199
14 7 40.702 -95.1594
14 8 40.9126 -94.6991
14 9 41.1197 -94.2384
14 10 41.3237 -93.7768
14 11 41.5248 -93.3141
14 12 41.7233 -92.8501
14 13 41.919 -92.3846
14 14 42.1122 -91.9176
14 15 41.8976 -92.192
14 16 42.1019 -91.7105
14 17 42.3004 -91.2326
14 18 42.4936 -90.7577
14 19 42.6818 -90.2854
14 20 42.8655 -89.8153
14 21 43.0449 -89.3472
14 22 43.2201 -88.8811
14 23 43.3913 -88.4168
14 24 43.5586 -87.9544
14 25 43.7222 -87.4938
14 26 43.882 -87.035
14 27 44.0382 -86.5783
14 28 44.1908 -86.1235
14 29 44.3399 -85.671
14 30 44.4854 -85.2207
14 31 44.6275 -84.7728
14 32 44.7661 -84.3275
14 33 44.9012 -83.8849
14 34 45.0329 -83.4452
14 35 45.1612 -83.0086
14 36 45.2862 -82.5752
14 37 45.4077 -82.1453
14 38 45.5259 -81.7189
14 39 45.6407 -81.2964
14 40 45.7522 -80.878
14 41 45.8604 -80.4637
14 42 45.9654 -80.0539
14 43 46.067 -79.6487
14 44 46.1654 -79.2483
14 45 46.2259 -78.3116
14 46 46.3616 -77.7632
14 47 46.4936 -77.2153
14 48 46.6218 -76.6679
14 49 46.7464 -76.1209
14 50 46.8674 -75.5744
14 51 46.9848 -75.0283
14 52 47.0988 -74.4827
14 53 47.2094 -73.9375
14 54 47.3165 -73.3929
14 55 47.4203 -72.8489
14 56 47.5208 -72.3054
14 57 47.618 -71.7626
14 58 47.7119 -71.2205
14 59 47.8026 -70.6792
14 60 47.8901 -70.1387
14 61 47.9744 -69.5992
14 62 48.0556 -69.0606
14 63 48.1336 -68.5231
14 64 48.2086 -67.9867
14 65 48.2805 -67.4516
14 66 48.3494 -66.9178
14 67 48.4152 -66.3853
14 68 48.4781 -65.8544
14 69 48.538 -65.3251
14 70 48.595 -64.7975
14 71 48.6491 -64.2716
14 72 48.7004 -63.7476
14 73 48.7488 -63.2256
14 74 48.7944 -62.7056
14 75 48.8372 -62.1879
14 76 48.8773 -61.6723
14 77 48.9147 -61.1592
14 78 48.9493 -60.6485
14 79 48.9814 -60.1404
14 80 49.0108 -59.6349
14 81 49.0377 -59.1322
14 82 49.0621 -58.6323
14 83 49.0839 -58.1354
14 84 49.1033 -57.6415
14 85 49.1202 -57.1508
14 86 49.1348 -56.6632
14 87 49.1471 -56.179
14 88 49.157 -55.6982
14 89 49.1647 -55.2209
14 90 49.1702 -54.7472
14 91 49.1735 -54.2771
14 92 49.1746 -53.8107
14 93 49.1737 -53.3482
14 94 49.1708 -52.8896
14 95 49.1658 -52.435
14 96 49.1589 -51.9844
14 97 49.1501 -51.538
14 98 49.1395 -51.0957
14 99 49.127 -50.6578
14 100 49.1127 -50.2241
14 101 49.0968 -49.7949
14 102 49.0792 -49.3701
14 103 49.0599 -48.9499
14 104 49.0391 -48.5342
14 105 49.0167 -48.1232
14 106 48.9929 -47.7169
14 107 48.9676 -47.3153
14 108 48.941 -46.9185
14 109 48.913 -46.5266
14 110 48.8837 -46.1395
15 1 39.21 -97.9565
15 2 39.4635 -97.4299
15 3 39.6909 -96.9323
15 4 39.9047 -96.4474
15 5 40.1114 -95.9667
15 6 40.3107 -95.491
15 7 40.5052 -95.0168
15 8 40.6958 -94.543
15 9 40.8828 -94.0691
15 10 41.0667 -93.5945
15 11 41.2476 -93.1192
15 12 41.4257 -92.6427
15 13 41.6011 -92.1652
15 14 41.7738 -91.6864
15 15 41.546 -91.9607
15 16 41.7306 -91.4676
15 17 41.9093 -90.9786
15 18 42.0827 -90.4928
15 19 42.2511 -90.01
15 20 42.415 -89.5298
15 21 42.5744 -89.0521
15 22 42.7297 -88.5766
15 23 42.8811 -88.1033
15 24 43.0285 -87.6323
15 25 43.1722 -87.1634
15 26 43.3123 -86.6968
15 27 43.4487 -86.2325
15 28 43.5816 -85.7707
15 29 43.711 -85.3113
15 30 43.837 -84.8546
15 31 43.9596 -84.4007
15 32 44.0788 -83.9497
15 33 44.1947 -83.5019
15 34 44.3073 -83.0572
15 35 44.4166 -82.616
15 36 44.5226 -82.1785
15 37 44.6254 -81.7447
15 38 44.7249 -81.3149
15 39 44.8213 -80.8892
15 40 44.9145 -80.4679
15 41 45.0046 -80.0512
15 42 45.0915 -79.6392
15 43 45.1754 -79.2321
15 44 45.2561 -78.8302
15 45 45.2299 -77.8878
15 46 45.3442 -77.3391
15 47 45.4548 -76.7915
15 48 45.5616 -76.2449
15 49 45.6649 -75.6992
15 50 45.7646 -75.1545
15 51 45.8608 -74.6107
15 52 45.9536 -74.068
15 53 46.0429 -73.5262
15 54 46.129 -72.9854
15 55 46.2117 -72.4456
15 56 46.2912 -71.907
15 57 46.3675 -71.3695
15 58 46.4406 -70.8333
15 59 46.5105 -70.2983
15 60 46.5774 -69.7646
15 61 46.6412 -69.2323
15 62 46.7019 -68.7014
15 63 46.7596 -68.1721
15 64 46.8144 -67.6444
15 65 46.8662 -67.1184
15 66 46.9151 -66.5941
15 67 46.9611 -66.0717
15 68 47.0042 -65.5512
15 69 47.0445 -65.0328
15 70 47.0821 -64.5164
15 71 47.1169 -64.0022
15 72 47.149 -63.4903
15 73 47.1784 -62.9807
15 74 47.2051 -62.4736
15 75 47.2292 -61.969
15 76 47.2508 -61.467
15 77 47.2698 -60.9677
15 78 47.2863 -60.4712
15 79 47.3003 -59.9776
15 80 47.3118 -59.487
15 81 47.321 -58.9994
15 82 47.3278 -58.5149
15 83 47.3323 -58.0336
15 84 47.3346 -57.5556
15 85 47.3345 -57.0811
15 86 47.3323 -56.6099
15 87 47.328 -56.1423
15 88 47.3215 -55.6783
15 89 47.3129 -55.218
15 90 47.3023 -54.7614
15 91 47.2897 -54.3087
15 92 47.2752 -53.8598
15 93 47.2588 -53.415
15 94 47.2405 -52.9741
15 95 47.2204 -52.5374
15 96 47.1986 -52.1048
15 97 47.175 -51.6764
15 98 47.1497 -51.2523
15 99 47.1229 -50.8325
15 100 47.0944 -50.4172
15 101 47.0644 -50.0062
15 102 47.0329 -49.5998
15 103 47 -49.1979
15 104 46.9656 -48.8007
15 105 46.9299 -48.408
15 106 46.8929 -48.02
15 107 46.8546 -47.6368
15 108 46.8151 -47.2584
15 109 46.7745 -46.8847
15 110 46.7327 -46.5159
16 1 39.125 -97.9096
16 2 39.3602 -97.3677
16 3 39.5682 -96.8562
16 4 39.7623 -96.3579
16 5 39.9476 -95.8664
16 6 40.1278 -95.3766
16 7 40.302 -94.8902
16 8 40.4721 -94.4046
16 9 40.6386 -93.9192
16 10 40.8018 -93.4335
16 11 40.962 -92.9472
16 12 41.1193 -92.4602
16 13 41.2738 -91.9723
16 14 41.4256 -91.4835
16 15 41.1829 -91.7604
16 16 41.3476 -91.2575
16 17 41.5063 -90.759
16 18 41.6595 -90.2643
16 19 41.8078 -89.7728
16 20 41.9514 -89.2844
16 21 42.0907 -88.7988
16 22 42.2258 -88.3158
16 23 42.3569 -87.8355
16 24 42.4842 -87.3577
16 25 42.6078 -86.8825
16 26 42.7278 -86.41
16 27 42.8443 -85.9401
16 28 42.9572 -85.473
16 29 43.0668 -85.0088
16 30 43.1731 -84.5476
16 31 43.276 -84.0896
16 32 43.3757 -83.6349
16 33 43.4721 -83.1837
16 34 43.5654 -82.736
16 35 43.6555 -82.2921
16 36 43.7425 -81.8522
16 37 43.8264 -81.4164
16 38 43.9073 -80.985
16 39 43.9851 -80.558
16 40 44.0599 -80.1357
16 41 44.1318 -79.7182
16 42 44.2007 -79.3059
16 43 44.2667 -78.8987
16 44 44.3299 -78.497
16 45 44.2146 -77.56
16 46 44.3077 -77.013
16 47 44.3971 -76.4675
16 48 44.4828 -75.9235
16 49 44.5649 -75.3809
16 50 44.6436 -74.8397
16 51 44.7188 -74.3
16 52 44.7906 -73.7617
16 53 44.8591 -73.2249
16 54 44.9243 -72.6896
16 55 44.9864 -72.1557
16 56 45.0452 -71.6235
16 57 45.1009 -71.0928
16 58 45.1536 -70.5637
16 59 45.2032 -70.0364
16 60 45.2498 -69.5108
16 61 45.2934 -68.9871
16 62 45.3341 -68.4652
16 63 45.3719 -67.9452
16 64 45.4069 -67.4273
16 65 45.439 -66.9114
16 66 45.4684 -66.3977
16 67 45.495 -65.8862
16 68 45.5189 -65.377
16 69 45.5401 -64.8701
16 70 45.5587 -64.3657
16 71 45.5747 -63.8639
16 72 45.5881 -63.3646
16 73 45.599 -62.868
16 74 45.6074 -62.3741
16 75 45.6133 -61.8831
16 76 45.6169 -61.395
16 77 45.618 -60.9098
16 78 45.6168 -60.4278
16 79 45.6133 -59.9488
16 80 45.6075 -59.473
16 81 45.5995 -59.0006
16 82 45.5894 -58.5314
16 83 45.577 -58.0657
16 84 45.5626 -57.6035
16 85 45.5461 -57.1448
16 86 45.5276 -56.6898
16 87 45.5071 -56.2385
16 88 45.4847 -55.7909
16 89 45.4604 -55.3471
16 90 45.4343 -54.9072
16 91 45.4063 -54.4712
16 92 45.3766 -54.0393
16 93 45.3451 -53.6114
16 94 45.312 -53.1876
16 95 45.2772 -52.768
16 96 45.2409 -52.3526
16 97 45.203 -51.9415
16 98 45.1636 -51.5347
16 99 45.1227 -51.1322
16 100 45.0805 -50.7342
16 101 45.0368 -50.3406
16 102 44.9919 -49.9516
16 103 44.9456 -49.567
16 104 44.8981 -49.1871
16 105 44.8495 -48.8118
16 106 44.7996 -48.4411
16 107 44.7487 -48.0751
16 108 44.6967 -47.7138
16 109 44.6437 -47.3573
16 110 44.5897 -47.0055
17 1 39.0363 -97.8705
17 2 39.2532 -97.3142
17 3 39.4415 -96.7901
17 4 39.6154 -96.2801
17 5 39.7803 -95.7773
17 6 39.9387 -95.2784
17 7 40.0931 -94.78
17 8 40.2423 -94.2843
17 9 40.3878 -93.7891
17 10 40.53 -93.2939
17 11 40.669 -92.7985
17 12 40.8051 -92.3026
17 13 40.9384 -91.8063
17 14 41.0689 -91.3094
17 15 40.8096 -91.5917
17 16 40.954 -91.0806
17 17 41.0924 -90.5744
17 18 41.2253 -90.0723
17 19 41.3532 -89.574
17 20 41.4764 -89.0791
17 21 41.5952 -88.5875
17 22 41.7099 -88.0989
17 23 41.8207 -87.6132
17 24 41.9277 -87.1306
17 25 42.031 -86.6509
17 26 42.1307 -86.1742
17 27 42.227 -85.7006
17 28 42.3199 -85.2301
17 29 42.4095 -84.7629
17 30 42.4959 -84.2991
17 31 42.5791 -83.8387
17 32 42.6591 -83.3821
17 33 42.7361 -82.9292
17 34 42.81 -82.4803
17 35 42.8809 -82.0355
17 36 42.9488 -81.595
17 37 43.0138 -81.1589
17 38 43.0759 -80.7275
17 39 43.1351 -80.3009
17 40 43.1916 -79.8792
17 41 43.2452 -79.4627
17 42 43.2962 -79.0515
17 43 43.3444 -78.6458
17 44 43.3899 -78.2459
17 45 43.1833 -77.3251
17 46 43.2554 -76.7813
17 47 43.3239 -76.2395
17 48 43.3888 -75.6996
17 49 43.4501 -75.1616
17 50 43.508 -74.6255
17 51 43.5625 -74.0913
17 52 43.6137 -73.5589
17 53 43.6617 -73.0285
17 54 43.7065 -72.4999
17 55 43.7482 -71.9732
17 56 43.7868 -71.4486
17 57 43.8223 -70.9259
17 58 43.8549 -70.4052
17 59 43.8846 -69.8867
17 60 43.9113 -69.3703
17 61 43.9352 -68.856
17 62 43.9563 -68.344
17 63 43.9747 -67.8343
17 64 43.9903 -67.327
17 65 44.0032 -66.822
17 66 44.0135 -66.3196
17 67 44.0212 -65.8197
17 68 44.0263 -65.3223
17 69 44.0289 -64.8277
17 70 44.029 -64.3358
17 71 44.0266 -63.8467
17 72 44.0219 -63.3605
17 73 44.0147 -62.8772
17 74 44.0053 -62.3969
17 75 43.9935 -61.9196
17 76 43.9795 -61.4455
17 77 43.9633 -60.9746
17 78 43.9449 -60.507
17 79 43.9243 -60.0427
17 80 43.9017 -59.5818
17 81 43.877 -59.1243
17 82 43.8503 -58.6704
17 83 43.8217 -58.22
17 84 43.7911 -57.7733
17 85 43.7586 -57.3302
17 86 43.7243 -56.8909
17 87 43.6881 -56.4554
17 88 43.6502 -56.0238
17 89 43.6106 -55.5961
17 90 43.5693 -55.1724
17 91 43.5264 -54.7526
17 92 43.4819 -54.337
17 93 43.4358 -53.9254
17 94 43.3883 -53.518
17 95 43.3392 -53.1148
17 96 43.2888 -52.7159
17 97 43.237 -52.3213
17 98 43.1838 -51.9309
17 99 43.1293 -51.545
17 100 43.0736 -51.1635
17 101 43.0167 -50.7864
17 102 42.9586 -50.4137
17 103 42.8994 -50.0456
17 104 42.8391 -49.6821
17 105 42.7778 -49.3231
17 106 42.7154 -48.9687
17 107 42.6521 -48.619
17 108 42.5879 -48.2739
17 109 42.5229 -47.9335
17 110 42.4569 -47.5977
18 1 38.9439 -97.8398
18 2 39.1425 -97.2699
18 3 39.311 -96.7345
18 4 39.4644 -96.2142
18 5 39.6085 -95.7016
18 6 39.746 -95.1935
18 7 39.8782 -94.688
18 8 40.0062 -94.1839
18 9 40.1312 -93.679
18 10 40.252 -93.1761
18 11 40.3696 -92.6733
18 12 40.4842 -92.1704
18 13 40.5959 -91.6674
18 14 40.7049 -91.1641
18 15 40.427 -91.4549
18 16 40.5512 -90.9372
18 17 40.6691 -90.4249
18 18 40.7815 -89.9172
18 19 40.8889 -89.4137
18 20 40.9915 -88.9141
18 21 41.0898 -88.4181
18 22 41.184 -87.9256
18 23 41.2742 -87.4364
18 24 41.3607 -86.9506
18 25 41.4436 -86.4681
18 26 41.523 -85.9891
18 27 41.5991 -85.5134
18 28 41.6719 -85.0413
18 29 41.7414 -84.5728
18 30 41.8079 -84.108
18 31 41.8712 -83.6471
18 32 41.9316 -83.1902
18 33 41.989 -82.7374
18 34 42.0435 -82.2888
18 35 42.0952 -81.8447
18 36 42.1441 -81.4052
18 37 42.1902 -80.9705
18 38 42.2336 -80.5406
18 39 42.2743 -80.1158
18 40 42.3124 -79.6963
18 41 42.3479 -79.2822
18 42 42.3809 -78.8737
18 43 42.4113 -78.4709
18 44 42.4393 -78.0741
18 45 42.1391 -77.1798
18 46 42.1906 -76.6407
18 47 42.2385 -76.1039
18 48 42.2829 -75.5695
18 49 42.3238 -75.0374
18 50 42.3613 -74.5076
18 51 42.3955 -73.9801
18 52 42.4265 -73.4548
18 53 42.4543 -72.9318
18 54 42.479 -72.4111
18 55 42.5007 -71.8927
18 56 42.5195 -71.3767
18 57 42.5353 -70.863
18 58 42.5482 -70.3516
18 59 42.5583 -69.8427
18 60 42.5657 -69.3363
18 61 42.5703 -68.8324
18 62 42.5722 -68.331
18 63 42.5715 -67.8323
18 64 42.5682 -67.3361
18 65 42.5624 -66.8427
18 66 42.5541 -66.3521
18 67 42.5433 -65.8642
18 68 42.5301 -65.3793
18 69 42.5145 -64.8972
18 70 42.4966 -64.4181
18 71 42.4763 -63.9421
18 72 42.4538 -63.4691
18 73 42.4292 -62.9993
18 74 42.4023 -62.5327
18 75 42.3733 -62.0694
18 76 42.3422 -61.6093
18 77 42.3091 -61.1527
18 78 42.2739 -60.6994
18 79 42.2368 -60.2497
18 80 42.1978 -59.8035
18 81 42.1568 -59.3608
18 82 42.114 -58.9218
18 83 42.0695 -58.4865
18 84 42.0231 -58.055
18 85 41.9751 -57.6272
18 86 41.9253 -57.2033
18 87 41.874 -56.7833
18 88 41.821 -56.3671
18 89 41.7665 -55.955
18 90 41.7105 -55.5469
18 91 41.653 -55.1428
18 92 41.594 -54.7429
18 93 41.5337 -54.3471
18 94 41.4721 -53.9554
18 95 41.4091 -53.568
18 96 41.3449 -53.1848
18 97 41.2795 -52.806
18 98 41.2128 -52.4314
18 99 41.1451 -52.0612
18 100 41.0762 -51.6954
18 101 41.0063 -51.334
18 102 40.9354 -50.9771
18 103 40.8635 -50.6246
18 104 40.7906 -50.2766
18 105 40.7169 -49.9331
18 106 40.6423 -49.5942
18 107 40.5668 -49.2598
18 108 40.4906 -48.9301
18 109 40.4137 -48.6049
18 110 40.336 -48.2844
19 1 38.8476 -97.8181
19 2 39.0285 -97.2352
19 3 39.177 -96.6897
19 4 39.3098 -96.1604
19 5 39.4329 -95.6397
19 6 39.5491 -95.1239
19 7 39.66 -94.6111
19 8 39.7664 -94.1003
19 9 39.869 -93.5906
19 10 39.9681 -93.0817
19 11 40.0647 -92.5718
19 12 40.1576 -92.0637
19 13 40.2476 -91.5557
19 14 40.3347 -91.0478
19 15 40.0348 -91.3533
19 16 40.1401 -90.8277
19 17 40.2376 -90.3108
19 18 40.3295 -89.7991
19 19 40.4162 -89.2921
19 20 40.4982 -88.7893
19 21 40.5759 -88.2906
19 22 40.6495 -87.7958
19 23 40.7191 -87.3048
19 24 40.7852 -86.8175
19 25 40.8476 -86.3339
19 26 40.9067 -85.8541
19 27 40.9625 -85.378
19 28 41.0151 -84.9059
19 29 41.0646 -84.4377
19 30 41.1112 -83.9735
19 31 41.1548 -83.5136
19 32 41.1955 -83.0579
19 33 41.2334 -82.6067
19 34 41.2686 -82.1601
19 35 41.3011 -81.7182
19 36 41.331 -81.2812
19 37 41.3582 -80.8492
19 38 41.383 -80.4223
19 39 41.4053 -80.0008
19 40 41.4251 -79.5848
19 41 41.4426 -79.1745
19 42 41.4577 -78.7699
19 43 41.4705 -78.3714
19 44 41.4811 -77.9789
19 45 41.0848 -77.1214
19 46 41.1161 -76.588
19 47 41.1439 -76.0574
19 48 41.1681 -75.5296
19 49 41.1889 -75.0045
19 50 41.2065 -74.482
19 51 41.2208 -73.9622
19 52 41.2319 -73.445
19 53 41.24 -72.9305
19 54 41.2451 -72.4185
19 55 41.2473 -71.9093
19 56 41.2465 -71.4026
19 57 41.243 -70.8987
19 58 41.2367 -70.3974
19 59 41.2278 -69.8989
19 60 41.2161 -69.4031
19 61 41.2019 -68.9101
19 62 41.1851 -68.42
19 63 41.1658 -67.9327
19 64 41.1441 -67.4483
19 65 41.12 -66.9668
19 66 41.0935 -66.4883
19 67 41.0646 -66.0129
19 68 41.0335 -65.5406
19 69 41.0002 -65.0714
19 70 40.9647 -64.6053
19 71 40.927 -64.1425
19 72 40.8873 -63.683
19 73 40.8455 -63.2267
19 74 40.8016 -62.7739
19 75 40.7558 -62.3244
19 76 40.7081 -61.8784
19 77 40.6585 -61.4359
19 78 40.607 -60.997
19 79 40.5537 -60.5616
19 80 40.4987 -60.1299
19 81 40.4419 -59.7019
19 82 40.3834 -59.2776
19 83 40.3233 -58.8571
19 84 40.2616 -58.4404
19 85 40.1984 -58.0276
19 86 40.1336 -57.6187
19 87 40.0674 -57.2136
19 88 40.0002 -56.8157
19 89 39.9311 -56.4185
19 90 39.8606 -56.0254
19 91 39.7889 -55.6363
19 92 39.7158 -55.2514
19 93 39.6416 -54.8706
19 94 39.5661 -54.494
19 95 39.4895 -54.1216
19 96 39.4118 -53.7534
19 97 39.333 -53.3895
19 98 39.2531 -53.0299
19 99 39.1723 -52.6746
19 100 39.0905 -52.3236
19 101 39.0078 -51.9771
19 102 38.9242 -51.6349
19 103 38.8398 -51.2971
19 104 38.7545 -50.9638
19 105 38.6685 -50.6349
19 106 38.5818 -50.3106
19 107 38.4943 -49.9907
19 108 38.4062 -49.6753
19 109 38.3175 -49.3645
19 110 38.2282 -49.0582
20 1 38.7474 -97.806
20 2 38.9112 -97.2103
20 3 39.0399 -96.6558
20 4 39.152 -96.1191
20 5 39.2539 -95.5916
20 6 39.3487 -95.0698
20 7 39.438 -94.5514
20 8 39.5227 -94.0354
20 9 39.6035 -93.521
20 10 39.6808 -93.0077
20 11 39.7548 -92.4954
20 12 39.8258 -91.9837
20 13 39.8939 -91.4725
20 14 39.9592 -90.9619
20 15 39.6374 -91.2807
20 16 39.7209 -90.7544
20 17 39.798 -90.2345
20 18 39.8693 -89.7204
20 19 39.9354 -89.2114
20 20 39.9969 -88.7072
20 21 40.055 -88.2048
20 22 40.108 -87.7093
20 23 40.1572 -87.218
20 24 40.2027 -86.7307
20 25 40.2448 -86.2476
20 26 40.2836 -85.7686
20 27 40.3192 -85.2937
20 28 40.3517 -84.823
20 29 40.3813 -84.3566
20 30 40.4079 -83.8946
20 31 40.4318 -83.4371
20 32 40.453 -82.9842
20 33 40.4715 -82.536
20 34 40.4875 -82.0927
20 35 40.5009 -81.6543
20 36 40.5119 -81.2211
20 37 40.5205 -80.7932
20 38 40.5267 -80.3707
20 39 40.5307 -79.9537
20 40 40.5324 -79.5425
20 41 40.532 -79.1371
20 42 40.5294 -78.7378
20 43 40.5247 -78.3446
20 44 40.518 -77.9577
20 45 40.023 -77.15
20 46 40.0346 -76.6234
20 47 40.0425 -76.097
20 48 40.0471 -75.5767
20 49 40.0483 -75.0594
20 50 40.0462 -74.5452
20 51 40.0411 -74.0339
20 52 40.033 -73.5285
20 53 40.0218 -73.0231
20 54 40.0077 -72.5206
20 55 39.9908 -72.0211
20 56 39.9711 -71.5246
20 57 39.9487 -71.0309
20 58 39.9237 -70.5403
20 59 39.896 -70.0526
20 60 39.8659 -69.5679
20 61 39.8332 -69.0863
20 62 39.7982 -68.6077
20 63 39.7608 -68.1322
20 64 39.721 -67.6598
20 65 39.679 -67.1905
20 66 39.6348 -66.7244
20 67 39.5884 -66.2616
20 68 39.5398 -65.802
20 69 39.4892 -65.3457
20 70 39.4365 -64.8927
20 71 39.3818 -64.4431
20 72 39.3252 -63.9969
20 73 39.2667 -63.5542
20 74 39.2063 -63.1149
20 75 39.1441 -62.6792
20 76 39.0801 -62.247
20 77 39.0143 -61.8184
20 78 38.9469 -61.3935
20 79 38.8778 -60.9722
20 80 38.8071 -60.5547
20 81 38.7348 -60.1409
20 82 38.661 -59.7309
20 83 38.5857 -59.3248
20 84 38.509 -58.9225
20 85 38.4308 -58.5241
20 86 38.3513 -58.1296
20 87 38.2705 -57.739
20 88 38.1884 -57.3525
20 89 38.105 -56.97
20 90 38.0204 -56.5915
20 91 37.9347 -56.2172
20 92 37.8478 -55.8469
20 93 37.7598 -55.4808
20 94 37.6708 -55.1188
20 95 37.5808 -54.761
20 96 37.4898 -54.4074
20 97 37.3978 -54.0581
20 98 37.305 -53.7131
20 99 37.212 -53.3756
20 100 37.1176 -53.0394
20 101 37.0223 -52.7074
20 102 36.9263 -52.3799
20 103 36.8296 -52.0567
20 104 36.7322 -51.7378
20 105 36.6342 -51.4234
20 106 36.5355 -51.1134
20 107 36.4363 -50.8079
20 108 36.3365 -50.5067
20 109 36.2362 -50.2101
20 110 36.1355 -49.9179
21 1 38.6426 -97.8045
21 2 38.7907 -97.1958
21 3 38.8999 -96.6334
21 4 38.9912 -96.0904
21 5 39.0719 -95.5578
21 6 39.1452 -95.0314
21 7 39.2128 -94.509
21 8 39.2758 -93.9894
21 9 39.3347 -93.4719
21 10 39.3901 -92.9559
21 11 39.4422 -92.4412
21 12 39.4912 -91.9275
21 13 39.5373 -91.4148
21 14 39.5806 -90.9029
21 15 39.2335 -91.2411
21 16 39.297 -90.7125
21 17 39.3538 -90.1909
21 18 39.4047 -89.6757
21 19 39.4504 -89.1661
21 20 39.4914 -88.6617
21 21 39.528 -88.1623
21 22 39.5605 -87.6675
21 23 39.5893 -87.1774
21 24 39.6144 -86.6917
21 25 39.6363 -86.2105
21 26 39.6548 -85.7337
21 27 39.6703 -85.2615
21 28 39.6829 -84.7937
21 29 39.6926 -84.3306
21 30 39.6996 -83.8721
21 31 39.7039 -83.4184
21 32 39.7057 -82.9696
21 33 39.705 -82.5258
21 34 39.7019 -82.0871
21 35 39.6964 -81.6536
21 36 39.6887 -81.2255
21 37 39.6788 -80.8029
21 38 39.6667 -80.3859
21 39 39.6525 -79.9747
21 40 39.6363 -79.5693
21 41 39.6181 -79.1701
21 42 39.5979 -78.777
21 43 39.576 -78.3902
21 44 39.5521 -78.0099
21 45 38.9556 -77.2555
21 46 38.9479 -76.7364
21 47 38.9367 -76.2208
21 48 38.922 -75.7086
21 49 38.9041 -75.1999
21 50 38.883 -74.6945
21 51 38.8589 -74.1925
21 52 38.8318 -73.6937
21 53 38.8017 -73.1981
21 54 38.7689 -72.7057
21 55 38.7333 -72.2165
21 56 38.6951 -71.7306
21 57 38.6542 -71.2478
21 58 38.6109 -70.7682
21 59 38.565 -70.2918
21 60 38.5168 -69.8187
21 61 38.4662 -69.3488
21 62 38.4133 -68.8821
21 63 38.3581 -68.4187
21 64 38.3008 -67.9586
21 65 38.2413 -67.5018
21 66 38.1798 -67.0484
21 67 38.1162 -66.5984
21 68 38.0506 -66.1517
21 69 37.983 -65.7085
21 70 37.9136 -65.2687
21 71 37.8423 -64.8324
21 72 37.7692 -64.3997
21 73 37.6943 -63.9705
21 74 37.6177 -63.5449
21 75 37.5395 -63.1229
21 76 37.4596 -62.7045
21 77 37.3781 -62.2899
21 78 37.295 -61.8789
21 79 37.2111 -61.4747
21 80 37.1251 -61.0714
21 81 37.0377 -60.672
21 82 36.949 -60.2764
21 83 36.8588 -59.8846
21 84 36.7674 -59.4967
21 85 36.6748 -59.1128
21 86 36.5809 -58.7328
21 87 36.4858 -58.3568
21 88 36.3895 -57.9848
21 89 36.2922 -57.6168
21 90 36.1938 -57.2529
21 91 36.0944 -56.893
21 92 35.994 -56.5373
21 93 35.8926 -56.1856
21 94 35.7903 -55.8381
21 95 35.6872 -55.4948
21 96 35.5831 -55.1557
21 97 35.4783 -54.8208
21 98 35.3727 -54.4901
21 99 35.2664 -54.1636
21 100 35.1594 -53.8414
21 101 35.0517 -53.5235
21 102 34.9434 -53.2099
21 103 34.8344 -52.9006
21 104 34.7249 -52.5956
21 105 34.6149 -52.295
21 106 34.5044 -51.9987
21 107 34.3934 -51.7068
21 108 34.2819 -51.4193
21 109 34.17 -51.1361
21 110 34.0578 -50.8574
