16 225 2999 31556736
0 0.000000 180 45
0 1 53.1969 -106.847
0 2 53.6854 -106.799
0 3 54.1334 -106.779
0 4 54.5643 -106.771
0 5 54.9854 -106.77
0 6 55.4004 -106.773
0 7 55.8112 -106.779
0 8 56.2187 -106.788
0 9 56.6238 -106.798
0 10 57.0269 -106.809
0 11 57.4284 -106.822
0 12 57.8284 -106.835
0 13 58.227 -106.85
0 14 58.6245 -106.865
0 15 58.3346 -107.254
0 16 58.7479 -107.251
0 17 59.1548 -107.252
0 18 59.5561 -107.256
0 19 59.9524 -107.264
0 20 60.344 -107.274
0 21 60.7313 -107.287
0 22 61.1145 -107.302
0 23 61.4938 -107.319
0 24 61.8692 -107.338
0 25 62.241 -107.359
0 26 62.609 -107.382
0 27 62.9734 -107.407
0 28 63.3341 -107.433
0 29 63.6911 -107.461
0 30 64.0445 -107.491
0 31 64.394 -107.522
0 32 64.7398 -107.555
0 33 65.0817 -107.59
0 34 65.4197 -107.626
0 35 65.7537 -107.664
0 36 66.0837 -107.704
0 37 66.4095 -107.746
0 38 66.731 -107.79
0 39 67.0482 -107.835
0 40 67.3611 -107.882
0 41 67.6694 -107.932
0 42 67.9731 -107.983
0 43 68.2722 -108.037
0 44 68.5664 -108.093
0 45 69.1684 -109.254
0 46 69.5716 -109.3
0 47 69.9721 -109.35
0 48 70.3703 -109.404
0 49 70.766 -109.461
0 50 71.1594 -109.523
0 51 71.5506 -109.59
0 52 71.9396 -109.66
0 53 72.3264 -109.736
0 54 72.7111 -109.816
0 55 73.0938 -109.901
0 56 73.4743 -109.992
0 57 73.8529 -110.088
0 58 74.2294 -110.19
0 59 74.6039 -110.298
0 60 74.9763 -110.413
0 61 75.3468 -110.535
0 62 75.7152 -110.664
0 63 76.0816 -110.801
0 64 76.446 -110.947
0 65 76.8083 -111.101
0 66 77.1685 -111.265
0 67 77.5266 -111.44
0 68 77.8827 -111.625
0 69 78.2365 -111.823
0 70 78.5883 -112.034
0 71 78.9378 -112.259
0 72 79.2851 -112.499
0 73 79.6301 -112.756
0 74 79.9728 -113.031
0 75 80.3132 -113.327
0 76 80.6511 -113.644
0 77 80.9866 -113.985
0 78 81.3195 -114.353
0 79 81.6499 -114.75
0 80 81.9776 -115.18
0 81 82.3026 -115.647
0 82 82.6248 -116.154
0 83 82.944 -116.707
0 84 83.2602 -117.311
0 85 83.5733 -117.974
0 86 83.883 -118.702
0 87 84.1893 -119.507
0 88 84.4919 -120.398
0 89 84.7905 -121.389
0 90 85.085 -122.497
0 91 85.375 -123.74
0 92 85.6599 -125.143
0 93 85.9395 -126.734
0 94 86.2129 -128.549
0 95 86.4795 -130.633
0 96 86.7382 -133.039
0 97 86.9876 -135.836
0 98 87.2262 -139.105
0 99 87.4517 -142.945
0 100 87.6613 -147.469
0 101 87.8513 -152.797
0 102 88.0173 -159.035
0 103 88.154 -166.239
0 104 88.2558 -174.363
0 105 88.3177 176.803
0 106 88.3366 167.628
0 107 88.3123 158.581
0 108 88.248 150.092
0 109 88.149 142.448
0 110 88.0216 135.767
0 111 87.8721 130.035
0 112 87.7056 125.164
0 113 87.5265 121.036
0 114 87.3382 117.532
0 115 87.1433 114.549
0 116 86.9438 111.995
0 117 86.7411 109.796
0 118 86.5366 107.893
0 119 86.331 106.237
0 120 86.1251 104.788
0 121 85.9195 103.514
0 122 85.7146 102.389
0 123 85.5108 101.392
0 124 85.3084 100.505
0 125 85.1077 99.714
0 126 84.9088 99.0065
0 127 84.712 98.3725
0 128 84.5174 97.8033
0 129 84.325 97.2916
0 130 84.1351 96.8314
0 131 83.9478 96.4172
0 132 83.763 96.0445
0 133 83.5809 95.7094
0 134 83.4016 95.4084
0 135 83.225 95.1385
0 136 83.0513 94.8972
0 137 82.8804 94.6822
0 138 82.7125 94.4914
0 139 82.5476 94.3231
0 140 82.3856 94.1757
0 141 82.2267 94.0478
0 142 82.0708 93.9381
0 143 81.918 93.8457
0 144 81.7683 93.7695
0 145 81.6217 93.7085
0 146 81.4782 93.6622
0 147 81.3379 93.6297
0 148 81.2007 93.6105
0 149 81.0667 93.6039
0 150 80.9359 93.6095
0 151 80.8083 93.6269
0 152 80.6838 93.6557
0 153 80.5626 93.6955
0 154 80.4445 93.746
0 155 80.3297 93.807
0 156 80.2181 93.8781
0 157 80.1097 93.9593
0 158 80.0045 94.0504
0 159 79.9026 94.1511
0 160 79.8038 94.2614
0 161 79.7083 94.3812
0 162 79.6159 94.5104
0 163 79.5268 94.6489
0 164 79.4409 94.7967
0 165 79.3582 94.9538
0 166 79.2786 95.1203
0 167 79.2022 95.296
0 168 79.129 95.4811
0 169 79.059 95.6756
0 170 78.9921 95.8796
0 171 78.9283 96.0932
0 172 78.8676 96.3164
0 173 78.81 96.5494
0 174 78.7555 96.7923
0 175 78.704 97.0452
0 176 78.6556 97.3084
0 177 78.6102 97.5819
0 178 78.5678 97.866
0 179 78.5283 98.1608
0 180 78.4918 98.4667
0 181 78.4582 98.7838
0 182 78.4274 99.1123
0 183 78.3995 99.4526
0 184 78.3744 99.8049
0 185 78.352 100.169
0 186 78.3324 100.547
0 187 78.3154 100.937
0 188 78.301 101.34
0 189 78.2892 101.757
0 190 78.28 102.188
0 191 78.2732 102.634
0 192 78.2688 103.094
0 193 78.2667 103.57
0 194 78.2669 104.061
0 195 78.2693 104.568
0 196 78.2738 105.092
0 197 78.2804 105.633
0 198 78.2889 106.192
0 199 78.2992 106.769
0 200 78.3113 107.364
0 201 78.3251 107.979
0 202 78.3404 108.614
0 203 78.3571 109.269
0 204 78.3751 109.945
0 205 78.3942 110.643
0 206 78.4144 111.363
0 207 78.4354 112.106
0 208 78.4572 112.873
0 209 78.4795 113.663
0 210 78.5021 114.479
0 211 78.5249 115.32
0 212 78.5477 116.188
0 213 78.5703 117.082
0 214 78.5923 118.003
0 215 78.6137 118.953
0 216 78.6341 119.931
0 217 78.6533 120.938
0 218 78.671 121.975
0 219 78.6869 123.042
0 220 78.7007 124.139
0 221 78.7121 125.267
0 222 78.7207 126.426
0 223 78.7263 127.616
0 224 78.7283 128.837
0 225 78.7265 130.089
1 1 53.2082 -106.688
1 2 53.6925 -106.604
1 3 54.1386 -106.545
1 4 54.5682 -106.497
1 5 54.9885 -106.454
1 6 55.4028 -106.415
1 7 55.8129 -106.378
1 8 56.22 -106.342
1 9 56.6246 -106.307
1 10 57.0273 -106.272
1 11 57.4284 -106.238
1 12 57.828 -106.203
1 13 58.2263 -106.169
1 14 58.6234 -106.134
1 15 58.3479 -106.5
1 16 58.76 -106.447
1 17 59.1659 -106.398
1 18 59.5664 -106.351
1 19 59.9619 -106.306
1 20 60.3528 -106.263
1 21 60.7396 -106.221
1 22 61.1223 -106.18
1 23 61.5011 -106.141
1 24 61.8762 -106.102
1 25 62.2476 -106.065
1 26 62.6154 -106.027
1 27 62.9795 -105.991
1 28 63.3401 -105.955
1 29 63.6969 -105.92
1 30 64.0502 -105.885
1 31 64.3997 -105.851
1 32 64.7455 -105.818
1 33 65.0874 -105.784
1 34 65.4255 -105.752
1 35 65.7596 -105.72
1 36 66.0897 -105.689
1 37 66.4157 -105.658
1 38 66.7375 -105.628
1 39 67.055 -105.599
1 40 67.3682 -105.571
1 41 67.6769 -105.544
1 42 67.9811 -105.517
1 43 68.2806 -105.492
1 44 68.5755 -105.468
1 45 69.216 -106.3
1 46 69.6186 -106.232
1 47 70.0187 -106.164
1 48 70.4164 -106.095
1 49 70.8118 -106.027
1 50 71.205 -105.957
1 51 71.596 -105.888
1 52 71.9849 -105.817
1 53 72.3717 -105.746
1 54 72.7565 -105.673
1 55 73.1393 -105.6
1 56 73.5201 -105.525
1 57 73.899 -105.448
1 58 74.2759 -105.371
1 59 74.6508 -105.291
1 60 75.0239 -105.21
1 61 75.395 -105.127
1 62 75.7642 -105.041
1 63 76.1315 -104.954
1 64 76.4968 -104.863
1 65 76.8602 -104.77
1 66 77.2217 -104.675
1 67 77.5812 -104.575
1 68 77.9388 -104.473
1 69 78.2943 -104.367
1 70 78.6479 -104.256
1 71 78.9995 -104.141
1 72 79.349 -104.022
1 73 79.6964 -103.897
1 74 80.0418 -103.767
1 75 80.3851 -103.63
1 76 80.7263 -103.487
1 77 81.0653 -103.336
1 78 81.4022 -103.176
1 79 81.7369 -103.008
1 80 82.0693 -102.829
1 81 82.3995 -102.64
1 82 82.7274 -102.437
1 83 83.053 -102.221
1 84 83.3763 -101.988
1 85 83.6971 -101.737
1 86 84.0156 -101.465
1 87 84.3316 -101.169
1 88 84.6452 -100.846
1 89 84.9562 -100.49
1 90 85.2646 -100.095
1 91 85.5704 -99.6559
1 92 85.8735 -99.1616
1 93 86.1738 -98.6009
1 94 86.4712 -97.9581
1 95 86.7657 -97.2123
1 96 87.0571 -96.3349
1 97 87.3451 -95.2858
1 98 87.6296 -94.0066
1 99 87.9101 -92.4098
1 100 88.1861 -90.3579
1 101 88.4565 -87.6243
1 102 88.7196 -83.8101
1 103 88.9719 -78.1629
1 104 89.206 -69.1601
1 105 89.404 -53.7089
1 106 89.5236 -27.6868
1 107 89.5092 4.10716
1 108 89.3733 27.4671
1 109 89.1767 41.0173
1 110 88.9552 49.0332
1 111 88.7234 54.1593
1 112 88.4876 57.6794
1 113 88.2506 60.2372
1 114 88.014 62.1799
1 115 87.7787 63.708
1 116 87.5452 64.9445
1 117 87.3138 65.9688
1 118 87.0849 66.8341
1 119 86.8585 67.5774
1 120 86.6349 68.2253
1 121 86.414 68.7973
1 122 86.196 69.3079
1 123 85.981 69.7683
1 124 85.769 70.1872
1 125 85.56 70.5716
1 126 85.354 70.9268
1 127 85.1512 71.2574
1 128 84.9516 71.5669
1 129 84.7551 71.8585
1 130 84.5618 72.1346
1 131 84.3717 72.3973
1 132 84.1848 72.6485
1 133 84.0012 72.8897
1 134 83.8209 73.1222
1 135 83.6439 73.3471
1 136 83.4701 73.5655
1 137 83.2997 73.7783
1 138 83.1327 73.9862
1 139 82.969 74.19
1 140 82.8086 74.3902
1 141 82.6517 74.5874
1 142 82.4981 74.7821
1 143 82.3479 74.9748
1 144 82.2011 75.1659
1 145 82.0578 75.3557
1 146 81.9179 75.5447
1 147 81.7814 75.7331
1 148 81.6483 75.9213
1 149 81.5188 76.1096
1 150 81.3927 76.2982
1 151 81.27 76.4874
1 152 81.1508 76.6774
1 153 81.0352 76.8685
1 154 80.923 77.0609
1 155 80.8143 77.2549
1 156 80.7091 77.4505
1 157 80.6074 77.6482
1 158 80.5092 77.848
1 159 80.4145 78.0501
1 160 80.3233 78.2549
1 161 80.2357 78.4624
1 162 80.1516 78.6729
1 163 80.0709 78.8865
1 164 79.9939 79.1036
1 165 79.9203 79.3242
1 166 79.8502 79.5486
1 167 79.7837 79.777
1 168 79.7207 80.0097
1 169 79.6612 80.2468
1 170 79.6052 80.4886
1 171 79.5527 80.7352
1 172 79.5037 80.987
1 173 79.4582 81.2442
1 174 79.4162 81.507
1 175 79.3777 81.7757
1 176 79.3427 82.0505
1 177 79.3111 82.3318
1 178 79.283 82.6198
1 179 79.2583 82.9149
1 180 79.2371 83.2173
1 181 79.2193 83.5273
1 182 79.2049 83.8454
1 183 79.1939 84.1718
1 184 79.1863 84.507
1 185 79.182 84.8512
1 186 79.1811 85.205
1 187 79.1835 85.5687
1 188 79.1892 85.9428
1 189 79.1982 86.3278
1 190 79.2104 86.724
1 191 79.2258 87.1322
1 192 79.2444 87.5527
1 193 79.2661 87.9861
1 194 79.2909 88.433
1 195 79.3188 88.8941
1 196 79.3497 89.37
1 197 79.3836 89.8614
1 198 79.4204 90.369
1 199 79.46 90.8936
1 200 79.5025 91.4359
1 201 79.5477 91.9968
1 202 79.5955 92.5771
1 203 79.646 93.1779
1 204 79.6989 93.8
1 205 79.7542 94.4445
1 206 79.8119 95.1125
1 207 79.8717 95.8051
1 208 79.9337 96.5234
1 209 79.9976 97.2688
1 210 80.0633 98.0425
1 211 80.1308 98.8457
1 212 80.1997 99.6801
1 213 80.27 100.547
1 214 80.3415 101.448
1 215 80.4139 102.384
1 216 80.4871 103.358
1 217 80.5608 104.371
1 218 80.6348 105.424
1 219 80.7088 106.519
1 220 80.7824 107.659
1 221 80.8555 108.844
1 222 80.9275 110.077
1 223 80.9982 111.359
1 224 81.0672 112.693
1 225 81.134 114.078
2 1 53.212 -106.532
2 2 53.6916 -106.41
2 3 54.1346 -106.312
2 4 54.5618 -106.223
2 5 54.9799 -106.139
2 6 55.3921 -106.058
2 7 55.8002 -105.978
2 8 56.2052 -105.898
2 9 56.6079 -105.818
2 10 57.0086 -105.737
2 11 57.4077 -105.656
2 12 57.8053 -105.574
2 13 58.2015 -105.491
2 14 58.5966 -105.406
2 15 58.3324 -105.749
2 16 58.7417 -105.648
2 17 59.145 -105.548
2 18 59.5429 -105.45
2 19 59.9359 -105.352
2 20 60.3244 -105.256
2 21 60.7087 -105.16
2 22 61.089 -105.064
2 23 61.4655 -104.968
2 24 61.8382 -104.872
2 25 62.2073 -104.776
2 26 62.5727 -104.679
2 27 62.9345 -104.582
2 28 63.2927 -104.485
2 29 63.6472 -104.387
2 30 63.9981 -104.288
2 31 64.3452 -104.189
2 32 64.6886 -104.089
2 33 65.0282 -103.989
2 34 65.3639 -103.888
2 35 65.6956 -103.787
2 36 66.0233 -103.685
2 37 66.3469 -103.583
2 38 66.6663 -103.481
2 39 66.9814 -103.378
2 40 67.2922 -103.275
2 41 67.5986 -103.171
2 42 67.9004 -103.068
2 43 68.1976 -102.965
2 44 68.4901 -102.862
2 45 69.1514 -103.362
2 46 69.5495 -103.181
2 47 69.945 -102.996
2 48 70.3381 -102.808
2 49 70.7287 -102.614
2 50 71.1171 -102.416
2 51 71.5032 -102.212
2 52 71.887 -102.002
2 53 72.2686 -101.786
2 54 72.6481 -101.564
2 55 73.0254 -101.334
2 56 73.4006 -101.097
2 57 73.7736 -100.852
2 58 74.1445 -100.599
2 59 74.5133 -100.336
2 60 74.8799 -100.064
2 61 75.2444 -99.7813
2 62 75.6068 -99.4874
2 63 75.9669 -99.1817
2 64 76.3248 -98.8632
2 65 76.6805 -98.5312
2 66 77.0339 -98.1846
2 67 77.385 -97.8223
2 68 77.7338 -97.4431
2 69 78.0802 -97.0459
2 70 78.4241 -96.6292
2 71 78.7656 -96.1914
2 72 79.1045 -95.7308
2 73 79.4407 -95.2456
2 74 79.7743 -94.7337
2 75 80.1052 -94.1928
2 76 80.4332 -93.6204
2 77 80.7583 -93.0135
2 78 81.0803 -92.3689
2 79 81.3993 -91.6831
2 80 81.7149 -90.9521
2 81 82.0271 -90.1714
2 82 82.3358 -89.3357
2 83 82.6408 -88.4394
2 84 82.9419 -87.4758
2 85 83.2388 -86.4374
2 86 83.5313 -85.3158
2 87 83.8192 -84.1013
2 88 84.1021 -82.7827
2 89 84.3796 -81.3473
2 90 84.6514 -79.7806
2 91 84.9168 -78.066
2 92 85.1753 -76.1847
2 93 85.4263 -74.1153
2 94 85.6688 -71.8339
2 95 85.902 -69.314
2 96 86.1247 -66.5268
2 97 86.3356 -63.4422
2 98 86.5332 -60.0297
2 99 86.7159 -56.2618
2 100 86.8816 -52.1164
2 101 87.0283 -47.5829
2 102 87.1539 -42.6673
2 103 87.2563 -37.3988
2 104 87.3336 -31.834
2 105 87.3846 -26.0576
2 106 87.4085 -20.1772
2 107 87.4055 -14.3128
2 108 87.3765 -8.58207
2 109 87.3232 -3.08743
2 110 87.2478 2.0938
2 111 87.153 6.9127
2 112 87.0413 11.3469
2 113 86.9153 15.3954
2 114 86.7774 19.0726
2 115 86.6297 22.4024
2 116 86.474 25.4136
2 117 86.3121 28.1366
2 118 86.1452 30.6013
2 119 85.9745 32.8359
2 120 85.801 34.8663
2 121 85.6255 36.7157
2 122 85.4487 38.4048
2 123 85.2713 39.9518
2 124 85.0938 41.3727
2 125 84.9165 42.6816
2 126 84.7398 43.8906
2 127 84.5641 45.0106
2 128 84.3897 46.0509
2 129 84.2167 47.0197
2 130 84.0454 47.9242
2 131 83.876 48.7709
2 132 83.7086 49.5653
2 133 83.5435 50.3125
2 134 83.3806 51.0168
2 135 83.2201 51.682
2 136 83.0622 52.3119
2 137 82.9069 52.9093
2 138 82.7543 53.4772
2 139 82.6045 54.018
2 140 82.4575 54.534
2 141 82.3134 55.0273
2 142 82.1723 55.4997
2 143 82.0342 55.9528
2 144 81.8991 56.3882
2 145 81.7672 56.8073
2 146 81.6384 57.2114
2 147 81.5128 57.6016
2 148 81.3904 57.9789
2 149 81.2713 58.3445
2 150 81.1555 58.6991
2 151 81.0429 59.0437
2 152 80.9338 59.379
2 153 80.828 59.7057
2 154 80.7255 60.0246
2 155 80.6266 60.3362
2 156 80.531 60.6411
2 157 80.4389 60.94
2 158 80.3503 61.2332
2 159 80.2652 61.5214
2 160 80.1835 61.805
2 161 80.1055 62.0844
2 162 80.0309 62.36
2 163 79.9599 62.6324
2 164 79.8925 62.9018
2 165 79.8287 63.1686
2 166 79.7685 63.4332
2 167 79.7119 63.696
2 168 79.659 63.9572
2 169 79.6096 64.2173
2 170 79.5639 64.4765
2 171 79.5219 64.7352
2 172 79.4835 64.9936
2 173 79.4488 65.2521
2 174 79.4178 65.5111
2 175 79.3905 65.7707
2 176 79.3669 66.0313
2 177 79.347 66.2933
2 178 79.3308 66.5569
2 179 79.3184 66.8224
2 180 79.3097 67.0902
2 181 79.3047 67.3606
2 182 79.3034 67.6338
2 183 79.3059 67.9104
2 184 79.3121 68.1905
2 185 79.3221 68.4746
2 186 79.3358 68.763
2 187 79.3533 69.0561
2 188 79.3745 69.3543
2 189 79.3995 69.6581
2 190 79.4283 69.9677
2 191 79.4608 70.2838
2 192 79.4971 70.6067
2 193 79.5371 70.937
2 194 79.5809 71.2751
2 195 79.6284 71.6217
2 196 79.6797 71.9773
2 197 79.7347 72.3425
2 198 79.7934 72.7179
2 199 79.8558 73.1043
2 200 79.9219 73.5024
2 201 79.9917 73.913
2 202 80.0652 74.3369
2 203 80.1423 74.7749
2 204 80.2231 75.2282
2 205 80.3074 75.6976
2 206 80.3954 76.1842
2 207 80.4868 76.6894
2 208 80.5818 77.2143
2 209 80.6802 77.7603
2 210 80.782 78.3288
2 211 80.8872 78.9216
2 212 80.9957 79.5402
2 213 81.1074 80.1867
2 214 81.2222 80.8629
2 215 81.3401 81.5712
2 216 81.461 82.3139
2 217 81.5847 83.0936
2 218 81.7111 83.9131
2 219 81.8401 84.7756
2 220 81.9715 85.6842
2 221 82.1052 86.6428
2 222 82.2408 87.6552
2 223 82.3782 88.7257
2 224 82.5172 89.8589
2 225 82.6573 91.06
3 1 53.2085 -106.378
3 2 53.6828 -106.219
3 3 54.1217 -106.081
3 4 54.5452 -105.952
3 5 54.9597 -105.827
3 6 55.3684 -105.704
3 7 55.773 -105.581
3 8 56.1746 -105.457
3 9 56.5737 -105.332
3 10 56.9709 -105.207
3 11 57.3664 -105.079
3 12 57.7603 -104.95
3 13 58.1529 -104.818
3 14 58.5442 -104.684
3 15 58.2885 -105.006
3 16 58.6935 -104.856
3 17 59.0925 -104.706
3 18 59.4861 -104.558
3 19 59.8749 -104.409
3 20 60.2592 -104.26
3 21 60.6393 -104.11
3 22 61.0153 -103.96
3 23 61.3875 -103.809
3 24 61.7559 -103.656
3 25 62.1206 -103.503
3 26 62.4816 -103.348
3 27 62.8389 -103.191
3 28 63.1926 -103.033
3 29 63.5426 -102.874
3 30 63.8889 -102.713
3 31 64.2314 -102.55
3 32 64.5701 -102.386
3 33 64.905 -102.221
3 34 65.2359 -102.053
3 35 65.5628 -101.885
3 36 65.8856 -101.714
3 37 66.2043 -101.543
3 38 66.5187 -101.37
3 39 66.8289 -101.196
3 40 67.1346 -101.02
3 41 67.4359 -100.844
3 42 67.7326 -100.666
3 43 68.0247 -100.488
3 44 68.3121 -100.309
3 45 68.977 -100.485
3 46 69.3667 -100.197
3 47 69.7537 -99.9011
3 48 70.1381 -99.5978
3 49 70.5198 -99.286
3 50 70.8989 -98.9653
3 51 71.2755 -98.6351
3 52 71.6496 -98.295
3 53 72.0211 -97.9441
3 54 72.3902 -97.582
3 55 72.7567 -97.208
3 56 73.1208 -96.8213
3 57 73.4823 -96.4212
3 58 73.8413 -96.0069
3 59 74.1977 -95.5776
3 60 74.5516 -95.1324
3 61 74.9027 -94.6703
3 62 75.2512 -94.1903
3 63 75.597 -93.6913
3 64 75.94 -93.1721
3 65 76.2801 -92.6314
3 66 76.6172 -92.068
3 67 76.9514 -91.4804
3 68 77.2824 -90.8669
3 69 77.6103 -90.2261
3 70 77.9348 -89.5559
3 71 78.256 -88.8546
3 72 78.5737 -88.12
3 73 78.8877 -87.3498
3 74 79.1979 -86.5417
3 75 79.5041 -85.6931
3 76 79.8063 -84.8011
3 77 80.1041 -83.8628
3 78 80.3975 -82.8748
3 79 80.6862 -81.8338
3 80 80.97 -80.7359
3 81 81.2486 -79.5772
3 82 81.5218 -78.3535
3 83 81.7892 -77.0603
3 84 82.0506 -75.6929
3 85 82.3055 -74.2462
3 86 82.5537 -72.7152
3 87 82.7947 -71.0945
3 88 83.028 -69.3789
3 89 83.2532 -67.563
3 90 83.4698 -65.6415
3 91 83.6772 -63.6098
3 92 83.8749 -61.4635
3 93 84.0622 -59.1992
3 94 84.2386 -56.8143
3 95 84.4033 -54.3078
3 96 84.5557 -51.6805
3 97 84.6952 -48.9352
3 98 84.8212 -46.077
3 99 84.9331 -43.1138
3 100 85.0304 -40.0564
3 101 85.1127 -36.9181
3 102 85.1797 -33.7152
3 103 85.2313 -30.466
3 104 85.2674 -27.1907
3 105 85.2881 -23.9103
3 106 85.2937 -20.6461
3 107 85.2847 -17.4189
3 108 85.2616 -14.2479
3 109 85.2251 -11.1503
3 110 85.1759 -8.14096
3 111 85.115 -5.23181
3 112 85.0432 -2.43207
3 113 84.9615 0.251842
3 114 84.8707 2.81604
3 115 84.7717 5.25888
3 116 84.6655 7.58062
3 117 84.5528 9.78309
3 118 84.4345 11.8693
3 119 84.3113 13.8433
3 120 84.1838 15.7096
3 121 84.0528 17.4732
3 122 83.9188 19.1395
3 123 83.7823 20.7137
3 124 83.6439 22.2012
3 125 83.504 23.6072
3 126 83.363 24.9368
3 127 83.2213 26.1948
3 128 83.0793 27.3858
3 129 82.9372 28.5141
3 130 82.7953 29.5839
3 131 82.6539 30.599
3 132 82.5132 31.563
3 133 82.3735 32.4792
3 134 82.2349 33.3508
3 135 82.0977 34.1807
3 136 81.9619 34.9715
3 137 81.8278 35.7258
3 138 81.6955 36.4458
3 139 81.5651 37.1338
3 140 81.4367 37.7918
3 141 81.3105 38.4215
3 142 81.1865 39.0248
3 143 81.0649 39.6032
3 144 80.9457 40.1583
3 145 80.8291 40.6913
3 146 80.715 41.2037
3 147 80.6036 41.6965
3 148 80.4949 42.171
3 149 80.3891 42.6282
3 150 80.286 43.0691
3 151 80.1859 43.4945
3 152 80.0888 43.9054
3 153 79.9946 44.3024
3 154 79.9035 44.6865
3 155 79.8156 45.0583
3 156 79.7307 45.4184
3 157 79.649 45.7675
3 158 79.5706 46.1062
3 159 79.4954 46.435
3 160 79.4235 46.7545
3 161 79.3549 47.0651
3 162 79.2897 47.3673
3 163 79.2278 47.6616
3 164 79.1694 47.9484
3 165 79.1143 48.2281
3 166 79.0628 48.501
3 167 79.0147 48.7675
3 168 78.9702 49.0281
3 169 78.9291 49.2829
3 170 78.8917 49.5324
3 171 78.8578 49.7768
3 172 78.8275 50.0165
3 173 78.8008 50.2517
3 174 78.7778 50.4827
3 175 78.7584 50.7097
3 176 78.7427 50.933
3 177 78.7307 51.153
3 178 78.7224 51.3697
3 179 78.7179 51.5835
3 180 78.7171 51.7946
3 181 78.7201 52.0032
3 182 78.7269 52.2096
3 183 78.7374 52.4139
3 184 78.7518 52.6164
3 185 78.7701 52.8174
3 186 78.7922 53.017
3 187 78.8182 53.2154
3 188 78.8481 53.413
3 189 78.8819 53.6099
3 190 78.9196 53.8063
3 191 78.9612 54.0025
3 192 79.0069 54.1988
3 193 79.0565 54.3953
3 194 79.1101 54.5923
3 195 79.1677 54.7901
3 196 79.2293 54.989
3 197 79.295 55.1892
3 198 79.3648 55.391
3 199 79.4387 55.5948
3 200 79.5166 55.8007
3 201 79.5987 56.0093
3 202 79.6849 56.2208
3 203 79.7753 56.4357
3 204 79.8699 56.6542
3 205 79.9687 56.877
3 206 80.0717 57.1043
3 207 80.179 57.3368
3 208 80.2905 57.5749
3 209 80.4063 57.8192
3 210 80.5264 58.0704
3 211 80.6508 58.3291
3 212 80.7796 58.5961
3 213 80.9128 58.8722
3 214 81.0503 59.1583
3 215 81.1923 59.4554
3 216 81.3386 59.7646
3 217 81.4895 60.087
3 218 81.6447 60.4241
3 219 81.8045 60.7773
3 220 81.9688 61.1483
3 221 82.1375 61.539
3 222 82.3108 61.9515
3 223 82.4886 62.3883
3 224 82.671 62.8521
3 225 82.8578 63.346
4 1 53.1982 -106.227
4 2 53.6663 -106.029
4 3 54.0999 -105.853
4 4 54.5184 -105.684
4 5 54.9281 -105.518
4 6 55.3319 -105.354
4 7 55.7316 -105.188
4 8 56.1283 -105.021
4 9 56.5224 -104.853
4 10 56.9145 -104.682
4 11 57.3048 -104.509
4 12 57.6934 -104.333
4 13 58.0807 -104.155
4 14 58.4665 -103.973
4 15 58.2166 -104.274
4 16 58.6158 -104.076
4 17 59.0089 -103.878
4 18 59.3967 -103.68
4 19 59.7795 -103.48
4 20 60.1578 -103.28
4 21 60.5318 -103.078
4 22 60.9018 -102.875
4 23 61.2678 -102.67
4 24 61.6299 -102.463
4 25 61.9883 -102.253
4 26 62.3429 -102.042
4 27 62.6938 -101.828
4 28 63.0409 -101.612
4 29 63.3843 -101.393
4 30 63.7238 -101.172
4 31 64.0595 -100.949
4 32 64.3913 -100.723
4 33 64.7192 -100.494
4 34 65.043 -100.264
4 35 65.3628 -100.031
4 36 65.6784 -99.7954
4 37 65.9897 -99.5579
4 38 66.2968 -99.3182
4 39 66.5995 -99.0764
4 40 66.8977 -98.8328
4 41 67.1914 -98.5873
4 42 67.4804 -98.3401
4 43 67.7648 -98.0915
4 44 68.0443 -97.8415
4 45 68.6968 -97.7108
4 46 69.0747 -97.3234
4 47 69.4496 -96.9259
4 48 69.8215 -96.5177
4 49 70.1904 -96.0982
4 50 70.5563 -95.6667
4 51 70.9193 -95.2228
4 52 71.2794 -94.7656
4 53 71.6365 -94.2946
4 54 71.9907 -93.8089
4 55 72.3419 -93.3079
4 56 72.6901 -92.7907
4 57 73.0353 -92.2565
4 58 73.3773 -91.7044
4 59 73.7162 -91.1336
4 60 74.0519 -90.543
4 61 74.3843 -89.9317
4 62 74.7133 -89.2986
4 63 75.0389 -88.6426
4 64 75.361 -87.9625
4 65 75.6794 -87.2571
4 66 75.9941 -86.5252
4 67 76.3049 -85.7653
4 68 76.6117 -84.976
4 69 76.9144 -84.1559
4 70 77.2128 -83.3035
4 71 77.5069 -82.4171
4 72 77.7963 -81.495
4 73 78.081 -80.5357
4 74 78.3607 -79.5371
4 75 78.6354 -78.4976
4 76 78.9047 -77.4152
4 77 79.1684 -76.2881
4 78 79.4264 -75.1143
4 79 79.6783 -73.8918
4 80 79.9239 -72.6189
4 81 80.163 -71.2935
4 82 80.3953 -69.914
4 83 80.6205 -68.4786
4 84 80.8382 -66.9859
4 85 81.0482 -65.4344
4 86 81.2502 -63.823
4 87 81.4438 -62.151
4 88 81.6288 -60.418
4 89 81.8047 -58.6239
4 90 81.9712 -56.7692
4 91 82.1281 -54.8549
4 92 82.2751 -52.8826
4 93 82.4117 -50.8547
4 94 82.5378 -48.7741
4 95 82.6532 -46.6445
4 96 82.7575 -44.4705
4 97 82.8508 -42.257
4 98 82.9327 -40.01
4 99 83.0033 -37.7358
4 100 83.0625 -35.4413
4 101 83.1104 -33.1339
4 102 83.147 -30.8211
4 103 83.1726 -28.5106
4 104 83.1873 -26.2101
4 105 83.1913 -23.9269
4 106 83.1851 -21.6682
4 107 83.1689 -19.4407
4 108 83.1432 -17.2505
4 109 83.1084 -15.103
4 110 83.065 -13.0031
4 111 83.0135 -10.9548
4 112 82.9543 -8.96145
4 113 82.888 -7.02568
4 114 82.815 -5.14944
4 115 82.736 -3.33405
4 116 82.6514 -1.58024
4 117 82.5616 0.111758
4 118 82.4672 1.74218
4 119 82.3687 3.31165
4 120 82.2664 4.82112
4 121 82.1609 6.27181
4 122 82.0524 7.66516
4 123 81.9415 9.00278
4 124 81.8284 10.2864
4 125 81.7135 11.5178
4 126 81.5971 12.699
4 127 81.4796 13.8317
4 128 81.3612 14.918
4 129 81.2422 15.9597
4 130 81.1229 16.9588
4 131 81.0034 17.917
4 132 80.884 18.8361
4 133 80.765 19.718
4 134 80.6465 20.5642
4 135 80.5287 21.3764
4 136 80.4117 22.1561
4 137 80.2958 22.9049
4 138 80.1811 23.6241
4 139 80.0677 24.3151
4 140 79.9558 24.9792
4 141 79.8454 25.6176
4 142 79.7367 26.2316
4 143 79.6299 26.8221
4 144 79.5249 27.3903
4 145 79.422 27.9371
4 146 79.3212 28.4635
4 147 79.2226 28.9704
4 148 79.1262 29.4587
4 149 79.0322 29.9291
4 150 78.9406 30.3824
4 151 78.8515 30.8193
4 152 78.765 31.2406
4 153 78.6811 31.6468
4 154 78.5998 32.0385
4 155 78.5213 32.4164
4 156 78.4456 32.781
4 157 78.3728 33.1328
4 158 78.3028 33.4723
4 159 78.2357 33.8
4 160 78.1716 34.1163
4 161 78.1105 34.4217
4 162 78.0525 34.7164
4 163 77.9976 35.0009
4 164 77.9458 35.2756
4 165 77.8972 35.5408
4 166 77.8518 35.7968
4 167 77.8096 36.0438
4 168 77.7707 36.2823
4 169 77.7351 36.5124
4 170 77.7028 36.7344
4 171 77.6739 36.9486
4 172 77.6483 37.1551
4 173 77.6262 37.3543
4 174 77.6074 37.5462
4 175 77.5922 37.7311
4 176 77.5804 37.9091
4 177 77.5721 38.0805
4 178 77.5674 38.2453
4 179 77.5662 38.4038
4 180 77.5685 38.556
4 181 77.5745 38.7022
4 182 77.5841 38.8423
4 183 77.5973 38.9766
4 184 77.6142 39.1051
4 185 77.6348 39.2279
4 186 77.6591 39.3451
4 187 77.6871 39.4567
4 188 77.7188 39.5629
4 189 77.7543 39.6637
4 190 77.7936 39.7591
4 191 77.8367 39.8492
4 192 77.8836 39.934
4 193 77.9343 40.0135
4 194 77.9889 40.0878
4 195 78.0474 40.1568
4 196 78.1098 40.2206
4 197 78.1762 40.2791
4 198 78.2464 40.3322
4 199 78.3207 40.3801
4 200 78.3989 40.4225
4 201 78.4811 40.4596
4 202 78.5674 40.491
4 203 78.6577 40.5169
4 204 78.7521 40.5371
4 205 78.8506 40.5514
4 206 78.9532 40.5597
4 207 79.06 40.562
4 208 79.171 40.5579
4 209 79.2861 40.5473
4 210 79.4055 40.5301
4 211 79.5291 40.5058
4 212 79.657 40.4743
4 213 79.7892 40.4353
4 214 79.9257 40.3884
4 215 80.0666 40.3332
4 216 80.2119 40.2693
4 217 80.3616 40.1963
4 218 80.5158 40.1135
4 219 80.6744 40.0203
4 220 80.8376 39.9162
4 221 81.0053 39.8003
4 222 81.1776 39.6718
4 223 81.3545 39.5296
4 224 81.5361 39.3728
4 225 81.7223 39.2001
5 1 53.1811 -106.078
5 2 53.6422 -105.843
5 3 54.0695 -105.629
5 4 54.4818 -105.421
5 5 54.8852 -105.215
5 6 55.2828 -105.009
5 7 55.6762 -104.802
5 8 56.0665 -104.593
5 9 56.4541 -104.382
5 10 56.8396 -104.167
5 11 57.2231 -103.95
5 12 57.605 -103.728
5 13 57.9853 -103.504
5 14 58.364 -103.275
5 15 58.1175 -103.557
5 16 58.5093 -103.313
5 17 58.895 -103.067
5 18 59.2752 -102.821
5 19 59.6504 -102.573
5 20 60.0211 -102.323
5 21 60.3873 -102.071
5 22 60.7494 -101.816
5 23 61.1074 -101.559
5 24 61.4615 -101.299
5 25 61.8116 -101.037
5 26 62.1579 -100.771
5 27 62.5004 -100.502
5 28 62.839 -100.231
5 29 63.1737 -99.9559
5 30 63.5045 -99.6779
5 31 63.8313 -99.3969
5 32 64.1541 -99.1127
5 33 64.4729 -98.8254
5 34 64.7875 -98.5352
5 35 65.0979 -98.2419
5 36 65.4041 -97.9458
5 37 65.7059 -97.6469
5 38 66.0033 -97.3453
5 39 66.2962 -97.0411
5 40 66.5846 -96.7345
5 41 66.8683 -96.4256
5 42 67.1474 -96.1147
5 43 67.4216 -95.8018
5 44 67.691 -95.4873
5 45 68.3163 -95.0754
5 46 68.6793 -94.5993
5 47 69.039 -94.1112
5 48 69.3951 -93.6105
5 49 69.7479 -93.0966
5 50 70.0973 -92.5689
5 51 70.4432 -92.0268
5 52 70.7858 -91.4695
5 53 71.1249 -90.8965
5 54 71.4605 -90.307
5 55 71.7926 -89.7003
5 56 72.1212 -89.0757
5 57 72.4461 -88.4324
5 58 72.7672 -87.7696
5 59 73.0847 -87.0865
5 60 73.3982 -86.3823
5 61 73.7078 -85.6561
5 62 74.0133 -84.907
5 63 74.3147 -84.1343
5 64 74.6118 -83.3368
5 65 74.9045 -82.5137
5 66 75.1926 -81.6641
5 67 75.4761 -80.787
5 68 75.7548 -79.8814
5 69 76.0286 -78.9464
5 70 76.2972 -77.9809
5 71 76.5605 -76.984
5 72 76.8184 -75.9549
5 73 77.0707 -74.8925
5 74 77.3171 -73.796
5 75 77.5576 -72.6646
5 76 77.7918 -71.4975
5 77 78.0197 -70.294
5 78 78.2409 -69.0535
5 79 78.4554 -67.7756
5 80 78.6628 -66.4598
5 81 78.8629 -65.106
5 82 79.0557 -63.7141
5 83 79.2408 -62.2843
5 84 79.418 -60.8168
5 85 79.5871 -59.3123
5 86 79.748 -57.7715
5 87 79.9004 -56.1956
5 88 80.0442 -54.5859
5 89 80.1793 -52.9439
5 90 80.3054 -51.2717
5 91 80.4224 -49.5714
5 92 80.5303 -47.8454
5 93 80.6289 -46.0966
5 94 80.7182 -44.328
5 95 80.7982 -42.5427
5 96 80.8689 -40.7442
5 97 80.9302 -38.9362
5 98 80.9823 -37.1222
5 99 81.0253 -35.3063
5 100 81.0592 -33.4921
5 101 81.0842 -31.6835
5 102 81.1005 -29.8842
5 103 81.1083 -28.098
5 104 81.1078 -26.3283
5 105 81.0994 -24.5785
5 106 81.0832 -22.8515
5 107 81.0596 -21.1504
5 108 81.0289 -19.4776
5 109 80.9913 -17.8356
5 110 80.9474 -16.2262
5 111 80.8973 -14.6513
5 112 80.8415 -13.1124
5 113 80.7802 -11.6105
5 114 80.7139 -10.1466
5 115 80.6429 -8.72142
5 116 80.5675 -7.33534
5 117 80.4882 -5.98859
5 118 80.4051 -4.68121
5 119 80.3186 -3.41305
5 120 80.2291 -2.18382
5 121 80.1369 -0.993095
5 122 80.0422 0.159669
5 123 79.9453 1.27511
5 124 79.8466 2.35395
5 125 79.7462 3.39697
5 126 79.6445 4.40502
5 127 79.5416 5.37896
5 128 79.4378 6.31972
5 129 79.3333 7.2282
5 130 79.2284 8.10537
5 131 79.1232 8.95215
5 132 79.0179 9.76949
5 133 78.9126 10.5583
5 134 78.8077 11.3196
5 135 78.7032 12.0541
5 136 78.5992 12.7629
5 137 78.496 13.4468
5 138 78.3937 14.1066
5 139 78.2923 14.7431
5 140 78.1921 15.3572
5 141 78.0931 15.9496
5 142 77.9955 16.521
5 143 77.8994 17.0722
5 144 77.8048 17.6038
5 145 77.7119 18.1166
5 146 77.6208 18.6112
5 147 77.5315 19.0881
5 148 77.4441 19.5479
5 149 77.3587 19.9913
5 150 77.2755 20.4187
5 151 77.1944 20.8306
5 152 77.1155 21.2277
5 153 77.0389 21.6102
5 154 76.9646 21.9787
5 155 76.8928 22.3336
5 156 76.8234 22.6753
5 157 76.7566 23.0041
5 158 76.6923 23.3205
5 159 76.6307 23.6248
5 160 76.5717 23.9173
5 161 76.5154 24.1984
5 162 76.4619 24.4682
5 163 76.4112 24.7272
5 164 76.3634 24.9756
5 165 76.3184 25.2136
5 166 76.2763 25.4415
5 167 76.2372 25.6595
5 168 76.201 25.8677
5 169 76.1679 26.0665
5 170 76.1378 26.2559
5 171 76.1108 26.4362
5 172 76.0869 26.6075
5 173 76.0661 26.77
5 174 76.0485 26.9238
5 175 76.034 27.0689
5 176 76.0228 27.2057
5 177 76.0147 27.334
5 178 76.01 27.454
5 179 76.0085 27.5659
5 180 76.0103 27.6696
5 181 76.0154 27.7653
5 182 76.0238 27.8529
5 183 76.0356 27.9326
5 184 76.0508 28.0043
5 185 76.0693 28.068
5 186 76.0913 28.1238
5 187 76.1167 28.1717
5 188 76.1455 28.2116
5 189 76.1778 28.2434
5 190 76.2135 28.2672
5 191 76.2528 28.283
5 192 76.2955 28.2905
5 193 76.3417 28.2898
5 194 76.3915 28.2807
5 195 76.4448 28.2632
5 196 76.5017 28.237
5 197 76.5621 28.2022
5 198 76.6262 28.1584
5 199 76.6938 28.1056
5 200 76.765 28.0435
5 201 76.8398 27.9718
5 202 76.9182 27.8905
5 203 77.0003 27.7992
5 204 77.086 27.6976
5 205 77.1753 27.5854
5 206 77.2683 27.4622
5 207 77.3649 27.3278
5 208 77.4652 27.1817
5 209 77.5692 27.0234
5 210 77.6768 26.8525
5 211 77.7881 26.6685
5 212 77.9031 26.4708
5 213 78.0218 26.2588
5 214 78.1441 26.0318
5 215 78.2701 25.7891
5 216 78.3997 25.53
5 217 78.5331 25.2535
5 218 78.67 24.9587
5 219 78.8106 24.6447
5 220 78.9547 24.3103
5 221 79.1025 23.9543
5 222 79.2538 23.5754
5 223 79.4087 23.1721
5 224 79.567 22.7428
5 225 79.7288 22.2858
6 1 53.1576 -105.933
6 2 53.6108 -105.661
6 3 54.0306 -105.409
6 4 54.4355 -105.162
6 5 54.8314 -104.917
6 6 55.2214 -104.671
6 7 55.6071 -104.424
6 8 55.9895 -104.174
6 9 56.3692 -103.92
6 10 56.7466 -103.663
6 11 57.122 -103.403
6 12 57.4954 -103.137
6 13 57.8672 -102.868
6 14 58.2372 -102.594
6 15 57.9917 -102.859
6 16 58.3747 -102.569
6 17 58.7514 -102.278
6 18 59.1226 -101.986
6 19 59.4886 -101.691
6 20 59.8499 -101.393
6 21 60.2068 -101.093
6 22 60.5593 -100.79
6 23 60.9076 -100.484
6 24 61.2518 -100.174
6 25 61.592 -99.8606
6 26 61.9282 -99.5439
6 27 62.2604 -99.2236
6 28 62.5886 -98.8997
6 29 62.9128 -98.5723
6 30 63.2329 -98.2411
6 31 63.549 -97.9064
6 32 63.8608 -97.5681
6 33 64.1685 -97.2264
6 34 64.472 -96.8812
6 35 64.7711 -96.5326
6 36 65.0658 -96.1808
6 37 65.356 -95.8259
6 38 65.6418 -95.4681
6 39 65.9229 -95.1074
6 40 66.1994 -94.7441
6 41 66.4711 -94.3783
6 42 66.738 -94.0104
6 43 67.0001 -93.6404
6 44 67.2572 -93.2687
6 45 67.8421 -92.6067
6 46 68.1877 -92.054
6 47 68.5293 -91.4882
6 48 68.8671 -90.9089
6 49 69.2011 -90.3156
6 50 69.5311 -89.7075
6 51 69.8573 -89.0843
6 52 70.1795 -88.4453
6 53 70.4978 -87.7899
6 54 70.8121 -87.1175
6 55 71.1223 -86.4277
6 56 71.4284 -85.7197
6 57 71.7303 -84.9929
6 58 72.0279 -84.2469
6 59 72.3211 -83.4809
6 60 72.6098 -82.6943
6 61 72.894 -81.8867
6 62 73.1735 -81.0573
6 63 73.4482 -80.2057
6 64 73.718 -79.3311
6 65 73.9827 -78.4332
6 66 74.2423 -77.5113
6 67 74.4966 -76.565
6 68 74.7455 -75.5937
6 69 74.9887 -74.5971
6 70 75.2263 -73.5748
6 71 75.4579 -72.5264
6 72 75.6836 -71.4516
6 73 75.903 -70.3502
6 74 76.1162 -69.2222
6 75 76.3228 -68.0674
6 76 76.5228 -66.8858
6 77 76.7159 -65.6777
6 78 76.9022 -64.4433
6 79 77.0813 -63.1828
6 80 77.2532 -61.8969
6 81 77.4178 -60.5861
6 82 77.5748 -59.2512
6 83 77.7242 -57.893
6 84 77.8658 -56.5127
6 85 77.9997 -55.1114
6 86 78.1256 -53.6904
6 87 78.2434 -52.2513
6 88 78.3533 -50.7955
6 89 78.455 -49.325
6 90 78.5486 -47.8414
6 91 78.634 -46.3469
6 92 78.7113 -44.8435
6 93 78.7804 -43.3334
6 94 78.8416 -41.8187
6 95 78.8947 -40.3018
6 96 78.9398 -38.785
6 97 78.9772 -37.2705
6 98 79.0069 -35.7607
6 99 79.0291 -34.2578
6 100 79.0438 -32.764
6 101 79.0514 -31.2815
6 102 79.052 -29.8123
6 103 79.0457 -28.3583
6 104 79.0329 -26.9214
6 105 79.0137 -25.5032
6 106 78.9884 -24.1055
6 107 78.9572 -22.7294
6 108 78.9204 -21.3765
6 109 78.8783 -20.0477
6 110 78.8311 -18.7442
6 111 78.779 -17.4667
6 112 78.7225 -16.2159
6 113 78.6616 -14.9925
6 114 78.5967 -13.7969
6 115 78.5281 -12.6294
6 116 78.456 -11.4903
6 117 78.3807 -10.3796
6 118 78.3024 -9.29745
6 119 78.2214 -8.24368
6 120 78.1379 -7.21818
6 121 78.0521 -6.22073
6 122 77.9643 -5.25106
6 123 77.8748 -4.30884
6 124 77.7836 -3.39367
6 125 77.6911 -2.50516
6 126 77.5974 -1.64283
6 127 77.5027 -0.806208
6 128 77.4072 0.00520784
6 129 77.3111 0.791942
6 130 77.2146 1.55453
6 131 77.1178 2.29351
6 132 77.0209 3.00944
6 133 76.924 3.70287
6 134 76.8273 4.37436
6 135 76.731 5.02444
6 136 76.6351 5.65367
6 137 76.5398 6.26258
6 138 76.4452 6.8517
6 139 76.3515 7.42155
6 140 76.2587 7.97264
6 141 76.167 8.50547
6 142 76.0764 9.02052
6 143 75.987 9.51827
6 144 75.8991 9.99917
6 145 75.8125 10.4637
6 146 75.7275 10.9122
6 147 75.6441 11.3451
6 148 75.5624 11.763
6 149 75.4825 12.166
6 150 75.4044 12.5546
6 151 75.3282 12.9293
6 152 75.2539 13.2902
6 153 75.1817 13.6378
6 154 75.1116 13.9723
6 155 75.0437 14.2941
6 156 74.9779 14.6034
6 157 74.9145 14.9006
6 158 74.8533 15.1859
6 159 74.7945 15.4596
6 160 74.738 15.7218
6 161 74.6841 15.9729
6 162 74.6326 16.213
6 163 74.5836 16.4423
6 164 74.5373 16.6611
6 165 74.4935 16.8695
6 166 74.4523 17.0677
6 167 74.4139 17.2559
6 168 74.3781 17.4342
6 169 74.3451 17.6027
6 170 74.3148 17.7616
6 171 74.2873 17.911
6 172 74.2627 18.051
6 173 74.2409 18.1817
6 174 74.2219 18.3032
6 175 74.2059 18.4156
6 176 74.1927 18.5189
6 177 74.1825 18.6132
6 178 74.1753 18.6986
6 179 74.171 18.7751
6 180 74.1697 18.8428
6 181 74.1715 18.9015
6 182 74.1762 18.9515
6 183 74.184 18.9926
6 184 74.1948 19.0249
6 185 74.2087 19.0484
6 186 74.2257 19.0629
6 187 74.2457 19.0685
6 188 74.2689 19.0652
6 189 74.2952 19.0528
6 190 74.3246 19.0314
6 191 74.3571 19.0007
6 192 74.3927 18.9608
6 193 74.4315 18.9114
6 194 74.4734 18.8526
6 195 74.5185 18.7841
6 196 74.5667 18.7058
6 197 74.6181 18.6176
6 198 74.6726 18.5192
6 199 74.7303 18.4106
6 200 74.7912 18.2913
6 201 74.8551 18.1613
6 202 74.9223 18.0203
6 203 74.9926 17.868
6 204 75.066 17.7042
6 205 75.1425 17.5285
6 206 75.2222 17.3406
6 207 75.3049 17.1401
6 208 75.3908 16.9268
6 209 75.4798 16.7
6 210 75.5718 16.4596
6 211 75.6668 16.2049
6 212 75.7649 15.9354
6 213 75.866 15.6507
6 214 75.9701 15.3502
6 215 76.0771 15.0332
6 216 76.187 14.6992
6 217 76.2998 14.3474
6 218 76.4154 13.9771
6 219 76.5338 13.5874
6 220 76.655 13.1776
6 221 76.7788 12.7468
6 222 76.9053 12.294
6 223 77.0343 11.8181
6 224 77.1658 11.3181
6 225 77.2997 10.7927
7 1 53.1277 -105.792
7 2 53.5721 -105.484
7 3 53.9834 -105.194
7 4 54.3796 -104.909
7 5 54.7667 -104.626
7 6 55.1478 -104.342
7 7 55.5245 -104.055
7 8 55.8977 -103.765
7 9 56.2681 -103.471
7 10 56.636 -103.173
7 11 57.0017 -102.871
7 12 57.3653 -102.563
7 13 57.727 -102.251
7 14 58.0869 -101.933
7 15 57.8401 -102.183
7 16 58.2128 -101.85
7 17 58.5791 -101.515
7 18 58.9397 -101.179
7 19 59.2951 -100.839
7 20 59.6456 -100.497
7 21 59.9914 -100.151
7 22 60.3327 -99.8017
7 23 60.6697 -99.4489
7 24 61.0025 -99.0923
7 25 61.3311 -98.7319
7 26 61.6555 -98.3676
7 27 61.9757 -97.9994
7 28 62.2918 -97.6272
7 29 62.6038 -97.2511
7 30 62.9115 -96.8711
7 31 63.215 -96.4873
7 32 63.5142 -96.0996
7 33 63.809 -95.7083
7 34 64.0995 -95.3133
7 35 64.3855 -94.9149
7 36 64.667 -94.5132
7 37 64.9439 -94.1083
7 38 65.2161 -93.7005
7 39 65.4837 -93.2898
7 40 65.7464 -92.8766
7 41 66.0044 -92.461
7 42 66.2574 -92.0434
7 43 66.5055 -91.6239
7 44 66.7485 -91.203
7 45 67.2816 -90.3253
7 46 67.6075 -89.7086
7 47 67.9292 -89.0786
7 48 68.2465 -88.4351
7 49 68.5595 -87.7774
7 50 68.8681 -87.1051
7 51 69.1724 -86.4179
7 52 69.4723 -85.7152
7 53 69.7678 -84.9967
7 54 70.0588 -84.2618
7 55 70.3452 -83.5103
7 56 70.627 -82.7416
7 57 70.904 -81.9554
7 58 71.1763 -81.1514
7 59 71.4437 -80.3291
7 60 71.7062 -79.4882
7 61 71.9635 -78.6284
7 62 72.2158 -77.7494
7 63 72.4627 -76.8509
7 64 72.7042 -75.9328
7 65 72.9402 -74.9947
7 66 73.1707 -74.0366
7 67 73.3954 -73.0584
7 68 73.6142 -72.06
7 69 73.8271 -71.0413
7 70 74.0338 -70.0024
7 71 74.2344 -68.9435
7 72 74.4287 -67.8647
7 73 74.6165 -66.7662
7 74 74.7978 -65.6484
7 75 74.9724 -64.5117
7 76 75.1402 -63.3565
7 77 75.3013 -62.1834
7 78 75.4553 -60.993
7 79 75.6023 -59.7862
7 80 75.7422 -58.5636
7 81 75.875 -57.3262
7 82 76.0005 -56.075
7 83 76.1187 -54.8111
7 84 76.2295 -53.5355
7 85 76.3331 -52.2496
7 86 76.4292 -50.9546
7 87 76.518 -49.6519
7 88 76.5994 -48.3429
7 89 76.6735 -47.029
7 90 76.7403 -45.7118
7 91 76.7999 -44.3928
7 92 76.8523 -43.0735
7 93 76.8976 -41.7555
7 94 76.9359 -40.4403
7 95 76.9673 -39.1294
7 96 76.992 -37.8245
7 97 77.01 -36.5269
7 98 77.0215 -35.2382
7 99 77.0267 -33.9596
7 100 77.0258 -32.6926
7 101 77.0188 -31.4384
7 102 77.0061 -30.1982
7 103 76.9877 -28.9732
7 104 76.9639 -27.7642
7 105 76.9349 -26.5725
7 106 76.9009 -25.3986
7 107 76.8622 -24.2436
7 108 76.8188 -23.1081
7 109 76.7711 -21.9926
7 110 76.7192 -20.8978
7 111 76.6635 -19.824
7 112 76.604 -18.7717
7 113 76.541 -17.7412
7 114 76.4748 -16.7326
7 115 76.4055 -15.7462
7 116 76.3334 -14.7821
7 117 76.2587 -13.8402
7 118 76.1815 -12.9207
7 119 76.1021 -12.0233
7 120 76.0206 -11.1481
7 121 75.9373 -10.2949
7 122 75.8524 -9.46347
7 123 75.7659 -8.65364
7 124 75.6782 -7.86516
7 125 75.5893 -7.09777
7 126 75.4995 -6.35118
7 127 75.4088 -5.62509
7 128 75.3175 -4.91918
7 129 75.2258 -4.23312
7 130 75.1336 -3.56656
7 131 75.0413 -2.91916
7 132 74.9489 -2.29055
7 133 74.8565 -1.6804
7 134 74.7643 -1.08832
7 135 74.6725 -0.513972
7 136 74.581 0.0430148
7 137 74.4901 0.582994
7 138 74.3998 1.10632
7 139 74.3103 1.61334
7 140 74.2216 2.1044
7 141 74.1339 2.57984
7 142 74.0472 3.03999
7 143 73.9616 3.48517
7 144 73.8772 3.91571
7 145 73.7941 4.3319
7 146 73.7124 4.73406
7 147 73.6321 5.12247
7 148 73.5534 5.49742
7 149 73.4762 5.85918
7 150 73.4007 6.20802
7 151 73.3269 6.5442
7 152 73.2549 6.86796
7 153 73.1847 7.17955
7 154 73.1164 7.47919
7 155 73.05 7.76711
7 156 72.9856 8.04351
7 157 72.9233 8.3086
7 158 72.8631 8.56258
7 159 72.805 8.80563
7 160 72.7491 9.03792
7 161 72.6954 9.25963
7 162 72.6439 9.47091
7 163 72.5948 9.67192
7 164 72.5479 9.86279
7 165 72.5035 10.0437
7 166 72.4614 10.2147
7 167 72.4218 10.3759
7 168 72.3846 10.5275
7 169 72.3499 10.6696
7 170 72.3178 10.8022
7 171 72.2881 10.9254
7 172 72.261 11.0393
7 173 72.2365 11.1441
7 174 72.2146 11.2396
7 175 72.1953 11.3261
7 176 72.1787 11.4035
7 177 72.1647 11.4719
7 178 72.1534 11.5313
7 179 72.1448 11.5817
7 180 72.1389 11.6232
7 181 72.1357 11.6557
7 182 72.1352 11.6793
7 183 72.1375 11.6939
7 184 72.1425 11.6996
7 185 72.1502 11.6962
7 186 72.1608 11.6838
7 187 72.1741 11.6623
7 188 72.1901 11.6317
7 189 72.209 11.5919
7 190 72.2306 11.5428
7 191 72.255 11.4844
7 192 72.2822 11.4165
7 193 72.3122 11.3391
7 194 72.3449 11.2521
7 195 72.3804 11.1553
7 196 72.4187 11.0486
7 197 72.4598 10.9318
7 198 72.5036 10.8048
7 199 72.5502 10.6675
7 200 72.5995 10.5197
7 201 72.6516 10.3611
7 202 72.7063 10.1916
7 203 72.7638 10.0109
7 204 72.8239 9.81883
7 205 72.8867 9.61514
7 206 72.9522 9.39955
7 207 73.0203 9.17179
7 208 73.091 8.93155
7 209 73.1642 8.67853
7 210 73.2401 8.41239
7 211 73.3184 8.13278
7 212 73.3992 7.83933
7 213 73.4824 7.53164
7 214 73.5681 7.2093
7 215 73.6561 6.87187
7 216 73.7464 6.5189
7 217 73.839 6.14988
7 218 73.9338 5.76432
7 219 74.0308 5.36166
7 220 74.1298 4.94135
7 221 74.2309 4.50278
7 222 74.3339 4.04533
7 223 74.4387 3.56833
7 224 74.5454 3.07109
7 225 74.6537 2.55289
8 1 53.0917 -105.655
8 2 53.5265 -105.311
8 3 53.9281 -104.985
8 4 54.3144 -104.664
8 5 54.6916 -104.344
8 6 55.0625 -104.022
8 7 55.4289 -103.697
8 8 55.7916 -103.369
8 9 56.1512 -103.036
8 10 56.5082 -102.698
8 11 56.8629 -102.356
8 12 57.2152 -102.008
8 13 57.5655 -101.654
8 14 57.9137 -101.295
8 15 57.6635 -101.531
8 16 58.0245 -101.158
8 17 58.3791 -100.782
8 18 58.7278 -100.403
8 19 59.071 -100.022
8 20 59.4092 -99.6372
8 21 59.7426 -99.2488
8 22 60.0713 -98.8568
8 23 60.3955 -98.4608
8 24 60.7152 -98.0609
8 25 61.0307 -97.6569
8 26 61.3417 -97.2488
8 27 61.6485 -96.8366
8 28 61.951 -96.4204
8 29 62.2491 -96.0001
8 30 62.5429 -95.5758
8 31 62.8323 -95.1477
8 32 63.1172 -94.7157
8 33 63.3977 -94.2802
8 34 63.6736 -93.841
8 35 63.9449 -93.3986
8 36 64.2116 -92.9529
8 37 64.4735 -92.5043
8 38 64.7308 -92.053
8 39 64.9832 -91.5991
8 40 65.2307 -91.143
8 41 65.4734 -90.6849
8 42 65.711 -90.2251
8 43 65.9436 -89.764
8 44 66.1712 -89.3019
8 45 66.6424 -88.2441
8 46 66.9472 -87.5759
8 47 67.2472 -86.8949
8 48 67.5424 -86.2009
8 49 67.833 -85.4934
8 50 68.1188 -84.7722
8 51 68.3998 -84.037
8 52 68.676 -83.2875
8 53 68.9474 -82.5234
8 54 69.2138 -81.7445
8 55 69.4753 -80.9505
8 56 69.7317 -80.1411
8 57 69.983 -79.3163
8 58 70.2292 -78.4759
8 59 70.4701 -77.6196
8 60 70.7056 -76.7475
8 61 70.9357 -75.8594
8 62 71.1603 -74.9553
8 63 71.3793 -74.0352
8 64 71.5926 -73.099
8 65 71.8001 -72.147
8 66 72.0017 -71.1792
8 67 72.1974 -70.1958
8 68 72.387 -69.197
8 69 72.5704 -68.183
8 70 72.7476 -67.1542
8 71 72.9185 -66.111
8 72 73.0831 -65.0537
8 73 73.2411 -63.9829
8 74 73.3927 -62.8991
8 75 73.5376 -61.803
8 76 73.6759 -60.695
8 77 73.8075 -59.5761
8 78 73.9324 -58.4469
8 79 74.0505 -57.3082
8 80 74.1618 -56.161
8 81 74.2663 -55.0061
8 82 74.3639 -53.8445
8 83 74.4548 -52.6773
8 84 74.5389 -51.5053
8 85 74.6161 -50.3298
8 86 74.6867 -49.1517
8 87 74.7505 -47.9723
8 88 74.8077 -46.7925
8 89 74.8583 -45.6137
8 90 74.9024 -44.4368
8 91 74.9401 -43.263
8 92 74.9715 -42.0935
8 93 74.9966 -40.9293
8 94 75.0157 -39.7715
8 95 75.0288 -38.6211
8 96 75.0361 -37.4793
8 97 75.0376 -36.3468
8 98 75.0336 -35.2248
8 99 75.0242 -34.114
8 100 75.0096 -33.0153
8 101 74.9899 -31.9295
8 102 74.9653 -30.8574
8 103 74.9359 -29.7995
8 104 74.9021 -28.7566
8 105 74.8638 -27.7292
8 106 74.8214 -26.7178
8 107 74.775 -25.723
8 108 74.7247 -24.745
8 109 74.6708 -23.7842
8 110 74.6135 -22.841
8 111 74.553 -21.9155
8 112 74.4893 -21.0081
8 113 74.4228 -20.1188
8 114 74.3536 -19.2478
8 115 74.2818 -18.3951
8 116 74.2077 -17.5608
8 117 74.1314 -16.7449
8 118 74.053 -15.9473
8 119 73.9729 -15.168
8 120 73.891 -14.407
8 121 73.8077 -13.664
8 122 73.7229 -12.939
8 123 73.637 -12.2318
8 124 73.55 -11.5423
8 125 73.4621 -10.8702
8 126 73.3734 -10.2154
8 127 73.284 -9.57756
8 128 73.1942 -8.95658
8 129 73.104 -8.35219
8 130 73.0135 -7.76415
8 131 72.9229 -7.19221
8 132 72.8322 -6.63613
8 133 72.7417 -6.09566
8 134 72.6514 -5.57055
8 135 72.5614 -5.06054
8 136 72.4718 -4.56539
8 137 72.3827 -4.08483
8 138 72.2942 -3.61862
8 139 72.2064 -3.16652
8 140 72.1194 -2.72826
8 141 72.0333 -2.30363
8 142 71.9481 -1.89237
8 143 71.864 -1.49425
8 144 71.781 -1.10904
8 145 71.6992 -0.736528
8 146 71.6186 -0.376484
8 147 71.5393 -0.0286986
8 148 71.4615 0.307037
8 149 71.3851 0.630923
8 150 71.3102 0.943156
8 151 71.2368 1.24393
8 152 71.1651 1.53342
8 153 71.0951 1.8118
8 154 71.0268 2.07926
8 155 70.9602 2.33594
8 156 70.8955 2.58202
8 157 70.8327 2.81763
8 158 70.7717 3.04294
8 159 70.7127 3.25807
8 160 70.6557 3.46315
8 161 70.6008 3.65832
8 162 70.5478 3.84369
8 163 70.497 4.01938
8 164 70.4483 4.18548
8 165 70.4018 4.34212
8 166 70.3574 4.48936
8 167 70.3153 4.62731
8 168 70.2754 4.75605
8 169 70.2378 4.87565
8 170 70.2024 4.98617
8 171 70.1694 5.08769
8 172 70.1387 5.18026
8 173 70.1103 5.26392
8 174 70.0843 5.33873
8 175 70.0607 5.40472
8 176 70.0395 5.46191
8 177 70.0207 5.51035
8 178 70.0043 5.55004
8 179 69.9903 5.58101
8 180 69.9788 5.60324
8 181 69.9697 5.61675
8 182 69.9631 5.62153
8 183 69.959 5.61757
8 184 69.9573 5.60484
8 185 69.9581 5.58332
8 186 69.9614 5.55298
8 187 69.9672 5.51378
8 188 69.9755 5.46566
8 189 69.9862 5.40858
8 190 69.9994 5.34248
8 191 70.0151 5.26729
8 192 70.0332 5.18293
8 193 70.0538 5.08932
8 194 70.0769 4.98637
8 195 70.1024 4.87398
8 196 70.1304 4.75205
8 197 70.1608 4.62045
8 198 70.1936 4.47907
8 199 70.2287 4.32778
8 200 70.2663 4.16643
8 201 70.3063 3.99487
8 202 70.3486 3.81294
8 203 70.3932 3.62048
8 204 70.4401 3.41731
8 205 70.4893 3.20324
8 206 70.5407 2.97806
8 207 70.5944 2.74157
8 208 70.6502 2.49354
8 209 70.7082 2.23375
8 210 70.7684 1.96194
8 211 70.8306 1.67787
8 212 70.8948 1.38126
8 213 70.9611 1.07183
8 214 71.0293 0.749279
8 215 71.0994 0.413307
8 216 71.1713 0.063588
8 217 71.2451 -0.300215
8 218 71.3206 -0.678454
8 219 71.3977 -1.07149
8 220 71.4765 -1.47972
8 221 71.5567 -1.90353
8 222 71.6385 -2.34333
8 223 71.7216 -2.79955
8 224 71.8059 -3.27264
8 225 71.8915 -3.76307
9 1 53.0495 -105.522
9 2 53.4739 -105.144
9 3 53.8648 -104.783
9 4 54.2402 -104.427
9 5 54.6062 -104.071
9 6 54.9657 -103.713
9 7 55.3205 -103.351
9 8 55.6714 -102.986
9 9 56.0191 -102.616
9 10 56.364 -102.241
9 11 56.7062 -101.86
9 12 57.0459 -101.474
9 13 57.3834 -101.082
9 14 57.7186 -100.684
9 15 57.4627 -100.908
9 16 57.811 -100.496
9 17 58.1525 -100.081
9 18 58.4879 -99.6637
9 19 58.8177 -99.2431
9 20 59.1423 -98.8191
9 21 59.4618 -98.3913
9 22 59.7765 -97.9597
9 23 60.0865 -97.5241
9 24 60.392 -97.0845
9 25 60.6928 -96.6408
9 26 60.9892 -96.1929
9 27 61.2811 -95.7411
9 28 61.5686 -95.2852
9 29 61.8515 -94.8253
9 30 62.1299 -94.3617
9 31 62.4038 -93.8943
9 32 62.6731 -93.4233
9 33 62.9378 -92.949
9 34 63.1978 -92.4714
9 35 63.4531 -91.9907
9 36 63.7037 -91.5073
9 37 63.9495 -91.0213
9 38 64.1904 -90.533
9 39 64.4264 -90.0427
9 40 64.6574 -89.5507
9 41 64.8835 -89.0572
9 42 65.1046 -88.5627
9 43 65.3206 -88.0675
9 44 65.5315 -87.572
9 45 65.9324 -86.3695
9 46 66.2148 -85.6615
9 47 66.4921 -84.9417
9 48 66.7643 -84.2099
9 49 67.0314 -83.4659
9 50 67.2934 -82.7096
9 51 67.5503 -81.9408
9 52 67.8021 -81.1592
9 53 68.0486 -80.3649
9 54 68.2899 -79.5576
9 55 68.5259 -78.7374
9 56 68.7566 -77.9041
9 57 68.9818 -77.0578
9 58 69.2016 -76.1985
9 59 69.4159 -75.3261
9 60 69.6246 -74.4409
9 61 69.8276 -73.5428
9 62 70.025 -72.632
9 63 70.2165 -71.7088
9 64 70.4021 -70.7733
9 65 70.5819 -69.8257
9 66 70.7557 -68.8664
9 67 70.9234 -67.8957
9 68 71.085 -66.914
9 69 71.2405 -65.9217
9 70 71.3897 -64.9192
9 71 71.5327 -63.9071
9 72 71.6694 -62.8858
9 73 71.7998 -61.856
9 74 71.9239 -60.8183
9 75 72.0415 -59.7733
9 76 72.1528 -58.7217
9 77 72.2576 -57.6642
9 78 72.356 -56.6015
9 79 72.4481 -55.5345
9 80 72.5337 -54.464
9 81 72.613 -53.3906
9 82 72.6859 -52.3154
9 83 72.7526 -51.2391
9 84 72.813 -50.1626
9 85 72.8672 -49.0868
9 86 72.9152 -48.0125
9 87 72.9572 -46.9407
9 88 72.9932 -45.8721
9 89 73.0234 -44.8076
9 90 73.0477 -43.7481
9 91 73.0663 -42.6944
9 92 73.0794 -41.6472
9 93 73.087 -40.6075
9 94 73.0892 -39.5758
9 95 73.0862 -38.553
9 96 73.0781 -37.5397
9 97 73.0651 -36.5366
9 98 73.0473 -35.5443
9 99 73.0248 -34.5634
9 100 72.9978 -33.5944
9 101 72.9665 -32.6379
9 102 72.931 -31.6942
9 103 72.8914 -30.764
9 104 72.848 -29.8475
9 105 72.8008 -28.945
9 106 72.7501 -28.057
9 107 72.696 -27.1836
9 108 72.6387 -26.3252
9 109 72.5783 -25.4819
9 110 72.515 -24.6539
9 111 72.449 -23.8413
9 112 72.3803 -23.0443
9 113 72.3093 -22.2629
9 114 72.2359 -21.4972
9 115 72.1605 -20.7472
9 116 72.083 -20.0129
9 117 72.0038 -19.2944
9 118 71.9229 -18.5914
9 119 71.8404 -17.9041
9 120 71.7566 -17.2323
9 121 71.6715 -16.5759
9 122 71.5852 -15.9348
9 123 71.498 -15.3089
9 124 71.41 -14.6981
9 125 71.3211 -14.1022
9 126 71.2317 -13.521
9 127 71.1418 -12.9545
9 128 71.0515 -12.4024
9 129 70.9609 -11.8646
9 130 70.8702 -11.3409
9 131 70.7794 -10.8311
9 132 70.6886 -10.335
9 133 70.598 -9.85252
9 134 70.5076 -9.38337
9 135 70.4176 -8.92738
9 136 70.328 -8.48439
9 137 70.2389 -8.05419
9 138 70.1504 -7.63661
9 139 70.0625 -7.23146
9 140 69.9755 -6.83856
9 141 69.8892 -6.45772
9 142 69.8039 -6.08877
9 143 69.7195 -5.73153
9 144 69.6362 -5.38584
9 145 69.5539 -5.05152
9 146 69.4729 -4.72842
9 147 69.3931 -4.41636
9 148 69.3145 -4.11519
9 149 69.2373 -3.82476
9 150 69.1615 -3.54493
9 151 69.0872 -3.27554
9 152 69.0144 -3.01646
9 153 68.9431 -2.76755
9 154 68.8734 -2.52869
9 155 68.8053 -2.29975
9 156 68.7389 -2.0806
9 157 68.6743 -1.87114
9 158 68.6114 -1.67124
9 159 68.5503 -1.48081
9 160 68.491 -1.29974
9 161 68.4335 -1.12794
9 162 68.378 -0.965316
9 163 68.3244 -0.811778
9 164 68.2728 -0.667247
9 165 68.2231 -0.531645
9 166 68.1754 -0.404901
9 167 68.1298 -0.286948
9 168 68.0862 -0.177723
9 169 68.0447 -0.0771695
9 170 68.0052 0.0147649
9 171 67.9679 0.0981278
9 172 67.9327 0.172962
9 173 67.8996 0.239304
9 174 67.8687 0.297187
9 175 67.84 0.34664
9 176 67.8134 0.387684
9 177 67.7891 0.420337
9 178 67.7669 0.444613
9 179 67.7469 0.460519
9 180 67.7292 0.468057
9 181 67.7137 0.467227
9 182 67.7003 0.458019
9 183 67.6893 0.440423
9 184 67.6804 0.41442
9 185 67.6738 0.379987
9 186 67.6694 0.337096
9 187 67.6672 0.285714
9 188 67.6672 0.225803
9 189 67.6695 0.157317
9 190 67.674 0.080207
9 191 67.6806 -0.00558184
9 192 67.6895 -0.100111
9 193 67.7006 -0.203446
9 194 67.7138 -0.315661
9 195 67.7292 -0.436834
9 196 67.7467 -0.567049
9 197 67.7664 -0.706396
9 198 67.7881 -0.854973
9 199 67.812 -1.01288
9 200 67.8379 -1.18023
9 201 67.8659 -1.35714
9 202 67.896 -1.54373
9 203 67.928 -1.74013
9 204 67.962 -1.94648
9 205 67.9979 -2.16291
9 206 68.0358 -2.38959
9 207 68.0755 -2.62667
9 208 68.1171 -2.87431
9 209 68.1605 -3.13268
9 210 68.2057 -3.40198
9 211 68.2526 -3.68238
9 212 68.3011 -3.97409
9 213 68.3513 -4.27731
9 214 68.4031 -4.59225
9 215 68.4564 -4.91913
9 216 68.5112 -5.25818
9 217 68.5675 -5.60965
9 218 68.625 -5.97378
9 219 68.6839 -6.35082
9 220 68.744 -6.74104
9 221 68.8052 -7.14472
9 222 68.8675 -7.56213
9 223 68.9307 -7.99357
9 224 68.9949 -8.43934
9 225 69.0599 -8.89974
10 1 53.0015 -105.396
10 2 53.4147 -104.983
10 3 53.7938 -104.589
10 4 54.1572 -104.198
10 5 54.5109 -103.808
10 6 54.8579 -103.415
10 7 55.1999 -103.019
10 8 55.5379 -102.619
10 9 55.8723 -102.213
10 10 56.2037 -101.803
10 11 56.5323 -101.387
10 12 56.8582 -100.964
10 13 57.1816 -100.536
10 14 57.5025 -100.101
10 15 57.2389 -100.315
10 16 57.5731 -99.8667
10 17 57.9004 -99.4162
10 18 58.2214 -98.9628
10 19 58.5366 -98.5061
10 20 58.8463 -98.046
10 21 59.1508 -97.5821
10 22 59.4503 -97.1145
10 23 59.7449 -96.6429
10 24 60.0347 -96.1674
10 25 60.3198 -95.688
10 26 60.6003 -95.2046
10 27 60.8761 -94.7174
10 28 61.1472 -94.2264
10 29 61.4138 -93.7318
10 30 61.6757 -93.2336
10 31 61.9329 -92.7321
10 32 62.1854 -92.2274
10 33 62.4331 -91.7197
10 34 62.6761 -91.2093
10 35 62.9143 -90.6964
10 36 63.1476 -90.1812
10 37 63.3761 -89.664
10 38 63.5996 -89.1452
10 39 63.8182 -88.6249
10 40 64.0318 -88.1037
10 41 64.2404 -87.5818
10 42 64.4439 -87.0597
10 43 64.6423 -86.5376
10 44 64.8357 -86.016
10 45 65.1593 -84.7023
10 46 65.4186 -83.965
10 47 65.6725 -83.2173
10 48 65.921 -82.4591
10 49 66.1641 -81.6903
10 50 66.4019 -80.9108
10 51 66.6342 -80.1205
10 52 66.8611 -79.3195
10 53 67.0826 -78.5077
10 54 67.2986 -77.6852
10 55 67.5091 -76.8519
10 56 67.7141 -76.0081
10 57 67.9134 -75.1538
10 58 68.1072 -74.2891
10 59 68.2952 -73.4143
10 60 68.4775 -72.5294
10 61 68.6541 -71.6348
10 62 68.8249 -70.7307
10 63 68.9898 -69.8174
10 64 69.1488 -68.8952
10 65 69.3019 -67.9644
10 66 69.449 -67.0256
10 67 69.5902 -66.079
10 68 69.7253 -65.1251
10 69 69.8544 -64.1644
10 70 69.9773 -63.1973
10 71 70.0943 -62.2245
10 72 70.2051 -61.2465
10 73 70.3098 -60.2638
10 74 70.4084 -59.2771
10 75 70.501 -58.2869
10 76 70.5874 -57.294
10 77 70.6679 -56.2989
10 78 70.7423 -55.3023
10 79 70.8107 -54.3049
10 80 70.8731 -53.3074
10 81 70.9297 -52.3105
10 82 70.9804 -51.3149
10 83 71.0253 -50.3213
10 84 71.0645 -49.3303
10 85 71.0981 -48.3426
10 86 71.1261 -47.359
10 87 71.1486 -46.3801
10 88 71.1657 -45.4065
10 89 71.1776 -44.4389
10 90 71.1843 -43.4779
10 91 71.1859 -42.5241
10 92 71.1825 -41.5781
10 93 71.1743 -40.6404
10 94 71.1614 -39.7116
10 95 71.1439 -38.7922
10 96 71.122 -37.8826
10 97 71.0957 -36.9833
10 98 71.0653 -36.0947
10 99 71.0307 -35.2173
10 100 70.9923 -34.3513
10 101 70.9501 -33.4971
10 102 70.9043 -32.6551
10 103 70.855 -31.8254
10 104 70.8023 -31.0084
10 105 70.7465 -30.2043
10 106 70.6876 -29.4132
10 107 70.6258 -28.6354
10 108 70.5612 -27.8709
10 109 70.4941 -27.12
10 110 70.4244 -26.3826
10 111 70.3524 -25.659
10 112 70.2782 -24.949
10 113 70.202 -24.2528
10 114 70.1238 -23.5704
10 115 70.0438 -22.9018
10 116 69.9622 -22.247
10 117 69.8791 -21.6058
10 118 69.7945 -20.9784
10 119 69.7087 -20.3646
10 120 69.6217 -19.7644
10 121 69.5337 -19.1776
10 122 69.4447 -18.6042
10 123 69.355 -18.0441
10 124 69.2646 -17.4972
10 125 69.1736 -16.9633
10 126 69.0821 -16.4424
10 127 68.9902 -15.9343
10 128 68.8981 -15.4389
10 129 68.8058 -14.9561
10 130 68.7134 -14.4857
10 131 68.621 -14.0275
10 132 68.5287 -13.5815
10 133 68.4366 -13.1475
10 134 68.3448 -12.7253
10 135 68.2534 -12.3149
10 136 68.1624 -11.916
10 137 68.0719 -11.5285
10 138 67.982 -11.1523
10 139 67.8928 -10.7872
10 140 67.8043 -10.4331
10 141 67.7166 -10.0899
10 142 67.6297 -9.75734
10 143 67.5438 -9.43539
10 144 67.4589 -9.12389
10 145 67.375 -8.82271
10 146 67.2923 -8.53172
10 147 67.2107 -8.25078
10 148 67.1302 -7.97979
10 149 67.0511 -7.71862
10 150 66.9733 -7.46716
10 151 66.8968 -7.2253
10 152 66.8217 -6.99292
10 153 66.7481 -6.76992
10 154 66.6759 -6.5562
10 155 66.6053 -6.35166
10 156 66.5362 -6.15621
10 157 66.4687 -5.96976
10 158 66.4029 -5.79222
10 159 66.3387 -5.6235
10 160 66.2762 -5.46353
10 161 66.2154 -5.31223
10 162 66.1564 -5.16953
10 163 66.0991 -5.03537
10 164 66.0437 -4.90967
10 165 65.99 -4.79238
10 166 65.9382 -4.68344
10 167 65.8883 -4.5828
10 168 65.8403 -4.4904
10 169 65.7941 -4.40622
10 170 65.7499 -4.3302
10 171 65.7076 -4.26231
10 172 65.6672 -4.20251
10 173 65.6289 -4.15079
10 174 65.5924 -4.1071
10 175 65.558 -4.07143
10 176 65.5255 -4.04377
10 177 65.4951 -4.0241
10 178 65.4666 -4.01241
10 179 65.4401 -4.00869
10 180 65.4157 -4.01295
10 181 65.3932 -4.02519
10 182 65.3728 -4.04541
10 183 65.3544 -4.07363
10 184 65.338 -4.10986
10 185 65.3236 -4.15413
10 186 65.3112 -4.20644
10 187 65.3008 -4.26684
10 188 65.2924 -4.33535
10 189 65.2859 -4.41201
10 190 65.2815 -4.49686
10 191 65.279 -4.58994
10 192 65.2784 -4.69131
10 193 65.2798 -4.80102
10 194 65.2831 -4.91912
10 195 65.2883 -5.04568
10 196 65.2954 -5.18076
10 197 65.3044 -5.32444
10 198 65.3152 -5.47679
10 199 65.3279 -5.6379
10 200 65.3423 -5.80785
10 201 65.3586 -5.98673
10 202 65.3766 -6.17463
10 203 65.3963 -6.37166
10 204 65.4177 -6.57792
10 205 65.4407 -6.79353
10 206 65.4654 -7.0186
10 207 65.4916 -7.25324
10 208 65.5195 -7.49759
10 209 65.5488 -7.75178
10 210 65.5796 -8.01594
10 211 65.6118 -8.29022
10 212 65.6454 -8.57476
10 213 65.6803 -8.86972
10 214 65.7164 -9.17525
10 215 65.7538 -9.49153
10 216 65.7924 -9.81871
10 217 65.832 -10.157
10 218 65.8727 -10.5065
10 219 65.9144 -10.8675
10 220 65.9569 -11.2401
10 221 66.0003 -11.6246
10 222 66.0444 -12.0211
10 223 66.0892 -12.4299
10 224 66.1346 -12.8511
10 225 66.1805 -13.2851
11 1 52.9475 -105.275
11 2 53.3463 -104.832
11 3 53.7154 -104.402
11 4 54.0657 -103.979
11 5 54.406 -103.556
11 6 54.7394 -103.131
11 7 55.0676 -102.702
11 8 55.3914 -102.268
11 9 55.7115 -101.83
11 10 56.0283 -101.386
11 11 56.3421 -100.936
11 12 56.653 -100.48
11 13 56.961 -100.018
11 14 57.2664 -99.5492
11 15 56.9929 -99.7549
11 16 57.3121 -99.2736
11 17 57.6242 -98.7899
11 18 57.9297 -98.3034
11 19 58.2291 -97.8138
11 20 58.5229 -97.3208
11 21 58.8112 -96.8244
11 22 59.0944 -96.3243
11 23 59.3724 -95.8205
11 24 59.6456 -95.3131
11 25 59.9138 -94.802
11 26 60.1773 -94.2873
11 27 60.4359 -93.7692
11 28 60.6898 -93.2476
11 29 60.9389 -92.7229
11 30 61.1832 -92.1952
11 31 61.4227 -91.6645
11 32 61.6574 -91.1313
11 33 61.8873 -90.5957
11 34 62.1123 -90.0579
11 35 62.3325 -89.5183
11 36 62.5477 -88.9771
11 37 62.758 -88.4347
11 38 62.9633 -87.8914
11 39 63.1637 -87.3474
11 40 63.359 -86.8033
11 41 63.5493 -86.2594
11 42 63.7346 -85.716
11 43 63.9148 -85.1737
11 44 64.09 -84.6327
11 45 64.3304 -83.2389
11 46 64.5662 -82.4817
11 47 64.7964 -81.7156
11 48 65.0209 -80.9407
11 49 65.2398 -80.1569
11 50 65.4532 -79.3642
11 51 65.6609 -78.5627
11 52 65.8631 -77.7524
11 53 66.0596 -76.9335
11 54 66.2505 -76.1061
11 55 66.4358 -75.2703
11 56 66.6154 -74.4262
11 57 66.7893 -73.5742
11 58 66.9575 -72.7143
11 59 67.12 -71.8469
11 60 67.2767 -70.9722
11 61 67.4277 -70.0906
11 62 67.5729 -69.2023
11 63 67.7122 -68.3077
11 64 67.8457 -67.4072
11 65 67.9734 -66.5011
11 66 68.0952 -65.59
11 67 68.2112 -64.6741
11 68 68.3213 -63.754
11 69 68.4255 -62.8302
11 70 68.5239 -61.9032
11 71 68.6165 -60.9733
11 72 68.7032 -60.0413
11 73 68.7841 -59.1076
11 74 68.8592 -58.1727
11 75 68.9286 -57.2373
11 76 68.9923 -56.3018
11 77 69.0503 -55.3669
11 78 69.1026 -54.4331
11 79 69.1494 -53.501
11 80 69.1907 -52.5711
11 81 69.2266 -51.6441
11 82 69.2571 -50.7204
11 83 69.2823 -49.8007
11 84 69.3022 -48.8855
11 85 69.3171 -47.9752
11 86 69.3268 -47.0705
11 87 69.3317 -46.1719
11 88 69.3317 -45.2798
11 89 69.3269 -44.3947
11 90 69.3175 -43.5171
11 91 69.3036 -42.6473
11 92 69.2853 -41.786
11 93 69.2627 -40.9333
11 94 69.2359 -40.0898
11 95 69.205 -39.2557
11 96 69.1702 -38.4314
11 97 69.1316 -37.6172
11 98 69.0894 -36.8135
11 99 69.0435 -36.0204
11 100 68.9943 -35.2382
11 101 68.9418 -34.4672
11 102 68.8861 -33.7075
11 103 68.8274 -32.9593
11 104 68.7657 -32.2229
11 105 68.7013 -31.4982
11 106 68.6343 -30.7855
11 107 68.5648 -30.0849
11 108 68.4929 -29.3964
11 109 68.4187 -28.7201
11 110 68.3424 -28.056
11 111 68.2641 -27.4043
11 112 68.184 -26.7648
11 113 68.102 -26.1377
11 114 68.0185 -25.523
11 115 67.9334 -24.9205
11 116 67.8469 -24.3303
11 117 67.7592 -23.7524
11 118 67.6702 -23.1866
11 119 67.5802 -22.633
11 120 67.4893 -22.0914
11 121 67.3975 -21.5619
11 122 67.3049 -21.0443
11 123 67.2117 -20.5385
11 124 67.118 -20.0445
11 125 67.0238 -19.5621
11 126 66.9293 -19.0912
11 127 66.8344 -18.6319
11 128 66.7395 -18.1838
11 129 66.6444 -17.747
11 130 66.5493 -17.3214
11 131 66.4543 -16.9067
11 132 66.3595 -16.503
11 133 66.2649 -16.11
11 134 66.1706 -15.7277
11 135 66.0767 -15.356
11 136 65.9832 -14.9947
11 137 65.8903 -14.6437
11 138 65.7979 -14.3029
11 139 65.7063 -13.9723
11 140 65.6153 -13.6516
11 141 65.5251 -13.3408
11 142 65.4358 -13.0398
11 143 65.3473 -12.7485
11 144 65.2598 -12.4667
11 145 65.1733 -12.1943
11 146 65.0879 -11.9313
11 147 65.0035 -11.6776
11 148 64.9203 -11.433
11 149 64.8383 -11.1975
11 150 64.7575 -10.9709
11 151 64.6779 -10.7532
11 152 64.5997 -10.5443
11 153 64.5229 -10.3442
11 154 64.4474 -10.1526
11 155 64.3734 -9.96963
11 156 64.3008 -9.79511
11 157 64.2297 -9.62899
11 158 64.1601 -9.4712
11 159 64.092 -9.32168
11 160 64.0255 -9.18037
11 161 63.9607 -9.0472
11 162 63.8974 -8.92211
11 163 63.8358 -8.80506
11 164 63.7758 -8.69599
11 165 63.7176 -8.59485
11 166 63.661 -8.5016
11 167 63.6062 -8.4162
11 168 63.553 -8.3386
11 169 63.5017 -8.26878
11 170 63.4521 -8.2067
11 171 63.4042 -8.15233
11 172 63.3582 -8.10565
11 173 63.314 -8.06663
11 174 63.2715 -8.03526
11 175 63.2309 -8.01151
11 176 63.192 -7.99538
11 177 63.155 -7.98686
11 178 63.1198 -7.98593
11 179 63.0865 -7.9926
11 180 63.0549 -8.00687
11 181 63.0252 -8.02873
11 182 62.9973 -8.0582
11 183 62.9712 -8.09529
11 184 62.947 -8.14
11 185 62.9245 -8.19236
11 186 62.9038 -8.25238
11 187 62.885 -8.32009
11 188 62.8679 -8.39552
11 189 62.8525 -8.47869
11 190 62.839 -8.56963
11 191 62.8271 -8.6684
11 192 62.8171 -8.77501
11 193 62.8087 -8.88953
11 194 62.802 -9.01199
11 195 62.797 -9.14245
11 196 62.7936 -9.28096
11 197 62.7919 -9.42758
11 198 62.7918 -9.58237
11 199 62.7933 -9.74539
11 200 62.7963 -9.91672
11 201 62.8009 -10.0964
11 202 62.8069 -10.2846
11 203 62.8145 -10.4813
11 204 62.8234 -10.6866
11 205 62.8338 -10.9006
11 206 62.8455 -11.1234
11 207 62.8586 -11.3552
11 208 62.8729 -11.5959
11 209 62.8885 -11.8456
11 210 62.9053 -12.1046
11 211 62.9232 -12.373
11 212 62.9422 -12.6507
11 213 62.9623 -12.938
11 214 62.9833 -13.235
11 215 63.0053 -13.5417
11 216 63.0281 -13.8584
11 217 63.0518 -14.1851
11 218 63.0762 -14.5221
11 219 63.1013 -14.8694
11 220 63.127 -15.2272
11 221 63.1533 -15.5956
11 222 63.18 -15.9748
11 223 63.207 -16.365
11 224 63.2344 -16.7663
11 225 63.262 -17.1788
12 1 52.8878 -105.16
12 2 53.2742 -104.685
12 3 53.6298 -104.225
12 4 53.9661 -103.771
12 5 54.292 -103.317
12 6 54.6107 -102.861
12 7 54.9239 -102.401
12 8 55.2325 -101.936
12 9 55.5372 -101.466
12 10 55.8384 -100.991
12 11 56.1363 -100.51
12 12 56.431 -100.023
12 13 56.7227 -99.5297
12 14 57.0115 -99.03
12 15 56.7259 -99.2302
12 16 57.0292 -98.7183
12 17 57.325 -98.2044
12 18 57.614 -97.6879
12 19 57.8967 -97.1686
12 20 58.1736 -96.6462
12 21 58.4448 -96.1206
12 22 58.7107 -95.5917
12 23 58.9713 -95.0595
12 24 59.2268 -94.524
12 25 59.4773 -93.9854
12 26 59.7228 -93.4436
12 27 59.9633 -92.8989
12 28 60.199 -92.3513
12 29 60.4298 -91.8011
12 30 60.6557 -91.2485
12 31 60.8767 -90.6937
12 32 61.0928 -90.1369
12 33 61.3041 -89.5784
12 34 61.5104 -89.0185
12 35 61.7118 -88.4576
12 36 61.9082 -87.8958
12 37 62.0997 -87.3337
12 38 62.2862 -86.7715
12 39 62.4677 -86.2096
12 40 62.6442 -85.6483
12 41 62.8158 -85.0882
12 42 62.9823 -84.5295
12 43 63.1438 -83.9728
12 44 63.3004 -83.4184
12 45 63.4526 -81.9727
12 46 63.6648 -81.2035
12 47 63.8712 -80.4272
12 48 64.0717 -79.6436
12 49 64.2665 -78.853
12 50 64.4556 -78.0554
12 51 64.639 -77.2508
12 52 64.8166 -76.4395
12 53 64.9886 -75.6216
12 54 65.1548 -74.7973
12 55 65.3154 -73.9668
12 56 65.4702 -73.1303
12 57 65.6194 -72.2881
12 58 65.7628 -71.4404
12 59 65.9006 -70.5875
12 60 66.0326 -69.7298
12 61 66.1589 -68.8675
12 62 66.2796 -68.0011
12 63 66.3945 -67.1308
12 64 66.5037 -66.2571
12 65 66.6072 -65.3804
12 66 66.705 -64.5011
12 67 66.7972 -63.6195
12 68 66.8837 -62.7362
12 69 66.9647 -61.8515
12 70 67.04 -60.966
12 71 67.1097 -60.0801
12 72 67.1739 -59.1942
12 73 67.2327 -58.3089
12 74 67.286 -57.4246
12 75 67.3338 -56.5418
12 76 67.3764 -55.661
12 77 67.4137 -54.7826
12 78 67.4457 -53.9072
12 79 67.4726 -53.0351
12 80 67.4944 -52.1669
12 81 67.5112 -51.303
12 82 67.523 -50.4439
12 83 67.5301 -49.59
12 84 67.5323 -48.7417
12 85 67.5299 -47.8994
12 86 67.523 -47.0636
12 87 67.5115 -46.2345
12 88 67.4957 -45.4127
12 89 67.4756 -44.5984
12 90 67.4514 -43.7921
12 91 67.4231 -42.9939
12 92 67.3908 -42.2042
12 93 67.3548 -41.4234
12 94 67.315 -40.6516
12 95 67.2716 -39.8892
12 96 67.2247 -39.1363
12 97 67.1745 -38.3933
12 98 67.121 -37.6602
12 99 67.0644 -36.9373
12 100 67.0048 -36.2247
12 101 66.9423 -35.5226
12 102 66.8771 -34.8312
12 103 66.8091 -34.1505
12 104 66.7387 -33.4806
12 105 66.6659 -32.8217
12 106 66.5907 -32.1737
12 107 66.5134 -31.5369
12 108 66.434 -30.9111
12 109 66.3527 -30.2966
12 110 66.2696 -29.6931
12 111 66.1847 -29.1009
12 112 66.0982 -28.5199
12 113 66.0103 -27.9501
12 114 65.9209 -27.3914
12 115 65.8302 -26.8439
12 116 65.7384 -26.3075
12 117 65.6455 -25.7821
12 118 65.5516 -25.2678
12 119 65.4568 -24.7644
12 120 65.3612 -24.272
12 121 65.265 -23.7904
12 122 65.1681 -23.3196
12 123 65.0708 -22.8594
12 124 64.973 -22.4099
12 125 64.8749 -21.971
12 126 64.7765 -21.5425
12 127 64.6779 -21.1244
12 128 64.5793 -20.7165
12 129 64.4806 -20.3189
12 130 64.3821 -19.9313
12 131 64.2836 -19.5538
12 132 64.1854 -19.1862
12 133 64.0874 -18.8285
12 134 63.9898 -18.4804
12 135 63.8926 -18.142
12 136 63.7958 -17.8132
12 137 63.6996 -17.4938
12 138 63.604 -17.1837
12 139 63.5091 -16.883
12 140 63.4148 -16.5914
12 141 63.3213 -16.3089
12 142 63.2287 -16.0353
12 143 63.1368 -15.7707
12 144 63.0459 -15.515
12 145 62.956 -15.2679
12 146 62.8671 -15.0296
12 147 62.7792 -14.7998
12 148 62.6924 -14.5785
12 149 62.6067 -14.3656
12 150 62.5222 -14.1611
12 151 62.4388 -13.9649
12 152 62.3568 -13.7769
12 153 62.276 -13.597
12 154 62.1965 -13.4252
12 155 62.1183 -13.2614
12 156 62.0415 -13.1055
12 157 61.9661 -12.9575
12 158 61.8921 -12.8174
12 159 61.8195 -12.6851
12 160 61.7484 -12.5605
12 161 61.6788 -12.4436
12 162 61.6107 -12.3343
12 163 61.5441 -12.2326
12 164 61.4791 -12.1384
12 165 61.4156 -12.0518
12 166 61.3537 -11.9726
12 167 61.2934 -11.9009
12 168 61.2347 -11.8366
12 169 61.1776 -11.7797
12 170 61.1221 -11.7302
12 171 61.0682 -11.688
12 172 61.016 -11.6531
12 173 60.9654 -11.6255
12 174 60.9165 -11.6052
12 175 60.8692 -11.5921
12 176 60.8236 -11.5863
12 177 60.7796 -11.5878
12 178 60.7373 -11.5966
12 179 60.6966 -11.6125
12 180 60.6576 -11.6358
12 181 60.6203 -11.6662
12 182 60.5845 -11.704
12 183 60.5505 -11.749
12 184 60.518 -11.8013
12 185 60.4872 -11.8609
12 186 60.458 -11.9278
12 187 60.4303 -12.0021
12 188 60.4043 -12.0837
12 189 60.3799 -12.1726
12 190 60.357 -12.269
12 191 60.3356 -12.3729
12 192 60.3158 -12.4842
12 193 60.2974 -12.603
12 194 60.2806 -12.7294
12 195 60.2652 -12.8634
12 196 60.2513 -13.005
12 197 60.2388 -13.1543
12 198 60.2276 -13.3114
12 199 60.2178 -13.4762
12 200 60.2094 -13.6489
12 201 60.2022 -13.8296
12 202 60.1963 -14.0182
12 203 60.1917 -14.2148
12 204 60.1882 -14.4196
12 205 60.1859 -14.6325
12 206 60.1847 -14.8537
12 207 60.1846 -15.0833
12 208 60.1855 -15.3212
12 209 60.1874 -15.5677
12 210 60.1903 -15.8228
12 211 60.194 -16.0865
12 212 60.1986 -16.3591
12 213 60.2039 -16.6405
12 214 60.21 -16.9309
12 215 60.2167 -17.2303
12 216 60.224 -17.539
12 217 60.2319 -17.8569
12 218 60.2402 -18.1842
12 219 60.249 -18.5211
12 220 60.258 -18.8676
12 221 60.2674 -19.2239
12 222 60.2768 -19.59
12 223 60.2864 -19.9662
12 224 60.296 -20.3525
12 225 60.3055 -20.7491
13 1 52.8223 -105.052
13 2 53.1959 -104.547
13 3 53.5371 -104.057
13 4 53.8585 -103.574
13 5 54.1692 -103.091
13 6 54.4723 -102.605
13 7 54.7695 -102.116
13 8 55.062 -101.623
13 9 55.3503 -101.124
13 10 55.6348 -100.62
13 11 55.9157 -100.11
13 12 56.1934 -99.5948
13 13 56.4678 -99.0732
13 14 56.739 -98.5453
13 15 56.439 -98.7424
13 16 56.7255 -98.2029
13 17 57.0042 -97.6617
13 18 57.2759 -97.1184
13 19 57.5411 -96.5725
13 20 57.8002 -96.0241
13 21 58.0535 -95.4728
13 22 58.3012 -94.9187
13 23 58.5435 -94.3619
13 24 58.7806 -93.8023
13 25 59.0125 -93.2401
13 26 59.2393 -92.6753
13 27 59.461 -92.1082
13 28 59.6778 -91.5389
13 29 59.8895 -90.9677
13 30 60.0963 -90.3947
13 31 60.2982 -89.8203
13 32 60.4951 -89.2446
13 33 60.6871 -88.6681
13 34 60.8741 -88.091
13 35 61.0562 -87.5137
13 36 61.2333 -86.9364
13 37 61.4055 -86.3596
13 38 61.5727 -85.7837
13 39 61.735 -85.2089
13 40 61.8923 -84.6357
13 41 62.0447 -84.0646
13 42 62.1922 -83.4959
13 43 62.3347 -82.93
13 44 62.4724 -82.3674
13 45 62.5321 -80.8951
13 46 62.7208 -80.1206
13 47 62.9036 -79.3406
13 48 63.0804 -78.5551
13 49 63.2514 -77.7643
13 50 63.4166 -76.9682
13 51 63.5759 -76.1671
13 52 63.7296 -75.3612
13 53 63.8775 -74.5505
13 54 64.0197 -73.7354
13 55 64.1562 -72.9161
13 56 64.287 -72.0928
13 57 64.4122 -71.2658
13 58 64.5317 -70.4354
13 59 64.6456 -69.6019
13 60 64.7539 -68.7656
13 61 64.8566 -67.9269
13 62 64.9538 -67.0861
13 63 65.0454 -66.2435
13 64 65.1314 -65.3996
13 65 65.212 -64.5546
13 66 65.2871 -63.709
13 67 65.3568 -62.8632
13 68 65.4211 -62.0176
13 69 65.4801 -61.1725
13 70 65.5337 -60.3284
13 71 65.582 -59.4856
13 72 65.6252 -58.6447
13 73 65.6632 -57.8059
13 74 65.6961 -56.9698
13 75 65.7239 -56.1366
13 76 65.7468 -55.3068
13 77 65.7647 -54.4809
13 78 65.7778 -53.6591
13 79 65.7862 -52.8418
13 80 65.7898 -52.0295
13 81 65.7889 -51.2225
13 82 65.7835 -50.4212
13 83 65.7736 -49.6258
13 84 65.7594 -48.8367
13 85 65.741 -48.0543
13 86 65.7184 -47.2789
13 87 65.6917 -46.5106
13 88 65.6611 -45.7499
13 89 65.6267 -44.997
13 90 65.5885 -44.2521
13 91 65.5467 -43.5155
13 92 65.5014 -42.7874
13 93 65.4526 -42.068
13 94 65.4005 -41.3575
13 95 65.3452 -40.6561
13 96 65.2869 -39.9639
13 97 65.2255 -39.2812
13 98 65.1613 -38.608
13 99 65.0943 -37.9444
13 100 65.0246 -37.2907
13 101 64.9525 -36.6468
13 102 64.8778 -36.0129
13 103 64.8009 -35.3891
13 104 64.7217 -34.7753
13 105 64.6405 -34.1718
13 106 64.5572 -33.5784
13 107 64.4721 -32.9953
13 108 64.3851 -32.4224
13 109 64.2965 -31.8598
13 110 64.2063 -31.3076
13 111 64.1147 -30.7655
13 112 64.0216 -30.2338
13 113 63.9273 -29.7123
13 114 63.8317 -29.2011
13 115 63.7351 -28.7001
13 116 63.6375 -28.2092
13 117 63.539 -27.7284
13 118 63.4397 -27.2578
13 119 63.3396 -26.7971
13 120 63.2389 -26.3465
13 121 63.1377 -25.9057
13 122 63.036 -25.4748
13 123 62.9338 -25.0537
13 124 62.8314 -24.6423
13 125 62.7287 -24.2406
13 126 62.6259 -23.8485
13 127 62.523 -23.4658
13 128 62.42 -23.0926
13 129 62.3172 -22.7288
13 130 62.2144 -22.3742
13 131 62.1118 -22.0289
13 132 62.0095 -21.6926
13 133 61.9075 -21.3655
13 134 61.8059 -21.0472
13 135 61.7046 -20.7379
13 136 61.6039 -20.4374
13 137 61.5037 -20.1457
13 138 61.4042 -19.8625
13 139 61.3052 -19.588
13 140 61.207 -19.322
13 141 61.1095 -19.0644
13 142 61.0128 -18.8152
13 143 60.9169 -18.5743
13 144 60.822 -18.3416
13 145 60.7279 -18.1171
13 146 60.6348 -17.9006
13 147 60.5427 -17.6922
13 148 60.4516 -17.4917
13 149 60.3616 -17.2991
13 150 60.2728 -17.1143
13 151 60.185 -16.9373
13 152 60.0984 -16.7681
13 153 60.013 -16.6064
13 154 59.9289 -16.4524
13 155 59.846 -16.306
13 156 59.7644 -16.167
13 157 59.684 -16.0355
13 158 59.605 -15.9114
13 159 59.5274 -15.7947
13 160 59.4511 -15.6853
13 161 59.3761 -15.5831
13 162 59.3026 -15.4883
13 163 59.2305 -15.4006
13 164 59.1599 -15.3202
13 165 59.0906 -15.2468
13 166 59.0228 -15.1806
13 167 58.9565 -15.1215
13 168 58.8917 -15.0695
13 169 58.8283 -15.0245
13 170 58.7665 -14.9865
13 171 58.7061 -14.9555
13 172 58.6472 -14.9316
13 173 58.5898 -14.9146
13 174 58.534 -14.9046
13 175 58.4796 -14.9015
13 176 58.4267 -14.9054
13 177 58.3754 -14.9163
13 178 58.3255 -14.9341
13 179 58.2772 -14.9588
13 180 58.2303 -14.9905
13 181 58.1849 -15.0292
13 182 58.141 -15.0748
13 183 58.0985 -15.1274
13 184 58.0575 -15.1869
13 185 58.018 -15.2535
13 186 57.9799 -15.3271
13 187 57.9432 -15.4077
13 188 57.9079 -15.4953
13 189 57.874 -15.5901
13 190 57.8414 -15.6919
13 191 57.8102 -15.8009
13 192 57.7803 -15.917
13 193 57.7518 -16.0404
13 194 57.7245 -16.1709
13 195 57.6984 -16.3087
13 196 57.6736 -16.4539
13 197 57.65 -16.6063
13 198 57.6276 -16.7662
13 199 57.6063 -16.9335
13 200 57.5861 -17.1083
13 201 57.567 -17.2907
13 202 57.5489 -17.4806
13 203 57.5319 -17.6783
13 204 57.5158 -17.8836
13 205 57.5006 -18.0967
13 206 57.4862 -18.3176
13 207 57.4727 -18.5465
13 208 57.46 -18.7834
13 209 57.4481 -19.0283
13 210 57.4368 -19.2813
13 211 57.4261 -19.5426
13 212 57.416 -19.8121
13 213 57.4064 -20.09
13 214 57.3973 -20.3764
13 215 57.3885 -20.6714
13 216 57.3801 -20.9749
13 217 57.3719 -21.2873
13 218 57.364 -21.6084
13 219 57.3561 -21.9385
13 220 57.3482 -22.2777
13 221 57.3403 -22.6259
13 222 57.3323 -22.9835
13 223 57.3241 -23.3504
13 224 57.3155 -23.7268
13 225 57.3066 -24.1127
14 1 52.751 -104.951
14 2 53.1115 -104.417
14 3 53.4377 -103.9
14 4 53.7434 -103.389
14 5 54.0379 -102.879
14 6 54.3245 -102.366
14 7 54.605 -101.85
14 8 54.8804 -101.33
14 9 55.1513 -100.805
14 10 55.4182 -100.274
14 11 55.6814 -99.7384
14 12 55.941 -99.197
14 13 56.1972 -98.6497
14 14 56.45 -98.0966
14 15 56.1332 -98.2932
14 16 56.4022 -97.7289
14 17 56.6631 -97.1635
14 18 56.9168 -96.5963
14 19 57.1638 -96.0272
14 20 57.4044 -95.456
14 21 57.639 -94.8826
14 22 57.8679 -94.3069
14 23 58.0913 -93.729
14 24 58.3092 -93.1491
14 25 58.5219 -92.5671
14 26 58.7293 -91.9833
14 27 58.9316 -91.3978
14 28 59.1289 -90.8109
14 29 59.3211 -90.2229
14 30 59.5082 -89.6338
14 31 59.6904 -89.0441
14 32 59.8676 -88.4541
14 33 60.0399 -87.864
14 34 60.2072 -87.2741
14 35 60.3696 -86.6849
14 36 60.527 -86.0967
14 37 60.6796 -85.5099
14 38 60.8272 -84.9247
14 39 60.97 -84.3417
14 40 61.1079 -83.7612
14 41 61.241 -83.1836
14 42 61.3692 -82.6094
14 43 61.4927 -82.039
14 44 61.6113 -81.4727
14 45 61.5747 -79.9962
14 46 61.7402 -79.2219
14 47 61.8997 -78.4437
14 48 62.0532 -77.6616
14 49 62.2008 -76.8758
14 50 62.3425 -76.0865
14 51 62.4785 -75.2938
14 52 62.6087 -74.498
14 53 62.7332 -73.6992
14 54 62.852 -72.8978
14 55 62.9652 -72.0939
14 56 63.0728 -71.2878
14 57 63.1749 -70.4798
14 58 63.2714 -69.6702
14 59 63.3624 -68.8592
14 60 63.4479 -68.0472
14 61 63.528 -67.2345
14 62 63.6028 -66.4215
14 63 63.6721 -65.6083
14 64 63.7362 -64.7955
14 65 63.795 -63.9833
14 66 63.8486 -63.172
14 67 63.897 -62.3621
14 68 63.9402 -61.5539
14 69 63.9784 -60.7476
14 70 64.0116 -59.9438
14 71 64.0398 -59.1426
14 72 64.0631 -58.3445
14 73 64.0816 -57.5498
14 74 64.0953 -56.7589
14 75 64.1043 -55.972
14 76 64.1087 -55.1896
14 77 64.1085 -54.4119
14 78 64.1039 -53.6392
14 79 64.0949 -52.8718
14 80 64.0815 -52.1101
14 81 64.064 -51.3544
14 82 64.0423 -50.6048
14 83 64.0166 -49.8617
14 84 63.9869 -49.1253
14 85 63.9534 -48.3959
14 86 63.916 -47.6737
14 87 63.8751 -46.9589
14 88 63.8305 -46.2518
14 89 63.7825 -45.5525
14 90 63.7311 -44.8612
14 91 63.6765 -44.1782
14 92 63.6187 -43.5034
14 93 63.5578 -42.8372
14 94 63.494 -42.1797
14 95 63.4273 -41.531
14 96 63.3578 -40.8911
14 97 63.2857 -40.2602
14 98 63.211 -39.6385
14 99 63.1339 -39.0259
14 100 63.0545 -38.4227
14 101 62.9728 -37.8287
14 102 62.889 -37.2441
14 103 62.8031 -36.669
14 104 62.7153 -36.1033
14 105 62.6256 -35.5471
14 106 62.5342 -35.0005
14 107 62.4412 -34.4634
14 108 62.3466 -33.9358
14 109 62.2505 -33.4178
14 110 62.1531 -32.9093
14 111 62.0544 -32.4104
14 112 61.9545 -31.9209
14 113 61.8535 -31.441
14 114 61.7515 -30.9705
14 115 61.6486 -30.5094
14 116 61.5449 -30.0578
14 117 61.4404 -29.6154
14 118 61.3353 -29.1824
14 119 61.2295 -28.7587
14 120 61.1232 -28.3441
14 121 61.0165 -27.9387
14 122 60.9095 -27.5425
14 123 60.8021 -27.1552
14 124 60.6945 -26.777
14 125 60.5868 -26.4076
14 126 60.479 -26.0472
14 127 60.3711 -25.6955
14 128 60.2633 -25.3526
14 129 60.1557 -25.0183
14 130 60.0482 -24.6927
14 131 59.9409 -24.3756
14 132 59.8339 -24.0669
14 133 59.7272 -23.7667
14 134 59.621 -23.4748
14 135 59.5152 -23.1912
14 136 59.4099 -22.9158
14 137 59.3051 -22.6486
14 138 59.2009 -22.3894
14 139 59.0974 -22.1383
14 140 58.9946 -21.8951
14 141 58.8925 -21.6598
14 142 58.7912 -21.4323
14 143 58.6906 -21.2126
14 144 58.591 -21.0007
14 145 58.4922 -20.7964
14 146 58.3943 -20.5997
14 147 58.2974 -20.4105
14 148 58.2015 -20.2289
14 149 58.1066 -20.0547
14 150 58.0127 -19.8878
14 151 57.92 -19.7284
14 152 57.8283 -19.5762
14 153 57.7377 -19.4313
14 154 57.6483 -19.2935
14 155 57.5601 -19.163
14 156 57.4731 -19.0396
14 157 57.3873 -18.9232
14 158 57.3027 -18.8139
14 159 57.2194 -18.7117
14 160 57.1373 -18.6164
14 161 57.0566 -18.528
14 162 56.9771 -18.4466
14 163 56.8989 -18.372
14 164 56.8221 -18.3044
14 165 56.7466 -18.2435
14 166 56.6724 -18.1895
14 167 56.5996 -18.1423
14 168 56.5281 -18.1018
14 169 56.458 -18.0681
14 170 56.3892 -18.0412
14 171 56.3218 -18.0209
14 172 56.2558 -18.0074
14 173 56.1911 -18.0006
14 174 56.1278 -18.0005
14 175 56.0659 -18.0072
14 176 56.0053 -18.0205
14 177 55.9461 -18.0404
14 178 55.8882 -18.0671
14 179 55.8317 -18.1005
14 180 55.7765 -18.1406
14 181 55.7226 -18.1874
14 182 55.67 -18.2409
14 183 55.6187 -18.3011
14 184 55.5687 -18.3681
14 185 55.52 -18.4418
14 186 55.4725 -18.5223
14 187 55.4263 -18.6095
14 188 55.3813 -18.7036
14 189 55.3374 -18.8045
14 190 55.2948 -18.9123
14 191 55.2533 -19.0269
14 192 55.2129 -19.1484
14 193 55.1737 -19.2769
14 194 55.1355 -19.4124
14 195 55.0984 -19.5549
14 196 55.0623 -19.7044
14 197 55.0271 -19.861
14 198 54.993 -20.0247
14 199 54.9597 -20.1956
14 200 54.9273 -20.3738
14 201 54.8958 -20.5592
14 202 54.865 -20.7519
14 203 54.8351 -20.952
14 204 54.8058 -21.1595
14 205 54.7772 -21.3745
14 206 54.7493 -21.597
14 207 54.7219 -21.8272
14 208 54.695 -22.065
14 209 54.6686 -22.3106
14 210 54.6426 -22.564
14 211 54.617 -22.8253
14 212 54.5916 -23.0945
14 213 54.5665 -23.3718
14 214 54.5415 -23.6572
14 215 54.5166 -23.9508
14 216 54.4918 -24.2527
14 217 54.4669 -24.5629
14 218 54.4418 -24.8817
14 219 54.4166 -25.209
14 220 54.391 -25.5449
14 221 54.3651 -25.8896
14 222 54.3386 -26.2432
14 223 54.3117 -26.6057
14 224 54.284 -26.9774
14 225 54.2555 -27.3582
15 1 52.6738 -104.859
15 2 53.0211 -104.297
15 3 53.3295 -103.755
15 4 53.6211 -103.216
15 5 53.8987 -102.681
15 6 54.168 -102.143
15 7 54.4308 -101.602
15 8 54.6883 -101.058
15 9 54.9411 -100.508
15 10 55.1897 -99.9543
15 11 55.4343 -99.395
15 12 55.6751 -98.8304
15 13 55.9122 -98.2603
15 14 56.1457 -97.6848
15 15 55.8096 -97.8839
15 16 56.0605 -97.2977
15 17 56.3031 -96.711
15 18 56.5382 -96.1231
15 19 56.7663 -95.5339
15 20 56.9878 -94.9432
15 21 57.2032 -94.3509
15 22 57.4128 -93.7571
15 23 57.6166 -93.1617
15 24 57.8149 -92.565
15 25 58.0078 -91.967
15 26 58.1954 -91.3679
15 27 58.3778 -90.7679
15 28 58.5551 -90.1673
15 29 58.7273 -89.5663
15 30 58.8944 -88.9652
15 31 59.0566 -88.3642
15 32 59.2137 -87.7638
15 33 59.366 -87.1641
15 34 59.5133 -86.5657
15 35 59.6557 -85.9687
15 36 59.7933 -85.3736
15 37 59.926 -84.7808
15 38 60.0539 -84.1905
15 39 60.177 -83.6033
15 40 60.2954 -83.0195
15 41 60.4091 -82.4395
15 42 60.518 -81.8638
15 43 60.6223 -81.2926
15 44 60.722 -80.7265
15 45 60.5855 -79.2658
15 46 60.7282 -78.4961
15 47 60.8649 -77.7239
15 48 60.9956 -76.9494
15 49 61.1203 -76.1727
15 50 61.2393 -75.3941
15 51 61.3524 -74.6136
15 52 61.4599 -73.8315
15 53 61.5617 -73.0481
15 54 61.6579 -72.2635
15 55 61.7486 -71.478
15 56 61.8338 -70.6918
15 57 61.9136 -69.9053
15 58 61.988 -69.1186
15 59 62.057 -68.3321
15 60 62.1207 -67.546
15 61 62.1792 -66.7607
15 62 62.2326 -65.9764
15 63 62.2807 -65.1934
15 64 62.3238 -64.412
15 65 62.3619 -63.6325
15 66 62.395 -62.8553
15 67 62.4232 -62.0806
15 68 62.4465 -61.3088
15 69 62.465 -60.54
15 70 62.4788 -59.7747
15 71 62.488 -59.0131
15 72 62.4926 -58.2555
15 73 62.4926 -57.5022
15 74 62.4882 -56.7535
15 75 62.4795 -56.0096
15 76 62.4664 -55.2708
15 77 62.4491 -54.5374
15 78 62.4277 -53.8096
15 79 62.4023 -53.0877
15 80 62.3729 -52.3718
15 81 62.3396 -51.6623
15 82 62.3026 -50.9593
15 83 62.2618 -50.2631
15 84 62.2175 -49.5738
15 85 62.1696 -48.8916
15 86 62.1183 -48.2167
15 87 62.0637 -47.5493
15 88 62.0059 -46.8895
15 89 61.9449 -46.2375
15 90 61.8809 -45.5934
15 91 61.8139 -44.9574
15 92 61.7441 -44.3295
15 93 61.6716 -43.7099
15 94 61.5963 -43.0987
15 95 61.5186 -42.4959
15 96 61.4384 -41.9016
15 97 61.3558 -41.316
15 98 61.271 -40.7391
15 99 61.1839 -40.1709
15 100 61.0949 -39.6115
15 101 61.0038 -39.0609
15 102 60.9108 -38.5192
15 103 60.8161 -37.9864
15 104 60.7196 -37.4625
15 105 60.6215 -36.9475
15 106 60.5219 -36.4414
15 107 60.4209 -35.9443
15 108 60.3185 -35.4561
15 109 60.2149 -34.9768
15 110 60.11 -34.5064
15 111 60.0041 -34.045
15 112 59.8972 -33.5924
15 113 59.7893 -33.1486
15 114 59.6806 -32.7136
15 115 59.5712 -32.2875
15 116 59.461 -31.87
15 117 59.3502 -31.4613
15 118 59.2388 -31.0613
15 119 59.127 -30.6698
15 120 59.0148 -30.287
15 121 58.9022 -29.9126
15 122 58.7894 -29.5468
15 123 58.6763 -29.1894
15 124 58.5631 -28.8403
15 125 58.4499 -28.4996
15 126 58.3366 -28.1671
15 127 58.2233 -27.8429
15 128 58.1102 -27.5268
15 129 57.9972 -27.2188
15 130 57.8844 -26.9189
15 131 57.7719 -26.6269
15 132 57.6598 -26.3429
15 133 57.5479 -26.0668
15 134 57.4365 -25.7984
15 135 57.3256 -25.5379
15 136 57.2151 -25.2851
15 137 57.1052 -25.0399
15 138 56.9959 -24.8023
15 139 56.8873 -24.5723
15 140 56.7793 -24.3497
15 141 56.672 -24.1346
15 142 56.5655 -23.9269
15 143 56.4597 -23.7266
15 144 56.3548 -23.5335
15 145 56.2507 -23.3477
15 146 56.1475 -23.1691
15 147 56.0452 -22.9977
15 148 55.9439 -22.8333
15 149 55.8435 -22.6761
15 150 55.7441 -22.5258
15 151 55.6457 -22.3826
15 152 55.5484 -22.2463
15 153 55.4521 -22.1169
15 154 55.3569 -21.9944
15 155 55.2628 -21.8787
15 156 55.1698 -21.7698
15 157 55.078 -21.6677
15 158 54.9872 -21.5723
15 159 54.8977 -21.4837
15 160 54.8093 -21.4018
15 161 54.7221 -21.3265
15 162 54.6362 -21.2579
15 163 54.5514 -21.1958
15 164 54.4678 -21.1404
15 165 54.3854 -21.0916
15 166 54.3043 -21.0493
15 167 54.2244 -21.0136
15 168 54.1457 -20.9844
15 169 54.0683 -20.9617
15 170 53.9921 -20.9455
15 171 53.9171 -20.9359
15 172 53.8434 -20.9327
15 173 53.7709 -20.936
15 174 53.6996 -20.9459
15 175 53.6295 -20.9622
15 176 53.5606 -20.9849
15 177 53.493 -21.0142
15 178 53.4265 -21.0499
15 179 53.3632 -21.0973
15 180 53.299 -21.1458
15 181 53.236 -21.2009
15 182 53.1741 -21.2624
15 183 53.1133 -21.3305
15 184 53.0536 -21.4052
15 185 52.9951 -21.4864
15 186 52.9376 -21.5742
15 187 52.8811 -21.6686
15 188 52.8257 -21.7696
15 189 52.7713 -21.8773
15 190 52.7178 -21.9916
15 191 52.6653 -22.1127
15 192 52.6138 -22.2405
15 193 52.5631 -22.375
15 194 52.5133 -22.5164
15 195 52.4643 -22.6645
15 196 52.4161 -22.8196
15 197 52.3687 -22.9816
15 198 52.322 -23.1505
15 199 52.276 -23.3264
15 200 52.2306 -23.5093
15 201 52.1858 -23.6994
15 202 52.1415 -23.8965
15 203 52.0978 -24.1009
15 204 52.0545 -24.3125
15 205 52.0116 -24.5315
15 206 51.9691 -24.7578
15 207 51.9268 -24.9915
15 208 51.8848 -25.2327
15 209 51.8429 -25.4815
15 210 51.8012 -25.7379
15 211 51.7595 -26.002
15 212 51.7177 -26.2739
15 213 51.6759 -26.5537
15 214 51.6339 -26.8414
15 215 51.5916 -27.1371
15 216 51.549 -27.441
15 217 51.5059 -27.753
15 218 51.4624 -28.0733
15 219 51.4183 -28.4021
15 220 51.3734 -28.7393
15 221 51.3278 -29.0851
15 222 51.2812 -29.4397
15 223 51.2337 -29.803
15 224 51.185 -30.1754
15 225 51.1351 -30.5567
