22 110 2999 31556736
0 0.000000 180 45
0 1 -35.4595 138.089
0 2 -35.9883 138.189
0 3 -36.4488 138.235
0 4 -36.8854 138.262
0 5 -37.3097 138.279
0 6 -37.7265 138.291
0 7 -38.1384 138.299
0 8 -38.5468 138.305
0 9 -38.9525 138.308
0 10 -39.356 138.311
0 11 -39.7577 138.312
0 12 -40.1579 138.312
0 13 -40.5567 138.312
0 14 -40.9543 138.31
0 15 -40.6533 137.883
0 16 -41.0698 137.906
0 17 -41.4793 137.924
0 18 -41.8828 137.939
0 19 -42.281 137.95
0 20 -42.6743 137.958
0 21 -43.0631 137.964
0 22 -43.4478 137.968
0 23 -43.8284 137.969
0 24 -44.2051 137.969
0 25 -44.5781 137.967
0 26 -44.9473 137.964
0 27 -45.3129 137.959
0 28 -45.6748 137.953
0 29 -46.0331 137.945
0 30 -46.3877 137.936
0 31 -46.7385 137.926
0 32 -47.0856 137.915
0 33 -47.4288 137.903
0 34 -47.7682 137.89
0 35 -48.1036 137.875
0 36 -48.435 137.859
0 37 -48.7622 137.843
0 38 -49.0853 137.824
0 39 -49.4041 137.805
0 40 -49.7186 137.785
0 41 -50.0285 137.763
0 42 -50.334 137.74
0 43 -50.6348 137.715
0 44 -50.9309 137.69
0 45 -51.4896 136.718
0 46 -51.8947 136.723
0 47 -52.2971 136.725
0 48 -52.697 136.726
0 49 -53.0944 136.724
0 50 -53.4895 136.721
0 51 -53.8823 136.715
0 52 -54.2729 136.708
0 53 -54.6613 136.699
0 54 -55.0476 136.688
0 55 -55.4318 136.676
0 56 -55.814 136.662
0 57 -56.1942 136.646
0 58 -56.5723 136.629
0 59 -56.9485 136.61
0 60 -57.3227 136.589
0 61 -57.6949 136.566
0 62 -58.0652 136.542
0 63 -58.4335 136.516
0 64 -58.7999 136.489
0 65 -59.1643 136.459
0 66 -59.5267 136.428
0 67 -59.8871 136.395
0 68 -60.2456 136.36
0 69 -60.602 136.323
0 70 -60.9564 136.284
0 71 -61.3088 136.243
0 72 -61.6591 136.2
0 73 -62.0074 136.155
0 74 -62.3535 136.108
0 75 -62.6976 136.058
0 76 -63.0395 136.006
0 77 -63.3792 135.952
0 78 -63.7167 135.896
0 79 -64.0521 135.837
0 80 -64.3852 135.775
0 81 -64.716 135.711
0 82 -65.0445 135.644
0 83 -65.3708 135.574
0 84 -65.6946 135.501
0 85 -66.0162 135.425
0 86 -66.3353 135.346
0 87 -66.6519 135.264
0 88 -66.9661 135.178
0 89 -67.2779 135.089
0 90 -67.5871 134.996
0 91 -67.8937 134.9
0 92 -68.1978 134.8
0 93 -68.4992 134.695
0 94 -68.798 134.587
0 95 -69.0942 134.474
0 96 -69.3876 134.357
0 97 -69.6783 134.235
0 98 -69.9662 134.109
0 99 -70.2513 133.977
0 100 -70.5335 133.841
0 101 -70.8129 133.699
0 102 -71.0894 133.552
0 103 -71.3629 133.399
0 104 -71.6335 133.241
0 105 -71.901 133.076
0 106 -72.1655 132.905
0 107 -72.4269 132.728
0 108 -72.6852 132.544
0 109 -72.9404 132.354
0 110 -73.1923 132.156
1 1 -35.4842 138.211
1 2 -36.0004 138.33
1 3 -36.4566 138.401
1 4 -36.8907 138.455
1 5 -37.3132 138.501
1 6 -37.7287 138.542
1 7 -38.1395 138.579
1 8 -38.5468 138.614
1 9 -38.9516 138.648
1 10 -39.3543 138.68
1 11 -39.7552 138.712
1 12 -40.1546 138.744
1 13 -40.5528 138.775
1 14 -40.9497 138.805
1 15 -40.6699 138.406
1 16 -41.0842 138.46
1 17 -41.4919 138.509
1 18 -41.8937 138.555
1 19 -42.2904 138.597
1 20 -42.6825 138.638
1 21 -43.0701 138.676
1 22 -43.4537 138.712
1 23 -43.8334 138.746
1 24 -44.2093 138.779
1 25 -44.5816 138.811
1 26 -44.9501 138.841
1 27 -45.3151 138.871
1 28 -45.6765 138.899
1 29 -46.0343 138.926
1 30 -46.3884 138.952
1 31 -46.7389 138.977
1 32 -47.0857 139.002
1 33 -47.4286 139.025
1 34 -47.7678 139.047
1 35 -48.103 139.068
1 36 -48.4343 139.089
1 37 -48.7615 139.108
1 38 -49.0846 139.126
1 39 -49.4034 139.144
1 40 -49.718 139.16
1 41 -50.0281 139.175
1 42 -50.3338 139.188
1 43 -50.6349 139.201
1 44 -50.9313 139.212
1 45 -51.536 138.427
1 46 -51.9394 138.479
1 47 -52.3402 138.53
1 48 -52.7387 138.579
1 49 -53.1348 138.627
1 50 -53.5286 138.675
1 51 -53.9203 138.721
1 52 -54.3098 138.767
1 53 -54.6972 138.811
1 54 -55.0826 138.855
1 55 -55.4659 138.898
1 56 -55.8473 138.94
1 57 -56.2268 138.982
1 58 -56.6043 139.023
1 59 -56.9799 139.064
1 60 -57.3536 139.103
1 61 -57.7254 139.142
1 62 -58.0952 139.181
1 63 -58.4632 139.219
1 64 -58.8293 139.256
1 65 -59.1935 139.293
1 66 -59.5558 139.329
1 67 -59.9161 139.365
1 68 -60.2746 139.4
1 69 -60.631 139.435
1 70 -60.9856 139.469
1 71 -61.3381 139.502
1 72 -61.6887 139.534
1 73 -62.0373 139.566
1 74 -62.3838 139.598
1 75 -62.7283 139.628
1 76 -63.0707 139.658
1 77 -63.4111 139.687
1 78 -63.7494 139.715
1 79 -64.0855 139.743
1 80 -64.4195 139.769
1 81 -64.7513 139.795
1 82 -65.0809 139.819
1 83 -65.4083 139.843
1 84 -65.7334 139.865
1 85 -66.0563 139.887
1 86 -66.3769 139.907
1 87 -66.6951 139.926
1 88 -67.0111 139.944
1 89 -67.3246 139.96
1 90 -67.6358 139.975
1 91 -67.9445 139.989
1 92 -68.2509 140.001
1 93 -68.5547 140.011
1 94 -68.856 140.019
1 95 -69.1549 140.026
1 96 -69.4512 140.031
1 97 -69.7449 140.033
1 98 -70.036 140.034
1 99 -70.3245 140.032
1 100 -70.6104 140.028
1 101 -70.8936 140.021
1 102 -71.1741 140.012
1 103 -71.4519 139.999
1 104 -71.7269 139.984
1 105 -71.9992 139.966
1 106 -72.2687 139.945
1 107 -72.5353 139.92
1 108 -72.7991 139.892
1 109 -73.0601 139.86
1 110 -73.3181 139.824
2 1 -35.4984 138.328
2 2 -36.0041 138.468
2 3 -36.4553 138.566
2 4 -36.8859 138.647
2 5 -37.3056 138.721
2 6 -37.7185 138.791
2 7 -38.1268 138.857
2 8 -38.5319 138.922
2 9 -38.9344 138.986
2 10 -39.3348 139.048
2 11 -39.7336 139.111
2 12 -40.1309 139.173
2 13 -40.5269 139.236
2 14 -40.9216 139.298
2 15 -40.6592 138.926
2 16 -41.07 139.009
2 17 -41.4745 139.089
2 18 -41.8734 139.166
2 19 -42.2674 139.24
2 20 -42.6567 139.312
2 21 -43.0419 139.383
2 22 -43.423 139.451
2 23 -43.8003 139.519
2 24 -44.1738 139.585
2 25 -44.5438 139.65
2 26 -44.9101 139.714
2 27 -45.2729 139.777
2 28 -45.6322 139.84
2 29 -45.9878 139.901
2 30 -46.3399 139.962
2 31 -46.6884 140.022
2 32 -47.0331 140.081
2 33 -47.3742 140.14
2 34 -47.7114 140.198
2 35 -48.0447 140.255
2 36 -48.3742 140.311
2 37 -48.6996 140.366
2 38 -49.0209 140.42
2 39 -49.338 140.474
2 40 -49.6509 140.526
2 41 -49.9594 140.578
2 42 -50.2635 140.628
2 43 -50.5631 140.677
2 44 -50.858 140.725
2 45 -51.4938 140.122
2 46 -51.8934 140.221
2 47 -52.2906 140.32
2 48 -52.6855 140.418
2 49 -53.078 140.516
2 50 -53.4683 140.614
2 51 -53.8564 140.711
2 52 -54.2424 140.809
2 53 -54.6264 140.907
2 54 -55.0084 141.005
2 55 -55.3883 141.103
2 56 -55.7663 141.201
2 57 -56.1424 141.299
2 58 -56.5165 141.398
2 59 -56.8887 141.497
2 60 -57.259 141.597
2 61 -57.6274 141.697
2 62 -57.994 141.798
2 63 -58.3586 141.899
2 64 -58.7213 142
2 65 -59.0821 142.103
2 66 -59.441 142.205
2 67 -59.7979 142.309
2 68 -60.153 142.413
2 69 -60.5061 142.518
2 70 -60.8572 142.623
2 71 -61.2063 142.729
2 72 -61.5535 142.836
2 73 -61.8986 142.944
2 74 -62.2417 143.052
2 75 -62.5828 143.162
2 76 -62.9218 143.271
2 77 -63.2587 143.382
2 78 -63.5934 143.494
2 79 -63.9261 143.606
2 80 -64.2566 143.719
2 81 -64.5849 143.833
2 82 -64.9111 143.947
2 83 -65.235 144.062
2 84 -65.5566 144.178
2 85 -65.876 144.295
2 86 -66.1931 144.413
2 87 -66.5079 144.531
2 88 -66.8204 144.65
2 89 -67.1305 144.77
2 90 -67.4382 144.89
2 91 -67.7435 145.011
2 92 -68.0464 145.133
2 93 -68.3468 145.255
2 94 -68.6447 145.378
2 95 -68.9402 145.501
2 96 -69.2331 145.625
2 97 -69.5235 145.749
2 98 -69.8114 145.874
2 99 -70.0966 145.998
2 100 -70.3793 146.124
2 101 -70.6593 146.249
2 102 -70.9367 146.375
2 103 -71.2114 146.5
2 104 -71.4834 146.626
2 105 -71.7527 146.752
2 106 -72.0193 146.877
2 107 -72.2832 147.003
2 108 -72.5443 147.128
2 109 -72.8026 147.252
2 110 -73.0582 147.376
3 1 -35.5039 138.441
3 2 -35.9997 138.604
3 3 -36.4453 138.728
3 4 -36.8714 138.837
3 5 -37.287 138.939
3 6 -37.6961 139.037
3 7 -38.1007 139.133
3 8 -38.5021 139.227
3 9 -38.901 139.321
3 10 -39.2979 139.414
3 11 -39.6931 139.507
3 12 -40.0868 139.6
3 13 -40.4792 139.693
3 14 -40.8703 139.787
3 15 -40.6216 139.439
3 16 -41.0279 139.552
3 17 -41.428 139.663
3 18 -41.8226 139.771
3 19 -42.2124 139.876
3 20 -42.5977 139.98
3 21 -42.9788 140.082
3 22 -43.356 140.183
3 23 -43.7294 140.283
3 24 -44.0992 140.382
3 25 -44.4653 140.48
3 26 -44.8279 140.577
3 27 -45.1869 140.674
3 28 -45.5425 140.77
3 29 -45.8944 140.866
3 30 -46.2428 140.961
3 31 -46.5876 141.055
3 32 -46.9287 141.149
3 33 -47.2662 141.242
3 34 -47.5998 141.335
3 35 -47.9296 141.427
3 36 -48.2554 141.518
3 37 -48.5773 141.608
3 38 -48.8951 141.698
3 39 -49.2088 141.787
3 40 -49.5183 141.875
3 41 -49.8234 141.962
3 42 -50.1241 142.048
3 43 -50.4204 142.133
3 44 -50.7121 142.217
3 45 -51.3653 141.791
3 46 -51.7592 141.937
3 47 -52.1506 142.082
3 48 -52.5396 142.228
3 49 -52.9264 142.375
3 50 -53.3109 142.522
3 51 -53.6932 142.669
3 52 -54.0734 142.818
3 53 -54.4515 142.967
3 54 -54.8275 143.117
3 55 -55.2016 143.269
3 56 -55.5736 143.421
3 57 -55.9437 143.575
3 58 -56.3117 143.73
3 59 -56.6778 143.886
3 60 -57.042 144.043
3 61 -57.4042 144.202
3 62 -57.7645 144.362
3 63 -58.1228 144.524
3 64 -58.4791 144.688
3 65 -58.8335 144.853
3 66 -59.1859 145.019
3 67 -59.5363 145.188
3 68 -59.8847 145.358
3 69 -60.2311 145.53
3 70 -60.5754 145.704
3 71 -60.9177 145.879
3 72 -61.258 146.057
3 73 -61.5961 146.236
3 74 -61.9321 146.418
3 75 -62.266 146.601
3 76 -62.5978 146.787
3 77 -62.9274 146.975
3 78 -63.2548 147.165
3 79 -63.5799 147.356
3 80 -63.9029 147.551
3 81 -64.2235 147.747
3 82 -64.5419 147.946
3 83 -64.858 148.146
3 84 -65.1718 148.349
3 85 -65.4831 148.555
3 86 -65.7921 148.763
3 87 -66.0987 148.973
3 88 -66.4029 149.185
3 89 -66.7046 149.4
3 90 -67.0039 149.617
3 91 -67.3006 149.837
3 92 -67.5948 150.059
3 93 -67.8865 150.283
3 94 -68.1756 150.51
3 95 -68.4622 150.739
3 96 -68.7461 150.97
3 97 -69.0273 151.204
3 98 -69.306 151.44
3 99 -69.5819 151.679
3 100 -69.8552 151.92
3 101 -70.1257 152.163
3 102 -70.3935 152.409
3 103 -70.6586 152.657
3 104 -70.9209 152.907
3 105 -71.1804 153.159
3 106 -71.4371 153.414
3 107 -71.691 153.67
3 108 -71.9421 153.929
3 109 -72.1903 154.189
3 110 -72.4356 154.451
4 1 -35.5014 138.551
4 2 -35.9876 138.737
4 3 -36.4268 138.888
4 4 -36.8473 139.025
4 5 -37.2577 139.155
4 6 -37.6617 139.281
4 7 -38.0613 139.405
4 8 -38.4578 139.529
4 9 -38.8517 139.652
4 10 -39.2437 139.774
4 11 -39.6339 139.897
4 12 -40.0226 140.021
4 13 -40.41 140.145
4 14 -40.7961 140.27
4 15 -40.558 139.944
4 16 -40.9584 140.087
4 17 -41.3528 140.228
4 18 -41.7419 140.366
4 19 -42.1262 140.502
4 20 -42.506 140.637
4 21 -42.8818 140.771
4 22 -43.2536 140.904
4 23 -43.6217 141.035
4 24 -43.9861 141.166
4 25 -44.3469 141.297
4 26 -44.7042 141.427
4 27 -45.0579 141.557
4 28 -45.4082 141.686
4 29 -45.7549 141.814
4 30 -46.098 141.943
4 31 -46.4375 142.071
4 32 -46.7734 142.198
4 33 -47.1056 142.325
4 34 -47.434 142.452
4 35 -47.7586 142.578
4 36 -48.0792 142.703
4 37 -48.3959 142.828
4 38 -48.7086 142.952
4 39 -49.0171 143.076
4 40 -49.3215 143.198
4 41 -49.6215 143.32
4 42 -49.9172 143.44
4 43 -50.2084 143.56
4 44 -50.4952 143.678
4 45 -51.1531 143.423
4 46 -51.5392 143.613
4 47 -51.9228 143.804
4 48 -52.304 143.996
4 49 -52.6828 144.189
4 50 -53.0593 144.383
4 51 -53.4336 144.579
4 52 -53.8057 144.776
4 53 -54.1756 144.975
4 54 -54.5434 145.175
4 55 -54.9091 145.377
4 56 -55.2728 145.581
4 57 -55.6343 145.787
4 58 -55.9938 145.995
4 59 -56.3513 146.205
4 60 -56.7067 146.417
4 61 -57.06 146.631
4 62 -57.4113 146.848
4 63 -57.7606 147.067
4 64 -58.1077 147.288
4 65 -58.4528 147.512
4 66 -58.7958 147.738
4 67 -59.1367 147.967
4 68 -59.4755 148.199
4 69 -59.8121 148.433
4 70 -60.1466 148.67
4 71 -60.4789 148.909
4 72 -60.809 149.152
4 73 -61.1369 149.397
4 74 -61.4626 149.646
4 75 -61.786 149.897
4 76 -62.1071 150.152
4 77 -62.4259 150.409
4 78 -62.7424 150.67
4 79 -63.0565 150.934
4 80 -63.3682 151.201
4 81 -63.6775 151.471
4 82 -63.9844 151.745
4 83 -64.2888 152.021
4 84 -64.5908 152.302
4 85 -64.8902 152.585
4 86 -65.1871 152.872
4 87 -65.4814 153.163
4 88 -65.7732 153.456
4 89 -66.0623 153.754
4 90 -66.3488 154.055
4 91 -66.6327 154.359
4 92 -66.9138 154.667
4 93 -67.1923 154.978
4 94 -67.468 155.293
4 95 -67.741 155.612
4 96 -68.0112 155.934
4 97 -68.2786 156.259
4 98 -68.5432 156.588
4 99 -68.805 156.921
4 100 -69.0639 157.257
4 101 -69.3199 157.596
4 102 -69.5731 157.939
4 103 -69.8233 158.285
4 104 -70.0706 158.635
4 105 -70.315 158.988
4 106 -70.5564 159.344
4 107 -70.7948 159.703
4 108 -71.0302 160.066
4 109 -71.2627 160.431
4 110 -71.4921 160.799
5 1 -35.4916 138.657
5 2 -35.9681 138.868
5 3 -36.4 139.045
5 4 -36.8138 139.209
5 5 -37.2178 139.366
5 6 -37.6154 139.521
5 7 -38.0088 139.674
5 8 -38.399 139.826
5 9 -38.7867 139.977
5 10 -39.1724 140.129
5 11 -39.5563 140.282
5 12 -39.9387 140.435
5 13 -40.3196 140.589
5 14 -40.6993 140.744
5 15 -40.469 140.439
5 16 -40.8624 140.612
5 17 -41.2498 140.782
5 18 -41.632 140.95
5 19 -42.0094 141.117
5 20 -42.3824 141.282
5 21 -42.7514 141.446
5 22 -43.1164 141.61
5 23 -43.4777 141.773
5 24 -43.8353 141.935
5 25 -44.1894 142.098
5 26 -44.5399 142.259
5 27 -44.8869 142.421
5 28 -45.2303 142.582
5 29 -45.5702 142.743
5 30 -45.9066 142.903
5 31 -46.2393 143.064
5 32 -46.5684 143.224
5 33 -46.8937 143.384
5 34 -47.2153 143.543
5 35 -47.5331 143.702
5 36 -47.847 143.86
5 37 -48.1569 144.018
5 38 -48.4628 144.175
5 39 -48.7646 144.332
5 40 -49.0622 144.488
5 41 -49.3555 144.642
5 42 -49.6445 144.796
5 43 -49.9291 144.948
5 44 -50.2092 145.1
5 45 -50.8602 145.007
5 46 -51.2366 145.239
5 47 -51.6104 145.473
5 48 -51.9817 145.709
5 49 -52.3506 145.946
5 50 -52.717 146.185
5 51 -53.0812 146.426
5 52 -53.4431 146.669
5 53 -53.8027 146.914
5 54 -54.16 147.161
5 55 -54.5152 147.411
5 56 -54.8682 147.663
5 57 -55.2189 147.917
5 58 -55.5675 148.174
5 59 -55.9139 148.434
5 60 -56.2582 148.697
5 61 -56.6002 148.962
5 62 -56.9401 149.23
5 63 -57.2778 149.501
5 64 -57.6133 149.776
5 65 -57.9465 150.053
5 66 -58.2775 150.333
5 67 -58.6063 150.617
5 68 -58.9328 150.904
5 69 -59.257 151.194
5 70 -59.5789 151.488
5 71 -59.8984 151.784
5 72 -60.2156 152.085
5 73 -60.5304 152.389
5 74 -60.8428 152.696
5 75 -61.1528 153.008
5 76 -61.4603 153.322
5 77 -61.7654 153.641
5 78 -62.0679 153.963
5 79 -62.368 154.289
5 80 -62.6654 154.619
5 81 -62.9603 154.952
5 82 -63.2525 155.29
5 83 -63.5422 155.631
5 84 -63.8291 155.977
5 85 -64.1134 156.326
5 86 -64.3949 156.679
5 87 -64.6737 157.036
5 88 -64.9498 157.397
5 89 -65.223 157.762
5 90 -65.4934 158.131
5 91 -65.761 158.504
5 92 -66.0257 158.881
5 93 -66.2875 159.262
5 94 -66.5465 159.647
5 95 -66.8024 160.036
5 96 -67.0555 160.428
5 97 -67.3055 160.825
5 98 -67.5526 161.225
5 99 -67.7966 161.629
5 100 -68.0376 162.037
5 101 -68.2756 162.448
5 102 -68.5105 162.863
5 103 -68.7423 163.282
5 104 -68.9711 163.704
5 105 -69.1967 164.129
5 106 -69.4192 164.558
5 107 -69.6386 164.99
5 108 -69.8549 165.424
5 109 -70.068 165.862
5 110 -70.278 166.303
6 1 -35.4752 138.76
6 2 -35.9415 138.995
6 3 -36.3652 139.198
6 4 -36.7712 139.389
6 5 -37.1675 139.574
6 6 -37.5577 139.756
6 7 -37.9436 139.936
6 8 -38.3262 140.117
6 9 -38.7063 140.297
6 10 -39.0844 140.477
6 11 -39.4606 140.659
6 12 -39.8353 140.841
6 13 -40.2085 141.024
6 14 -40.5803 141.209
6 15 -40.3552 140.922
6 16 -40.7403 141.124
6 17 -41.1196 141.323
6 18 -41.4936 141.521
6 19 -41.8628 141.717
6 20 -42.2277 141.912
6 21 -42.5885 142.106
6 22 -42.9454 142.299
6 23 -43.2985 142.492
6 24 -43.6479 142.685
6 25 -43.9938 142.878
6 26 -44.3361 143.07
6 27 -44.6748 143.262
6 28 -45.01 143.454
6 29 -45.3417 143.646
6 30 -45.6697 143.838
6 31 -45.9942 144.03
6 32 -46.3149 144.221
6 33 -46.632 144.412
6 34 -46.9453 144.603
6 35 -47.2548 144.793
6 36 -47.5604 144.983
6 37 -47.862 145.172
6 38 -48.1596 145.361
6 39 -48.4531 145.549
6 40 -48.7424 145.736
6 41 -49.0275 145.922
6 42 -49.3083 146.107
6 43 -49.5847 146.29
6 44 -49.8566 146.473
6 45 -50.4899 146.532
6 46 -50.8548 146.804
6 47 -51.217 147.079
6 48 -51.5765 147.355
6 49 -51.9336 147.633
6 50 -52.2881 147.913
6 51 -52.6402 148.196
6 52 -52.9899 148.481
6 53 -53.3372 148.769
6 54 -53.6821 149.06
6 55 -54.0247 149.353
6 56 -54.3649 149.649
6 57 -54.7029 149.948
6 58 -55.0385 150.25
6 59 -55.3717 150.555
6 60 -55.7027 150.863
6 61 -56.0313 151.174
6 62 -56.3576 151.489
6 63 -56.6815 151.807
6 64 -57.003 152.128
6 65 -57.3222 152.453
6 66 -57.639 152.781
6 67 -57.9533 153.113
6 68 -58.2652 153.449
6 69 -58.5747 153.788
6 70 -58.8816 154.131
6 71 -59.1861 154.477
6 72 -59.488 154.828
6 73 -59.7874 155.182
6 74 -60.0842 155.54
6 75 -60.3784 155.902
6 76 -60.6699 156.268
6 77 -60.9588 156.637
6 78 -61.245 157.011
6 79 -61.5285 157.389
6 80 -61.8093 157.77
6 81 -62.0872 158.156
6 82 -62.3624 158.546
6 83 -62.6348 158.939
6 84 -62.9044 159.337
6 85 -63.171 159.739
6 86 -63.4348 160.144
6 87 -63.6956 160.554
6 88 -63.9535 160.967
6 89 -64.2084 161.385
6 90 -64.4604 161.806
6 91 -64.7093 162.232
6 92 -64.9552 162.661
6 93 -65.198 163.094
6 94 -65.4378 163.53
6 95 -65.6744 163.97
6 96 -65.908 164.414
6 97 -66.1384 164.862
6 98 -66.3656 165.312
6 99 -66.5897 165.767
6 100 -66.8107 166.224
6 101 -67.0284 166.685
6 102 -67.243 167.149
6 103 -67.4543 167.615
6 104 -67.6625 168.085
6 105 -67.8674 168.557
6 106 -68.0691 169.032
6 107 -68.2675 169.51
6 108 -68.4628 169.989
6 109 -68.6548 170.471
6 110 -68.8436 170.955
7 1 -35.4523 138.859
7 2 -35.9081 139.119
7 3 -36.3225 139.348
7 4 -36.7197 139.565
7 5 -37.1072 139.777
7 6 -37.4886 139.986
7 7 -37.8658 140.193
7 8 -38.2396 140.401
7 9 -38.6109 140.608
7 10 -38.9801 140.817
7 11 -39.3473 141.026
7 12 -39.713 141.237
7 13 -40.077 141.449
7 14 -40.4397 141.662
7 15 -40.2174 141.393
7 16 -40.5931 141.622
7 17 -40.9629 141.849
7 18 -41.3275 142.075
7 19 -41.6873 142.3
7 20 -42.0427 142.523
7 21 -42.394 142.746
7 22 -42.7414 142.968
7 23 -43.085 143.191
7 24 -43.4249 143.413
7 25 -43.7612 143.634
7 26 -44.0939 143.856
7 27 -44.423 144.078
7 28 -44.7486 144.299
7 29 -45.0706 144.521
7 30 -45.389 144.742
7 31 -45.7037 144.963
7 32 -46.0148 145.184
7 33 -46.3222 145.405
7 34 -46.6257 145.625
7 35 -46.9255 145.845
7 36 -47.2213 146.065
7 37 -47.5132 146.284
7 38 -47.8011 146.502
7 39 -48.0848 146.719
7 40 -48.3645 146.936
7 41 -48.6399 147.151
7 42 -48.911 147.365
7 43 -49.1778 147.578
7 44 -49.4402 147.79
7 45 -50.0457 147.99
7 46 -50.3975 148.299
7 47 -50.7464 148.61
7 48 -51.0926 148.924
7 49 -51.4361 149.24
7 50 -51.7769 149.558
7 51 -52.1152 149.879
7 52 -52.451 150.203
7 53 -52.7842 150.53
7 54 -53.1149 150.859
7 55 -53.4431 151.191
7 56 -53.7688 151.527
7 57 -54.0921 151.866
7 58 -54.4128 152.208
7 59 -54.7311 152.553
7 60 -55.0469 152.901
7 61 -55.3602 153.253
7 62 -55.671 153.608
7 63 -55.9793 153.967
7 64 -56.285 154.33
7 65 -56.5882 154.696
7 66 -56.8889 155.065
7 67 -57.1869 155.439
7 68 -57.4824 155.815
7 69 -57.7752 156.196
7 70 -58.0653 156.581
7 71 -58.3528 156.969
7 72 -58.6376 157.361
7 73 -58.9196 157.757
7 74 -59.1989 158.157
7 75 -59.4754 158.56
7 76 -59.7491 158.967
7 77 -60.02 159.379
7 78 -60.288 159.794
7 79 -60.5532 160.213
7 80 -60.8154 160.635
7 81 -61.0748 161.062
7 82 -61.3311 161.492
7 83 -61.5845 161.926
7 84 -61.8349 162.364
7 85 -62.0822 162.806
7 86 -62.3265 163.251
7 87 -62.5677 163.699
7 88 -62.8059 164.152
7 89 -63.0409 164.607
7 90 -63.2728 165.067
7 91 -63.5015 165.529
7 92 -63.7271 165.995
7 93 -63.9495 166.464
7 94 -64.1687 166.936
7 95 -64.3846 167.411
7 96 -64.5974 167.889
7 97 -64.8069 168.37
7 98 -65.0132 168.853
7 99 -65.2162 169.34
7 100 -65.4159 169.828
7 101 -65.6124 170.319
7 102 -65.8057 170.812
7 103 -65.9956 171.307
7 104 -66.1823 171.804
7 105 -66.3657 172.303
7 106 -66.5458 172.803
7 107 -66.7227 173.305
7 108 -66.8963 173.808
7 109 -67.0666 174.312
7 110 -67.2338 174.816
8 1 -35.4234 138.955
8 2 -35.8681 139.239
8 3 -36.2723 139.494
8 4 -36.6595 139.736
8 5 -37.0371 139.974
8 6 -37.4086 140.209
8 7 -37.7758 140.443
8 8 -38.1396 140.677
8 9 -38.5008 140.912
8 10 -38.8598 141.147
8 11 -39.2169 141.384
8 12 -39.5722 141.622
8 13 -39.9259 141.861
8 14 -40.278 142.102
8 15 -40.0564 141.848
8 16 -40.4215 142.104
8 17 -40.7806 142.359
8 18 -41.1346 142.611
8 19 -41.4837 142.863
8 20 -41.8285 143.114
8 21 -42.169 143.365
8 22 -42.5057 143.615
8 23 -42.8385 143.865
8 24 -43.1675 144.114
8 25 -43.493 144.364
8 26 -43.8148 144.613
8 27 -44.133 144.863
8 28 -44.4476 145.112
8 29 -44.7586 145.362
8 30 -45.066 145.611
8 31 -45.3697 145.86
8 32 -45.6697 146.109
8 33 -45.966 146.358
8 34 -46.2585 146.606
8 35 -46.5472 146.854
8 36 -46.832 147.101
8 37 -47.1128 147.348
8 38 -47.3896 147.593
8 39 -47.6624 147.838
8 40 -47.931 148.082
8 41 -48.1954 148.325
8 42 -48.4556 148.566
8 43 -48.7115 148.806
8 44 -48.963 149.044
8 45 -49.5317 149.373
8 46 -49.8687 149.716
8 47 -50.2029 150.061
8 48 -50.5342 150.408
8 49 -50.8626 150.758
8 50 -51.1883 151.111
8 51 -51.5113 151.466
8 52 -51.8315 151.824
8 53 -52.1491 152.185
8 54 -52.464 152.549
8 55 -52.7763 152.916
8 56 -53.086 153.287
8 57 -53.393 153.66
8 58 -53.6973 154.037
8 59 -53.9991 154.417
8 60 -54.2982 154.8
8 61 -54.5946 155.187
8 62 -54.8884 155.577
8 63 -55.1795 155.971
8 64 -55.4679 156.368
8 65 -55.7536 156.769
8 66 -56.0366 157.173
8 67 -56.3168 157.581
8 68 -56.5942 157.992
8 69 -56.8689 158.407
8 70 -57.1408 158.826
8 71 -57.4098 159.248
8 72 -57.676 159.674
8 73 -57.9392 160.103
8 74 -58.1996 160.536
8 75 -58.4571 160.973
8 76 -58.7116 161.412
8 77 -58.9631 161.856
8 78 -59.2117 162.303
8 79 -59.4572 162.753
8 80 -59.6997 163.207
8 81 -59.9391 163.664
8 82 -60.1755 164.125
8 83 -60.4087 164.588
8 84 -60.6388 165.055
8 85 -60.8657 165.525
8 86 -61.0895 165.998
8 87 -61.3102 166.474
8 88 -61.5276 166.953
8 89 -61.7418 167.434
8 90 -61.9528 167.919
8 91 -62.1605 168.406
8 92 -62.365 168.895
8 93 -62.5663 169.387
8 94 -62.7642 169.881
8 95 -62.9589 170.377
8 96 -63.1503 170.876
8 97 -63.3385 171.376
8 98 -63.5233 171.878
8 99 -63.7049 172.381
8 100 -63.8831 172.886
8 101 -64.0581 173.392
8 102 -64.2298 173.9
8 103 -64.3982 174.408
8 104 -64.5634 174.917
8 105 -64.7253 175.427
8 106 -64.8839 175.937
8 107 -65.0393 176.448
8 108 -65.1915 176.958
8 109 -65.3405 177.469
8 110 -65.4863 177.979
9 1 -35.3887 139.047
9 2 -35.8191 139.354
9 3 -36.2147 139.634
9 4 -36.5909 139.902
9 5 -36.9575 140.165
9 6 -37.3179 140.425
9 7 -37.6739 140.685
9 8 -38.0266 140.945
9 9 -38.3765 141.205
9 10 -38.7242 141.466
9 11 -39.0698 141.729
9 12 -39.4136 141.993
9 13 -39.7556 142.259
9 14 -40.096 142.527
9 15 -39.8729 142.286
9 16 -40.2263 142.568
9 17 -40.5737 142.849
9 18 -40.9158 143.128
9 19 -41.2531 143.405
9 20 -41.586 143.682
9 21 -41.9146 143.959
9 22 -42.2393 144.235
9 23 -42.5601 144.512
9 24 -42.8771 144.788
9 25 -43.1904 145.064
9 26 -43.5001 145.339
9 27 -43.8062 145.615
9 28 -44.1086 145.891
9 29 -44.4074 146.167
9 30 -44.7025 146.442
9 31 -44.994 146.717
9 32 -45.2817 146.992
9 33 -45.5658 147.267
9 34 -45.846 147.541
9 35 -46.1224 147.814
9 36 -46.3948 148.087
9 37 -46.6634 148.359
9 38 -46.9279 148.63
9 39 -47.1884 148.9
9 40 -47.4448 149.169
9 41 -47.6971 149.437
9 42 -47.9451 149.703
9 43 -48.1888 149.967
9 44 -48.4283 150.23
9 45 -48.9518 150.675
9 46 -49.2729 151.048
9 47 -49.591 151.423
9 48 -49.906 151.8
9 49 -50.2181 152.181
9 50 -50.5273 152.563
9 51 -50.8336 152.949
9 52 -51.137 153.337
9 53 -51.4377 153.729
9 54 -51.7355 154.123
9 55 -52.0305 154.52
9 56 -52.3228 154.921
9 57 -52.6122 155.324
9 58 -52.8989 155.731
9 59 -53.1828 156.14
9 60 -53.4639 156.553
9 61 -53.7423 156.969
9 62 -54.0178 157.389
9 63 -54.2904 157.811
9 64 -54.5603 158.237
9 65 -54.8273 158.667
9 66 -55.0914 159.099
9 67 -55.3526 159.535
9 68 -55.611 159.974
9 69 -55.8664 160.416
9 70 -56.1188 160.862
9 71 -56.3684 161.311
9 72 -56.6149 161.763
9 73 -56.8584 162.218
9 74 -57.0989 162.676
9 75 -57.3363 163.137
9 76 -57.5707 163.602
9 77 -57.802 164.069
9 78 -58.0302 164.539
9 79 -58.2553 165.012
9 80 -58.4772 165.488
9 81 -58.696 165.967
9 82 -58.9116 166.448
9 83 -59.1241 166.932
9 84 -59.3333 167.419
9 85 -59.5393 167.907
9 86 -59.742 168.398
9 87 -59.9416 168.892
9 88 -60.1379 169.387
9 89 -60.3309 169.884
9 90 -60.5206 170.384
9 91 -60.7071 170.885
9 92 -60.8903 171.387
9 93 -61.0702 171.891
9 94 -61.2469 172.397
9 95 -61.4202 172.903
9 96 -61.5903 173.411
9 97 -61.7571 173.92
9 98 -61.9206 174.429
9 99 -62.0809 174.939
9 100 -62.2379 175.45
9 101 -62.3916 175.96
9 102 -62.5421 176.471
9 103 -62.6894 176.982
9 104 -62.8335 177.492
9 105 -62.9743 178.003
9 106 -63.112 178.512
9 107 -63.2466 179.021
9 108 -63.378 179.529
9 109 -63.5063 -179.964
9 110 -63.6315 -179.459
10 1 -35.3483 139.135
10 2 -35.7665 139.465
10 3 -36.1499 139.77
10 4 -36.5141 140.062
10 5 -36.8686 140.349
10 6 -37.2169 140.634
10 7 -37.5606 140.918
10 8 -37.901 141.202
10 9 -38.2385 141.488
10 10 -38.5736 141.774
10 11 -38.9066 142.062
10 12 -39.2377 142.351
10 13 -39.5669 142.642
10 14 -39.8945 142.935
10 15 -39.6678 142.706
10 16 -40.0084 143.013
10 17 -40.3429 143.318
10 18 -40.6722 143.622
10 19 -40.9966 143.924
10 20 -41.3164 144.226
10 21 -41.632 144.527
10 22 -41.9436 144.828
10 23 -42.2512 145.129
10 24 -42.555 145.43
10 25 -42.8551 145.73
10 26 -43.1515 146.031
10 27 -43.4443 146.331
10 28 -43.7333 146.631
10 29 -44.0188 146.931
10 30 -44.3005 147.231
10 31 -44.5786 147.53
10 32 -44.8529 147.829
10 33 -45.1235 148.128
10 34 -45.3903 148.426
10 35 -45.6533 148.723
10 36 -45.9124 149.019
10 37 -46.1675 149.314
10 38 -46.4187 149.609
10 39 -46.6659 149.902
10 40 -46.909 150.193
10 41 -47.1479 150.483
10 42 -47.3827 150.772
10 43 -47.6133 151.058
10 44 -47.8396 151.342
10 45 -48.3104 151.89
10 46 -48.6144 152.29
10 47 -48.9152 152.691
10 48 -49.2129 153.096
10 49 -49.5075 153.502
10 50 -49.799 153.912
10 51 -50.0876 154.324
10 52 -50.3731 154.738
10 53 -50.6557 155.155
10 54 -50.9353 155.575
10 55 -51.212 155.998
10 56 -51.4858 156.424
10 57 -51.7567 156.852
10 58 -52.0247 157.284
10 59 -52.2897 157.718
10 60 -52.5518 158.156
10 61 -52.811 158.596
10 62 -53.0673 159.039
10 63 -53.3206 159.485
10 64 -53.571 159.934
10 65 -53.8183 160.386
10 66 -54.0627 160.841
10 67 -54.3041 161.298
10 68 -54.5425 161.759
10 69 -54.7779 162.222
10 70 -55.0102 162.688
10 71 -55.2395 163.157
10 72 -55.4656 163.629
10 73 -55.6887 164.103
10 74 -55.9087 164.579
10 75 -56.1255 165.059
10 76 -56.3392 165.54
10 77 -56.5498 166.024
10 78 -56.7571 166.51
10 79 -56.9613 166.999
10 80 -57.1623 167.489
10 81 -57.3601 167.982
10 82 -57.5547 168.476
10 83 -57.746 168.973
10 84 -57.9341 169.471
10 85 -58.119 169.971
10 86 -58.3006 170.472
10 87 -58.4789 170.974
10 88 -58.654 171.478
10 89 -58.8258 171.983
10 90 -58.9944 172.489
10 91 -59.1597 172.996
10 92 -59.3218 173.504
10 93 -59.4806 174.012
10 94 -59.6361 174.521
10 95 -59.7884 175.03
10 96 -59.9375 175.539
10 97 -60.0833 176.048
10 98 -60.2259 176.557
10 99 -60.3654 177.066
10 100 -60.5016 177.574
10 101 -60.6347 178.081
10 102 -60.7646 178.588
10 103 -60.8914 179.094
10 104 -61.0151 179.599
10 105 -61.1357 -179.898
10 106 -61.2532 -179.396
10 107 -61.3677 -178.896
10 108 -61.4792 -178.397
10 109 -61.5878 -177.901
10 110 -61.6933 -177.407
11 1 -35.3026 139.219
11 2 -35.7079 139.572
11 3 -36.0783 139.9
11 4 -36.4294 140.215
11 5 -36.7708 140.526
11 6 -37.1059 140.834
11 7 -37.4363 141.142
11 8 -37.7632 141.45
11 9 -38.0872 141.758
11 10 -38.4087 142.068
11 11 -38.728 142.38
11 12 -39.0453 142.693
11 13 -39.3606 143.008
11 14 -39.6741 143.325
11 15 -39.442 143.107
11 16 -39.7687 143.437
11 17 -40.0895 143.765
11 18 -40.4048 144.092
11 19 -40.7152 144.418
11 20 -41.021 144.743
11 21 -41.3225 145.067
11 22 -41.6198 145.391
11 23 -41.9133 145.715
11 24 -42.2028 146.039
11 25 -42.4886 146.362
11 26 -42.7707 146.685
11 27 -43.0491 147.008
11 28 -43.3238 147.331
11 29 -43.5948 147.654
11 30 -43.8621 147.976
11 31 -44.1257 148.297
11 32 -44.3856 148.618
11 33 -44.6418 148.938
11 34 -44.8941 149.258
11 35 -45.1426 149.576
11 36 -45.3873 149.894
11 37 -45.6281 150.21
11 38 -45.8649 150.525
11 39 -46.0977 150.839
11 40 -46.3265 151.15
11 41 -46.5512 151.46
11 42 -46.7719 151.769
11 43 -46.9883 152.075
11 44 -47.2006 152.378
11 45 -47.6117 153.015
11 46 -47.8977 153.438
11 47 -48.1804 153.863
11 48 -48.4597 154.291
11 49 -48.7359 154.72
11 50 -49.0089 155.152
11 51 -49.2787 155.586
11 52 -49.5454 156.023
11 53 -49.8091 156.462
11 54 -50.0696 156.903
11 55 -50.3272 157.347
11 56 -50.5816 157.794
11 57 -50.8331 158.243
11 58 -51.0815 158.695
11 59 -51.3269 159.149
11 60 -51.5693 159.606
11 61 -51.8086 160.065
11 62 -52.045 160.527
11 63 -52.2782 160.992
11 64 -52.5084 161.459
11 65 -52.7356 161.928
11 66 -52.9596 162.4
11 67 -53.1806 162.874
11 68 -53.3985 163.35
11 69 -53.6133 163.829
11 70 -53.825 164.31
11 71 -54.0335 164.793
11 72 -54.239 165.278
11 73 -54.4412 165.765
11 74 -54.6403 166.254
11 75 -54.8362 166.745
11 76 -55.029 167.238
11 77 -55.2185 167.733
11 78 -55.4049 168.229
11 79 -55.588 168.726
11 80 -55.768 169.225
11 81 -55.9447 169.725
11 82 -56.1182 170.227
11 83 -56.2884 170.729
11 84 -56.4555 171.233
11 85 -56.6193 171.737
11 86 -56.7798 172.242
11 87 -56.9372 172.748
11 88 -57.0913 173.254
11 89 -57.2422 173.76
11 90 -57.3899 174.267
11 91 -57.5343 174.774
11 92 -57.6756 175.28
11 93 -57.8137 175.787
11 94 -57.9486 176.293
11 95 -58.0803 176.798
11 96 -58.2089 177.303
11 97 -58.3344 177.807
11 98 -58.4567 178.31
11 99 -58.576 178.812
11 100 -58.6922 179.313
11 101 -58.8053 179.812
11 102 -58.9154 -179.69
11 103 -59.0225 -179.194
11 104 -59.1266 -178.7
11 105 -59.2278 -178.208
11 106 -59.326 -177.718
11 107 -59.4214 -177.231
11 108 -59.5139 -176.746
11 109 -59.6036 -176.264
11 110 -59.6905 -175.784
12 1 -35.2515 139.298
12 2 -35.6435 139.674
12 3 -36 140.024
12 4 -36.3371 140.362
12 5 -36.6645 140.694
12 6 -36.9853 141.025
12 7 -37.3014 141.355
12 8 -37.6139 141.685
12 9 -37.9233 142.017
12 10 -38.2302 142.349
12 11 -38.5347 142.683
12 12 -38.837 143.018
12 13 -39.1374 143.356
12 14 -39.4358 143.695
12 15 -39.1963 143.486
12 16 -39.5083 143.838
12 17 -39.8143 144.188
12 18 -40.1147 144.536
12 19 -40.4101 144.884
12 20 -40.7009 145.231
12 21 -40.9873 145.577
12 22 -41.2696 145.922
12 23 -41.5478 146.267
12 24 -41.8221 146.612
12 25 -42.0927 146.957
12 26 -42.3594 147.301
12 27 -42.6225 147.645
12 28 -42.8818 147.988
12 29 -43.1374 148.331
12 30 -43.3894 148.673
12 31 -43.6376 149.015
12 32 -43.8821 149.355
12 33 -44.1229 149.695
12 34 -44.3598 150.034
12 35 -44.593 150.372
12 36 -44.8224 150.708
12 37 -45.0479 151.043
12 38 -45.2694 151.377
12 39 -45.4871 151.708
12 40 -45.7008 152.038
12 41 -45.9104 152.366
12 42 -46.116 152.691
12 43 -46.3175 153.014
12 44 -46.515 153.335
12 45 -46.8603 154.048
12 46 -47.1274 154.491
12 47 -47.3911 154.936
12 48 -47.6514 155.383
12 49 -47.9083 155.831
12 50 -48.162 156.282
12 51 -48.4124 156.735
12 52 -48.6596 157.19
12 53 -48.9036 157.647
12 54 -49.1444 158.106
12 55 -49.3821 158.567
12 56 -49.6166 159.031
12 57 -49.8481 159.496
12 58 -50.0764 159.964
12 59 -50.3016 160.434
12 60 -50.5236 160.906
12 61 -50.7426 161.38
12 62 -50.9585 161.856
12 63 -51.1712 162.334
12 64 -51.3808 162.814
12 65 -51.5873 163.296
12 66 -51.7907 163.78
12 67 -51.9909 164.266
12 68 -52.188 164.754
12 69 -52.3819 165.243
12 70 -52.5727 165.734
12 71 -52.7603 166.226
12 72 -52.9448 166.72
12 73 -53.1261 167.215
12 74 -53.3042 167.711
12 75 -53.4791 168.209
12 76 -53.6509 168.708
12 77 -53.8194 169.208
12 78 -53.9848 169.709
12 79 -54.1469 170.21
12 80 -54.3059 170.713
12 81 -54.4617 171.215
12 82 -54.6142 171.719
12 83 -54.7636 172.223
12 84 -54.9098 172.726
12 85 -55.0529 173.231
12 86 -55.1927 173.735
12 87 -55.3294 174.239
12 88 -55.4629 174.742
12 89 -55.5933 175.246
12 90 -55.7206 175.748
12 91 -55.8447 176.25
12 92 -55.9657 176.752
12 93 -56.0836 177.252
12 94 -56.1985 177.751
12 95 -56.3103 178.249
12 96 -56.419 178.746
12 97 -56.5248 179.241
12 98 -56.6276 179.735
12 99 -56.7274 -179.774
12 100 -56.8242 -179.284
12 101 -56.9182 -178.796
12 102 -57.0092 -178.311
12 103 -57.0974 -177.828
12 104 -57.1828 -177.347
12 105 -57.2654 -176.869
12 106 -57.3452 -176.394
12 107 -57.4224 -175.922
12 108 -57.4968 -175.452
12 109 -57.5686 -174.987
12 110 -57.6377 -174.524
13 1 -35.1954 139.373
13 2 -35.5734 139.77
13 3 -35.9152 140.141
13 4 -36.2376 140.5
13 5 -36.5499 140.854
13 6 -36.8556 141.206
13 7 -37.1564 141.557
13 8 -37.4534 141.909
13 9 -37.7474 142.261
13 10 -38.0386 142.615
13 11 -38.3273 142.97
13 12 -38.6138 143.326
13 13 -38.8982 143.685
13 14 -39.1806 144.045
13 15 -38.9317 143.842
13 16 -39.2282 144.215
13 17 -39.5184 144.585
13 18 -39.8031 144.954
13 19 -40.0827 145.322
13 20 -40.3576 145.688
13 21 -40.628 146.054
13 22 -40.8942 146.42
13 23 -41.1564 146.784
13 24 -41.4146 147.149
13 25 -41.669 147.512
13 26 -41.9195 147.875
13 27 -42.1663 148.238
13 28 -42.4094 148.6
13 29 -42.6488 148.961
13 30 -42.8846 149.321
13 31 -43.1166 149.681
13 32 -43.3448 150.04
13 33 -43.5694 150.397
13 34 -43.7902 150.753
13 35 -44.0073 151.108
13 36 -44.2205 151.461
13 37 -44.4299 151.812
13 38 -44.6355 152.162
13 39 -44.8372 152.509
13 40 -45.035 152.855
13 41 -45.2288 153.197
13 42 -45.4187 153.538
13 43 -45.6046 153.876
13 44 -45.7865 154.21
13 45 -46.0603 154.987
13 46 -46.308 155.447
13 47 -46.5521 155.908
13 48 -46.7927 156.371
13 49 -47.0298 156.836
13 50 -47.2636 157.302
13 51 -47.494 157.77
13 52 -47.7211 158.239
13 53 -47.9449 158.71
13 54 -48.1655 159.184
13 55 -48.3829 159.658
13 56 -48.597 160.135
13 57 -48.808 160.613
13 58 -49.0158 161.093
13 59 -49.2204 161.575
13 60 -49.4218 162.058
13 61 -49.62 162.543
13 62 -49.8151 163.029
13 63 -50.0071 163.517
13 64 -50.1958 164.006
13 65 -50.3815 164.497
13 66 -50.5639 164.989
13 67 -50.7432 165.482
13 68 -50.9194 165.976
13 69 -51.0924 166.472
13 70 -51.2622 166.968
13 71 -51.4289 167.466
13 72 -51.5923 167.964
13 73 -51.7527 168.463
13 74 -51.9099 168.963
13 75 -52.0639 169.463
13 76 -52.2147 169.964
13 77 -52.3624 170.465
13 78 -52.507 170.967
13 79 -52.6483 171.468
13 80 -52.7866 171.97
13 81 -52.9217 172.472
13 82 -53.0537 172.973
13 83 -53.1825 173.474
13 84 -53.3083 173.975
13 85 -53.4309 174.475
13 86 -53.5505 174.975
13 87 -53.667 175.473
13 88 -53.7804 175.971
13 89 -53.8908 176.468
13 90 -53.9981 176.964
13 91 -54.1024 177.458
13 92 -54.2038 177.951
13 93 -54.3022 178.442
13 94 -54.3976 178.932
13 95 -54.4901 179.419
13 96 -54.5797 179.905
13 97 -54.6665 -179.611
13 98 -54.7503 -179.129
13 99 -54.8314 -178.65
13 100 -54.9097 -178.174
13 101 -54.9852 -177.699
13 102 -55.058 -177.228
13 103 -55.1282 -176.76
13 104 -55.1956 -176.294
13 105 -55.2604 -175.832
13 106 -55.3227 -175.372
13 107 -55.3824 -174.917
13 108 -55.4396 -174.464
13 109 -55.4943 -174.016
13 110 -55.5465 -173.571
14 1 -35.1341 139.442
14 2 -35.4979 139.86
14 3 -35.8224 140.25
14 4 -36.1311 140.631
14 5 -36.4275 141.005
14 6 -36.7171 141.377
14 7 -37.0018 141.748
14 8 -37.2825 142.119
14 9 -37.56 142.492
14 10 -37.8346 142.865
14 11 -38.1067 143.239
14 12 -38.3764 143.615
14 13 -38.644 143.993
14 14 -38.9093 144.373
14 15 -38.6491 144.175
14 16 -38.9293 144.567
14 17 -39.2031 144.956
14 18 -39.4712 145.343
14 19 -39.7342 145.73
14 20 -39.9924 146.115
14 21 -40.246 146.499
14 22 -40.4954 146.882
14 23 -40.7407 147.264
14 24 -40.9819 147.646
14 25 -41.2193 148.027
14 26 -41.4529 148.407
14 27 -41.6828 148.787
14 28 -41.9089 149.165
14 29 -42.1313 149.543
14 30 -42.35 149.919
14 31 -42.565 150.295
14 32 -42.7763 150.669
14 33 -42.984 151.041
14 34 -43.1879 151.413
14 35 -43.3881 151.782
14 36 -43.5846 152.15
14 37 -43.7772 152.515
14 38 -43.9662 152.879
14 39 -44.1513 153.24
14 40 -44.3326 153.598
14 41 -44.51 153.954
14 42 -44.6836 154.307
14 43 -44.8532 154.657
14 44 -45.019 155.004
14 45 -45.2161 155.831
14 46 -45.4438 156.305
14 47 -45.6678 156.78
14 48 -45.8883 157.256
14 49 -46.1052 157.733
14 50 -46.3186 158.211
14 51 -46.5287 158.691
14 52 -46.7353 159.172
14 53 -46.9386 159.654
14 54 -47.1386 160.138
14 55 -47.3353 160.623
14 56 -47.5288 161.109
14 57 -47.719 161.596
14 58 -47.906 162.085
14 59 -48.0897 162.575
14 60 -48.2703 163.066
14 61 -48.4477 163.558
14 62 -48.6218 164.051
14 63 -48.7929 164.545
14 64 -48.9607 165.04
14 65 -49.1254 165.535
14 66 -49.2869 166.032
14 67 -49.4453 166.529
14 68 -49.6005 167.027
14 69 -49.7525 167.525
14 70 -49.9015 168.024
14 71 -50.0473 168.523
14 72 -50.1899 169.023
14 73 -50.3295 169.522
14 74 -50.4659 170.022
14 75 -50.5992 170.521
14 76 -50.7294 171.021
14 77 -50.8565 171.52
14 78 -50.9805 172.019
14 79 -51.1014 172.518
14 80 -51.2193 173.016
14 81 -51.3341 173.513
14 82 -51.4459 174.01
14 83 -51.5546 174.505
14 84 -51.6604 175
14 85 -51.7631 175.494
14 86 -51.8628 175.986
14 87 -51.9596 176.477
14 88 -52.0535 176.966
14 89 -52.1444 177.454
14 90 -52.2324 177.94
14 91 -52.3175 178.425
14 92 -52.3998 178.907
14 93 -52.4793 179.387
14 94 -52.5559 179.865
14 95 -52.6298 -179.659
14 96 -52.7009 -179.186
14 97 -52.7693 -178.715
14 98 -52.835 -178.247
14 99 -52.8981 -177.781
14 100 -52.9585 -177.319
14 101 -53.0163 -176.859
14 102 -53.0716 -176.403
14 103 -53.1244 -175.95
14 104 -53.1746 -175.501
14 105 -53.2224 -175.054
14 106 -53.2678 -174.612
14 107 -53.3109 -174.173
14 108 -53.3516 -173.738
14 109 -53.3899 -173.306
14 110 -53.4261 -172.879
15 1 -35.0678 139.505
15 2 -35.4172 139.944
15 3 -35.7258 140.354
15 4 -36.018 140.754
15 5 -36.2977 141.146
15 6 -36.5705 141.537
15 7 -36.8381 141.927
15 8 -37.1016 142.316
15 9 -37.3618 142.707
15 10 -37.619 143.098
15 11 -37.8736 143.491
15 12 -38.1257 143.885
15 13 -38.3755 144.281
15 14 -38.6231 144.678
15 15 -38.3496 144.483
15 16 -38.6128 144.892
15 17 -38.8694 145.299
15 18 -39.1203 145.703
15 19 -39.3659 146.106
15 20 -39.6066 146.508
15 21 -39.8428 146.908
15 22 -40.0746 147.307
15 23 -40.3022 147.706
15 24 -40.5259 148.103
15 25 -40.7456 148.5
15 26 -40.9615 148.895
15 27 -41.1737 149.289
15 28 -41.3821 149.682
15 29 -41.5869 150.074
15 30 -41.7879 150.465
15 31 -41.9853 150.854
15 32 -42.1791 151.242
15 33 -42.3692 151.628
15 34 -42.5556 152.012
15 35 -42.7384 152.394
15 36 -42.9174 152.774
15 37 -43.0928 153.151
15 38 -43.2645 153.526
15 39 -43.4325 153.899
15 40 -43.5968 154.269
15 41 -43.7572 154.635
15 42 -43.914 154.999
15 43 -44.0669 155.359
15 44 -44.2161 155.715
15 45 -44.3317 156.581
15 46 -44.5391 157.065
15 47 -44.7427 157.551
15 48 -44.9427 158.037
15 49 -45.1391 158.524
15 50 -45.3319 159.012
15 51 -45.5213 159.501
15 52 -45.7073 159.99
15 53 -45.8898 160.48
15 54 -46.069 160.972
15 55 -46.2449 161.464
15 56 -46.4175 161.957
15 57 -46.5868 162.45
15 58 -46.7529 162.944
15 59 -46.9157 163.439
15 60 -47.0753 163.935
15 61 -47.2318 164.431
15 62 -47.385 164.928
15 63 -47.5351 165.425
15 64 -47.6821 165.922
15 65 -47.8258 166.42
15 66 -47.9665 166.918
15 67 -48.104 167.416
15 68 -48.2384 167.915
15 69 -48.3697 168.413
15 70 -48.4979 168.911
15 71 -48.623 169.409
15 72 -48.7451 169.907
15 73 -48.8641 170.404
15 74 -48.98 170.901
15 75 -49.0929 171.397
15 76 -49.2027 171.893
15 77 -49.3096 172.388
15 78 -49.4134 172.882
15 79 -49.5143 173.375
15 80 -49.6122 173.867
15 81 -49.7071 174.358
15 82 -49.7991 174.847
15 83 -49.8882 175.335
15 84 -49.9744 175.822
15 85 -50.0577 176.307
15 86 -50.1381 176.79
15 87 -50.2158 177.271
15 88 -50.2906 177.751
15 89 -50.3626 178.228
15 90 -50.4318 178.703
15 91 -50.4984 179.176
15 92 -50.5622 179.647
15 93 -50.6233 -179.885
15 94 -50.6818 -179.42
15 95 -50.7376 -178.957
15 96 -50.7909 -178.497
15 97 -50.8416 -178.041
15 98 -50.8898 -177.587
15 99 -50.9355 -177.136
15 100 -50.9787 -176.688
15 101 -51.0195 -176.244
15 102 -51.0579 -175.803
15 103 -51.094 -175.366
15 104 -51.1277 -174.933
15 105 -51.1592 -174.503
15 106 -51.1884 -174.077
15 107 -51.2154 -173.654
15 108 -51.2403 -173.236
15 109 -51.263 -172.822
15 110 -51.2837 -172.412
16 1 -34.9966 139.563
16 2 -35.3313 140.022
16 3 -35.6235 140.45
16 4 -35.8985 140.867
16 5 -36.1609 141.277
16 6 -36.416 141.685
16 7 -36.6658 142.092
16 8 -36.9114 142.499
16 9 -37.1536 142.906
16 10 -37.3926 143.314
16 11 -37.6289 143.723
16 12 -37.8627 144.134
16 13 -38.094 144.546
16 14 -38.323 144.959
16 15 -38.0341 144.766
16 16 -38.2796 145.191
16 17 -38.5185 145.613
16 18 -38.7515 146.033
16 19 -38.9791 146.451
16 20 -39.2018 146.867
16 21 -39.4198 147.282
16 22 -39.6334 147.696
16 23 -39.8429 148.108
16 24 -40.0483 148.519
16 25 -40.2497 148.929
16 26 -40.4474 149.338
16 27 -40.6412 149.745
16 28 -40.8314 150.151
16 29 -41.0179 150.555
16 30 -41.2007 150.958
16 31 -41.38 151.359
16 32 -41.5556 151.758
16 33 -41.7276 152.155
16 34 -41.896 152.55
16 35 -42.0608 152.943
16 36 -42.2221 153.333
16 37 -42.3797 153.72
16 38 -42.5337 154.105
16 39 -42.6841 154.487
16 40 -42.8309 154.865
16 41 -42.974 155.24
16 42 -43.1135 155.612
16 43 -43.2493 155.98
16 44 -43.3815 156.344
16 45 -43.4111 157.236
16 46 -43.598 157.73
16 47 -43.781 158.223
16 48 -43.9603 158.717
16 49 -44.136 159.211
16 50 -44.3081 159.706
16 51 -44.4766 160.201
16 52 -44.6418 160.696
16 53 -44.8034 161.192
16 54 -44.9618 161.688
16 55 -45.1167 162.184
16 56 -45.2684 162.681
16 57 -45.4168 163.178
16 58 -45.562 163.676
16 59 -45.7039 164.173
16 60 -45.8427 164.671
16 61 -45.9782 165.168
16 62 -46.1106 165.666
16 63 -46.2399 166.164
16 64 -46.366 166.661
16 65 -46.489 167.159
16 66 -46.609 167.656
16 67 -46.7258 168.153
16 68 -46.8397 168.649
16 69 -46.9504 169.145
16 70 -47.0581 169.64
16 71 -47.1629 170.135
16 72 -47.2646 170.628
16 73 -47.3633 171.121
16 74 -47.4591 171.613
16 75 -47.5519 172.104
16 76 -47.6418 172.594
16 77 -47.7287 173.082
16 78 -47.8128 173.569
16 79 -47.894 174.055
16 80 -47.9724 174.539
16 81 -48.0479 175.022
16 82 -48.1206 175.503
16 83 -48.1905 175.982
16 84 -48.2576 176.459
16 85 -48.322 176.933
16 86 -48.3836 177.406
16 87 -48.4426 177.877
16 88 -48.4989 178.345
16 89 -48.5526 178.811
16 90 -48.6036 179.274
16 91 -48.6521 179.735
16 92 -48.698 -179.808
16 93 -48.7413 -179.353
16 94 -48.7822 -178.901
16 95 -48.8207 -178.452
16 96 -48.8566 -178.006
16 97 -48.8902 -177.563
16 98 -48.9215 -177.124
16 99 -48.9504 -176.688
16 100 -48.977 -176.255
16 101 -49.0014 -175.826
16 102 -49.0235 -175.401
16 103 -49.0434 -174.98
16 104 -49.0613 -174.562
16 105 -49.0769 -174.148
16 106 -49.0906 -173.739
16 107 -49.1022 -173.333
16 108 -49.1118 -172.931
16 109 -49.1194 -172.534
16 110 -49.1251 -172.141
17 1 -34.9202 139.614
17 2 -35.2405 140.092
17 3 -35.5158 140.537
17 4 -35.7714 140.97
17 5 -36.0174 141.398
17 6 -36.2542 141.822
17 7 -36.4856 142.244
17 8 -36.7126 142.667
17 9 -36.9359 143.089
17 10 -37.1561 143.512
17 11 -37.3734 143.937
17 12 -37.5881 144.362
17 13 -37.8003 144.789
17 14 -38.01 145.216
17 15 -37.7035 145.021
17 16 -37.931 145.461
17 17 -38.1516 145.897
17 18 -38.3662 146.33
17 19 -38.5752 146.762
17 20 -38.7793 147.191
17 21 -38.9786 147.619
17 22 -39.1735 148.045
17 23 -39.3642 148.47
17 24 -39.5508 148.893
17 25 -39.7335 149.315
17 26 -39.9123 149.735
17 27 -40.0874 150.153
17 28 -40.2588 150.57
17 29 -40.4266 150.985
17 30 -40.5908 151.397
17 31 -40.7513 151.808
17 32 -40.9084 152.217
17 33 -41.0619 152.623
17 34 -41.2119 153.027
17 35 -41.3583 153.428
17 36 -41.5013 153.826
17 37 -41.6408 154.222
17 38 -41.7767 154.614
17 39 -41.9092 155.003
17 40 -42.0381 155.389
17 41 -42.1635 155.77
17 42 -42.2855 156.148
17 43 -42.4039 156.522
17 44 -42.5188 156.892
17 45 -42.4581 157.799
17 46 -42.6242 158.299
17 47 -42.7866 158.798
17 48 -42.9451 159.297
17 49 -43.1 159.796
17 50 -43.2513 160.295
17 51 -43.399 160.794
17 52 -43.5433 161.293
17 53 -43.6841 161.791
17 54 -43.8216 162.29
17 55 -43.9557 162.789
17 56 -44.0865 163.287
17 57 -44.2141 163.786
17 58 -44.3384 164.284
17 59 -44.4595 164.781
17 60 -44.5775 165.279
17 61 -44.6923 165.776
17 62 -44.804 166.273
17 63 -44.9126 166.769
17 64 -45.0182 167.264
17 65 -45.1207 167.759
17 66 -45.2201 168.253
17 67 -45.3166 168.746
17 68 -45.4101 169.239
17 69 -45.5006 169.73
17 70 -45.5881 170.221
17 71 -45.6727 170.71
17 72 -45.7544 171.198
17 73 -45.8333 171.685
17 74 -45.9092 172.17
17 75 -45.9824 172.654
17 76 -46.0527 173.136
17 77 -46.1202 173.617
17 78 -46.1849 174.096
17 79 -46.2468 174.573
17 80 -46.3061 175.048
17 81 -46.3626 175.521
17 82 -46.4164 175.992
17 83 -46.4676 176.461
17 84 -46.5162 176.927
17 85 -46.5621 177.391
17 86 -46.6055 177.852
17 87 -46.6463 178.311
17 88 -46.6846 178.768
17 89 -46.7204 179.221
17 90 -46.7538 179.672
17 91 -46.7847 -179.881
17 92 -46.8132 -179.436
17 93 -46.8394 -178.994
17 94 -46.8632 -178.556
17 95 -46.8847 -178.121
17 96 -46.904 -177.689
17 97 -46.921 -177.261
17 98 -46.9358 -176.836
17 99 -46.9484 -176.415
17 100 -46.959 -175.998
17 101 -46.9674 -175.584
17 102 -46.9738 -175.174
17 103 -46.9781 -174.768
17 104 -46.9805 -174.366
17 105 -46.9809 -173.968
17 106 -46.9794 -173.574
17 107 -46.9761 -173.185
17 108 -46.9709 -172.799
17 109 -46.9639 -172.418
17 110 -46.9552 -172.041
18 1 -34.8385 139.659
18 2 -35.1447 140.156
18 3 -35.403 140.617
18 4 -35.6404 141.065
18 5 -35.8677 141.507
18 6 -36.0856 141.946
18 7 -36.2979 142.383
18 8 -36.5056 142.819
18 9 -36.7096 143.255
18 10 -36.9103 143.692
18 11 -37.1081 144.13
18 12 -37.303 144.568
18 13 -37.4954 145.008
18 14 -37.6854 145.448
18 15 -37.3589 145.25
18 16 -37.5678 145.702
18 17 -37.7697 146.15
18 18 -37.9654 146.596
18 19 -38.1555 147.039
18 20 -38.3405 147.48
18 21 -38.5207 147.919
18 22 -38.6965 148.356
18 23 -38.8679 148.791
18 24 -39.0353 149.224
18 25 -39.1988 149.656
18 26 -39.3584 150.085
18 27 -39.5143 150.513
18 28 -39.6665 150.938
18 29 -39.8152 151.362
18 30 -39.9603 151.783
18 31 -40.1018 152.202
18 32 -40.2399 152.618
18 33 -40.3746 153.032
18 34 -40.5058 153.442
18 35 -40.6336 153.85
18 36 -40.7579 154.255
18 37 -40.8789 154.656
18 38 -40.9965 155.054
18 39 -41.1108 155.449
18 40 -41.2216 155.839
18 41 -41.3291 156.226
18 42 -41.4332 156.608
18 43 -41.534 156.986
18 44 -41.6314 157.36
18 45 -41.4759 158.271
18 46 -41.6215 158.774
18 47 -41.7631 159.277
18 48 -41.901 159.779
18 49 -42.0351 160.281
18 50 -42.1656 160.782
18 51 -42.2926 161.283
18 52 -42.4161 161.783
18 53 -42.5361 162.283
18 54 -42.6528 162.782
18 55 -42.7662 163.281
18 56 -42.8763 163.779
18 57 -42.9831 164.277
18 58 -43.0868 164.774
18 59 -43.1873 165.27
18 60 -43.2847 165.765
18 61 -43.379 166.26
18 62 -43.4702 166.753
18 63 -43.5584 167.246
18 64 -43.6436 167.738
18 65 -43.7258 168.228
18 66 -43.8051 168.718
18 67 -43.8814 169.206
18 68 -43.9549 169.693
18 69 -44.0254 170.178
18 70 -44.0931 170.662
18 71 -44.158 171.145
18 72 -44.2201 171.626
18 73 -44.2794 172.105
18 74 -44.3359 172.583
18 75 -44.3898 173.058
18 76 -44.4409 173.532
18 77 -44.4893 174.004
18 78 -44.5351 174.473
18 79 -44.5782 174.94
18 80 -44.6188 175.405
18 81 -44.6568 175.868
18 82 -44.6922 176.328
18 83 -44.7251 176.786
18 84 -44.7556 177.241
18 85 -44.7835 177.694
18 86 -44.8091 178.143
18 87 -44.8322 178.59
18 88 -44.853 179.034
18 89 -44.8714 179.475
18 90 -44.8876 179.913
18 91 -44.9014 -179.653
18 92 -44.913 -179.222
18 93 -44.9224 -178.794
18 94 -44.9296 -178.369
18 95 -44.9347 -177.948
18 96 -44.9377 -177.53
18 97 -44.9386 -177.116
18 98 -44.9374 -176.706
18 99 -44.9343 -176.3
18 100 -44.9292 -175.897
18 101 -44.9221 -175.498
18 102 -44.9132 -175.103
18 103 -44.9024 -174.712
18 104 -44.8898 -174.326
18 105 -44.8753 -173.943
18 106 -44.8592 -173.564
18 107 -44.8413 -173.19
18 108 -44.8217 -172.82
18 109 -44.8005 -172.455
18 110 -44.7777 -172.093
19 1 -34.7511 139.696
19 2 -35.0442 140.211
19 3 -35.2851 140.687
19 4 -35.5041 141.149
19 5 -35.7107 141.604
19 6 -35.9107 142.057
19 7 -36.1034 142.507
19 8 -36.2913 142.955
19 9 -36.4754 143.404
19 10 -36.656 143.853
19 11 -36.8337 144.302
19 12 -37.0084 144.753
19 13 -37.1805 145.203
19 14 -37.3501 145.655
19 15 -37.001 145.449
19 16 -37.1912 145.913
19 17 -37.374 146.372
19 18 -37.5506 146.828
19 19 -37.7213 147.282
19 20 -37.8869 147.732
19 21 -38.0476 148.181
19 22 -38.2038 148.627
19 23 -38.3557 149.071
19 24 -38.5035 149.512
19 25 -38.6474 149.952
19 26 -38.7875 150.389
19 27 -38.9238 150.824
19 28 -39.0566 151.257
19 29 -39.1858 151.687
19 30 -39.3115 152.115
19 31 -39.4338 152.54
19 32 -39.5526 152.962
19 33 -39.6681 153.381
19 34 -39.7803 153.797
19 35 -39.8892 154.209
19 36 -39.9947 154.619
19 37 -40.097 155.024
19 38 -40.196 155.426
19 39 -40.2918 155.824
19 40 -40.3844 156.218
19 41 -40.4737 156.608
19 42 -40.5598 156.993
19 43 -40.6427 157.373
19 44 -40.7225 157.749
19 45 -40.4679 158.652
19 46 -40.593 159.158
19 47 -40.714 159.662
19 48 -40.8313 160.166
19 49 -40.9448 160.669
19 50 -41.0547 161.17
19 51 -41.161 161.671
19 52 -41.2639 162.171
19 53 -41.3633 162.67
19 54 -41.4594 163.168
19 55 -41.5522 163.665
19 56 -41.6418 164.161
19 57 -41.7282 164.656
19 58 -41.8114 165.15
19 59 -41.8915 165.643
19 60 -41.9686 166.135
19 61 -42.0426 166.625
19 62 -42.1136 167.114
19 63 -42.1817 167.602
19 64 -42.2468 168.089
19 65 -42.3091 168.574
19 66 -42.3685 169.057
19 67 -42.425 169.539
19 68 -42.4788 170.019
19 69 -42.5297 170.497
19 70 -42.578 170.974
19 71 -42.6235 171.449
19 72 -42.6663 171.921
19 73 -42.7064 172.392
19 74 -42.7439 172.861
19 75 -42.7788 173.327
19 76 -42.8112 173.791
19 77 -42.8409 174.253
19 78 -42.8682 174.712
19 79 -42.8929 175.169
19 80 -42.9152 175.624
19 81 -42.9351 176.076
19 82 -42.9526 176.525
19 83 -42.9676 176.971
19 84 -42.9804 177.414
19 85 -42.9908 177.855
19 86 -42.999 178.292
19 87 -43.0048 178.726
19 88 -43.0085 179.158
19 89 -43.01 179.586
19 90 -43.0093 -179.99
19 91 -43.0065 -179.568
19 92 -43.0017 -179.15
19 93 -42.9947 -178.736
19 94 -42.9858 -178.325
19 95 -42.9748 -177.918
19 96 -42.9619 -177.514
19 97 -42.9471 -177.114
19 98 -42.9304 -176.718
19 99 -42.9118 -176.326
19 100 -42.8915 -175.938
19 101 -42.8693 -175.554
19 102 -42.8454 -175.173
19 103 -42.8198 -174.797
19 104 -42.7925 -174.425
19 105 -42.7636 -174.057
19 106 -42.733 -173.694
19 107 -42.7009 -173.334
19 108 -42.6673 -172.979
19 109 -42.6321 -172.629
19 110 -42.5955 -172.282
20 1 -34.6573 139.724
20 2 -34.9388 140.258
20 3 -35.1625 140.749
20 4 -35.3627 141.224
20 5 -35.5499 141.69
20 6 -35.7287 142.153
20 7 -35.9025 142.616
20 8 -36.0702 143.076
20 9 -36.2339 143.535
20 10 -36.3941 143.994
20 11 -36.5511 144.454
20 12 -36.7052 144.914
20 13 -36.8566 145.374
20 14 -37.0054 145.835
20 15 -36.6308 145.62
20 16 -36.8019 146.093
20 17 -36.9656 146.562
20 18 -37.1226 147.027
20 19 -37.2739 147.489
20 20 -37.4197 147.948
20 21 -37.5607 148.404
20 22 -37.6971 148.857
20 23 -37.8292 149.308
20 24 -37.9571 149.757
20 25 -38.0812 150.203
20 26 -38.2014 150.646
20 27 -38.318 151.087
20 28 -38.431 151.525
20 29 -38.5406 151.96
20 30 -38.6467 152.392
20 31 -38.7494 152.822
20 32 -38.8489 153.248
20 33 -38.945 153.671
20 34 -39.038 154.09
20 35 -39.1277 154.506
20 36 -39.2142 154.918
20 37 -39.2977 155.326
20 38 -39.378 155.73
20 39 -39.4552 156.13
20 40 -39.5293 156.526
20 41 -39.6003 156.917
20 42 -39.6683 157.303
20 43 -39.7333 157.685
20 44 -39.7952 158.061
20 45 -39.4369 158.946
20 46 -39.5416 159.452
20 47 -39.6423 159.957
20 48 -39.7392 160.46
20 49 -39.8323 160.962
20 50 -39.9218 161.462
20 51 -40.0077 161.962
20 52 -40.0902 162.46
20 53 -40.1692 162.956
20 54 -40.245 163.452
20 55 -40.3175 163.946
20 56 -40.3868 164.438
20 57 -40.453 164.929
20 58 -40.516 165.419
20 59 -40.576 165.907
20 60 -40.633 166.394
20 61 -40.6871 166.879
20 62 -40.7382 167.362
20 63 -40.7865 167.844
20 64 -40.8319 168.324
20 65 -40.8745 168.802
20 66 -40.9144 169.278
20 67 -40.9515 169.752
20 68 -40.9859 170.225
20 69 -41.0176 170.695
20 70 -41.0467 171.163
20 71 -41.0732 171.629
20 72 -41.0971 172.093
20 73 -41.1185 172.554
20 74 -41.1374 173.013
20 75 -41.1538 173.47
20 76 -41.1677 173.924
20 77 -41.1792 174.375
20 78 -41.1883 174.824
20 79 -41.1951 175.27
20 80 -41.1995 175.713
20 81 -41.2016 176.153
20 82 -41.2015 176.591
20 83 -41.1991 177.025
20 84 -41.1946 177.456
20 85 -41.1879 177.885
20 86 -41.179 178.31
20 87 -41.168 178.732
20 88 -41.155 179.15
20 89 -41.1399 179.565
20 90 -41.1228 179.977
20 91 -41.1037 -179.615
20 92 -41.0827 -179.21
20 93 -41.0598 -178.81
20 94 -41.035 -178.412
20 95 -41.0084 -178.019
20 96 -40.98 -177.629
20 97 -40.9498 -177.243
20 98 -40.9178 -176.861
20 99 -40.8842 -176.483
20 100 -40.8489 -176.108
20 101 -40.8119 -175.738
20 102 -40.7733 -175.372
20 103 -40.7332 -175.01
20 104 -40.6915 -174.653
20 105 -40.6483 -174.299
20 106 -40.6037 -173.95
20 107 -40.5576 -173.605
20 108 -40.5101 -173.264
20 109 -40.4613 -172.928
20 110 -40.4111 -172.596
21 1 -34.5559 139.743
21 2 -34.8285 140.297
21 3 -35.0352 140.801
21 4 -35.2165 141.287
21 5 -35.3841 141.765
21 6 -35.5427 142.238
21 7 -35.6948 142.709
21 8 -35.8419 143.178
21 9 -35.986 143.648
21 10 -36.1253 144.116
21 11 -36.2614 144.584
21 12 -36.3945 145.053
21 13 -36.5248 145.521
21 14 -36.6524 145.99
21 15 -36.2488 145.761
21 16 -36.4009 146.243
21 17 -36.5452 146.719
21 18 -36.6828 147.192
21 19 -36.8143 147.661
21 20 -36.9403 148.126
21 21 -37.0614 148.588
21 22 -37.1778 149.048
21 23 -37.2898 149.504
21 24 -37.3978 149.958
21 25 -37.5018 150.408
21 26 -37.6021 150.856
21 27 -37.6987 151.301
21 28 -37.7918 151.742
21 29 -37.8815 152.181
21 30 -37.9679 152.617
21 31 -38.0509 153.049
21 32 -38.1308 153.477
21 33 -38.2075 153.902
21 34 -38.2811 154.323
21 35 -38.3516 154.741
21 36 -38.419 155.154
21 37 -38.4835 155.563
21 38 -38.5449 155.968
21 39 -38.6035 156.369
21 40 -38.659 156.764
21 41 -38.7117 157.155
21 42 -38.7615 157.541
21 43 -38.8085 157.922
21 44 -38.8526 158.298
21 45 -38.3852 159.153
21 46 -38.4699 159.658
21 47 -38.5505 160.161
21 48 -38.6273 160.663
21 49 -38.7003 161.163
21 50 -38.7697 161.661
21 51 -38.8355 162.157
21 52 -38.8979 162.652
21 53 -38.9569 163.145
21 54 -39.0126 163.636
21 55 -39.0651 164.125
21 56 -39.1145 164.613
21 57 -39.1607 165.099
21 58 -39.204 165.583
21 59 -39.2442 166.066
21 60 -39.2815 166.546
21 61 -39.3159 167.025
21 62 -39.3475 167.501
21 63 -39.3763 167.976
21 64 -39.4024 168.448
21 65 -39.4257 168.918
21 66 -39.4464 169.387
21 67 -39.4644 169.853
21 68 -39.4798 170.316
21 69 -39.4927 170.778
21 70 -39.5031 171.237
21 71 -39.5109 171.693
21 72 -39.5163 172.147
21 73 -39.5193 172.599
21 74 -39.5198 173.047
21 75 -39.5181 173.493
21 76 -39.514 173.937
21 77 -39.5076 174.377
21 78 -39.4989 174.815
21 79 -39.4881 175.25
21 80 -39.475 175.681
21 81 -39.4598 176.11
21 82 -39.4424 176.536
21 83 -39.423 176.958
21 84 -39.4015 177.377
21 85 -39.3779 177.793
21 86 -39.3524 178.206
21 87 -39.3249 178.615
21 88 -39.2955 179.021
21 89 -39.2642 179.423
21 90 -39.231 179.821
21 91 -39.196 -179.784
21 92 -39.1591 -179.392
21 93 -39.1206 -179.004
21 94 -39.0802 -178.621
21 95 -39.0382 -178.24
21 96 -38.9945 -177.864
21 97 -38.9492 -177.492
21 98 -38.9023 -177.123
21 99 -38.8538 -176.759
21 100 -38.8038 -176.399
21 101 -38.7522 -176.042
21 102 -38.6992 -175.69
21 103 -38.6448 -175.342
21 104 -38.5889 -174.998
21 105 -38.5316 -174.659
21 106 -38.4731 -174.323
21 107 -38.4132 -173.992
21 108 -38.352 -173.665
21 109 -38.2895 -173.343
21 110 -38.2259 -173.025
