24 110 2013 17798400
0 0.000000 180 45
0 1 43.4719 -121.97
0 2 43.7986 -122.503
0 3 44.0675 -123.01
0 4 44.3116 -123.509
0 5 44.5436 -124.006
0 6 44.764 -124.501
0 7 44.9774 -124.997
0 8 45.1851 -125.493
0 9 45.388 -125.991
0 10 45.5868 -126.492
0 11 45.7817 -126.994
0 12 45.9731 -127.498
0 13 46.1611 -128.004
0 14 46.3459 -128.513
0 15 45.8894 -128.37
0 16 46.1002 -128.885
0 17 46.3019 -129.398
0 18 46.4955 -129.909
0 19 46.6819 -130.419
0 20 46.8617 -130.927
0 21 47.0355 -131.435
0 22 47.2035 -131.941
0 23 47.3662 -132.446
0 24 47.5237 -132.95
0 25 47.6762 -133.453
0 26 47.824 -133.954
0 27 47.9671 -134.454
0 28 48.1056 -134.951
0 29 48.2398 -135.447
0 30 48.3695 -135.941
0 31 48.4949 -136.433
0 32 48.6161 -136.922
0 33 48.7331 -137.408
0 34 48.8459 -137.892
0 35 48.9545 -138.372
0 36 49.0591 -138.849
0 37 49.1596 -139.322
0 38 49.2561 -139.791
0 39 49.3485 -140.257
0 40 49.437 -140.718
0 41 49.5215 -141.174
0 42 49.602 -141.626
0 43 49.6786 -142.073
0 44 49.7513 -142.514
0 45 49.2947 -143.689
0 46 49.4191 -144.28
0 47 49.5383 -144.87
0 48 49.6523 -145.461
0 49 49.7614 -146.051
0 50 49.8657 -146.64
0 51 49.9652 -147.229
0 52 50.06 -147.817
0 53 50.1504 -148.405
0 54 50.2362 -148.993
0 55 50.3177 -149.579
0 56 50.3949 -150.164
0 57 50.4679 -150.749
0 58 50.5366 -151.332
0 59 50.6013 -151.915
0 60 50.6619 -152.496
0 61 50.7184 -153.075
0 62 50.771 -153.654
0 63 50.8198 -154.23
0 64 50.8646 -154.805
0 65 50.9057 -155.378
0 66 50.943 -155.949
0 67 50.9765 -156.517
0 68 51.0065 -157.084
0 69 51.0327 -157.648
0 70 51.0555 -158.21
0 71 51.0746 -158.769
0 72 51.0903 -159.325
0 73 51.1026 -159.878
0 74 51.1115 -160.429
0 75 51.117 -160.976
0 76 51.1192 -161.52
0 77 51.1182 -162.061
0 78 51.114 -162.598
0 79 51.1066 -163.132
0 80 51.0961 -163.662
0 81 51.0825 -164.188
0 82 51.0659 -164.71
0 83 51.0464 -165.228
0 84 51.024 -165.742
0 85 50.9987 -166.252
0 86 50.9706 -166.757
0 87 50.9397 -167.258
0 88 50.9061 -167.755
0 89 50.8699 -168.246
0 90 50.8311 -168.733
0 91 50.7897 -169.215
0 92 50.7458 -169.693
0 93 50.6995 -170.165
0 94 50.6508 -170.632
0 95 50.5998 -171.094
0 96 50.5464 -171.551
0 97 50.4909 -172.002
0 98 50.4331 -172.448
0 99 50.3733 -172.889
0 100 50.3113 -173.324
0 101 50.2474 -173.753
0 102 50.1815 -174.177
0 103 50.1136 -174.596
0 104 50.0439 -175.008
0 105 49.9724 -175.415
0 106 49.8991 -175.816
0 107 49.8242 -176.211
0 108 49.7475 -176.6
0 109 49.6693 -176.984
0 110 49.5895 -177.361
1 1 43.5752 -121.917
1 2 43.9097 -122.427
1 3 44.1935 -122.916
1 4 44.4568 -123.399
1 5 44.7047 -123.878
1 6 44.9436 -124.356
1 7 45.1759 -124.836
1 8 45.4027 -125.317
1 9 45.6251 -125.8
1 10 45.8435 -126.285
1 11 46.0582 -126.773
1 12 46.2695 -127.263
1 13 46.4776 -127.756
1 14 46.6826 -128.251
1 15 46.2602 -128.119
1 16 46.4887 -128.62
1 17 46.7086 -129.12
1 18 46.9207 -129.618
1 19 47.126 -130.116
1 20 47.3249 -130.613
1 21 47.5179 -131.11
1 22 47.7053 -131.605
1 23 47.8874 -132.101
1 24 48.0645 -132.595
1 25 48.2368 -133.089
1 26 48.4042 -133.581
1 27 48.5671 -134.073
1 28 48.7254 -134.563
1 29 48.8793 -135.052
1 30 49.0288 -135.539
1 31 49.1739 -136.025
1 32 49.3148 -136.508
1 33 49.4513 -136.99
1 34 49.5837 -137.469
1 35 49.7118 -137.945
1 36 49.8358 -138.418
1 37 49.9556 -138.888
1 38 50.0713 -139.355
1 39 50.1828 -139.819
1 40 50.2902 -140.278
1 41 50.3936 -140.734
1 42 50.4928 -141.185
1 43 50.588 -141.631
1 44 50.6792 -142.073
1 45 50.3439 -143.28
1 46 50.4886 -143.872
1 47 50.6282 -144.465
1 48 50.7628 -145.058
1 49 50.8925 -145.651
1 50 51.0174 -146.244
1 51 51.1375 -146.838
1 52 51.2531 -147.432
1 53 51.3641 -148.026
1 54 51.4707 -148.62
1 55 51.5729 -149.214
1 56 51.6707 -149.807
1 57 51.7642 -150.401
1 58 51.8535 -150.994
1 59 51.9387 -151.586
1 60 52.0197 -152.178
1 61 52.0966 -152.769
1 62 52.1695 -153.36
1 63 52.2383 -153.949
1 64 52.3033 -154.537
1 65 52.3643 -155.124
1 66 52.4214 -155.709
1 67 52.4747 -156.293
1 68 52.5242 -156.875
1 69 52.5699 -157.456
1 70 52.6119 -158.034
1 71 52.6503 -158.61
1 72 52.685 -159.184
1 73 52.7161 -159.756
1 74 52.7436 -160.325
1 75 52.7677 -160.892
1 76 52.7883 -161.455
1 77 52.8054 -162.016
1 78 52.8192 -162.574
1 79 52.8296 -163.128
1 80 52.8368 -163.679
1 81 52.8407 -164.227
1 82 52.8414 -164.771
1 83 52.839 -165.311
1 84 52.8334 -165.847
1 85 52.8249 -166.379
1 86 52.8133 -166.908
1 87 52.7987 -167.431
1 88 52.7813 -167.951
1 89 52.761 -168.466
1 90 52.738 -168.977
1 91 52.7122 -169.483
1 92 52.6837 -169.984
1 93 52.6526 -170.48
1 94 52.6189 -170.971
1 95 52.5826 -171.457
1 96 52.5439 -171.938
1 97 52.5028 -172.414
1 98 52.4594 -172.884
1 99 52.4136 -173.349
1 100 52.3656 -173.809
1 101 52.3154 -174.263
1 102 52.2631 -174.711
1 103 52.2087 -175.153
1 104 52.1522 -175.59
1 105 52.0938 -176.021
1 106 52.0335 -176.446
1 107 51.9713 -176.865
1 108 51.9073 -177.278
1 109 51.8416 -177.685
1 110 51.7741 -178.086
2 1 43.6696 -121.855
2 2 44.0141 -122.342
2 3 44.3131 -122.811
2 4 44.5932 -123.275
2 5 44.8586 -123.736
2 6 45.1156 -124.197
2 7 45.3662 -124.659
2 8 45.6117 -125.122
2 9 45.8529 -125.588
2 10 46.0903 -126.057
2 11 46.3243 -126.528
2 12 46.555 -127.002
2 13 46.7826 -127.478
2 14 47.0072 -127.958
2 15 46.6145 -127.834
2 16 46.8606 -128.319
2 17 47.0984 -128.804
2 18 47.3289 -129.288
2 19 47.5527 -129.772
2 20 47.7704 -130.255
2 21 47.9823 -130.738
2 22 48.1888 -131.221
2 23 48.3902 -131.704
2 24 48.5865 -132.187
2 25 48.7781 -132.669
2 26 48.965 -133.151
2 27 49.1473 -133.632
2 28 49.3251 -134.112
2 29 49.4984 -134.592
2 30 49.6674 -135.07
2 31 49.832 -135.547
2 32 49.9923 -136.023
2 33 50.1482 -136.497
2 34 50.2999 -136.969
2 35 50.4473 -137.439
2 36 50.5905 -137.906
2 37 50.7294 -138.371
2 38 50.8641 -138.833
2 39 50.9946 -139.292
2 40 51.1209 -139.748
2 41 51.2429 -140.2
2 42 51.3607 -140.648
2 43 51.4744 -141.092
2 44 51.5838 -141.532
2 45 51.3628 -142.758
2 46 51.5284 -143.349
2 47 51.6888 -143.941
2 48 51.8444 -144.534
2 49 51.9951 -145.128
2 50 52.141 -145.723
2 51 52.2823 -146.32
2 52 52.419 -146.917
2 53 52.5512 -147.515
2 54 52.6789 -148.114
2 55 52.8022 -148.713
2 56 52.9211 -149.313
2 57 53.0358 -149.914
2 58 53.1462 -150.514
2 59 53.2523 -151.115
2 60 53.3543 -151.717
2 61 53.4521 -152.318
2 62 53.5457 -152.919
2 63 53.6353 -153.519
2 64 53.7209 -154.12
2 65 53.8024 -154.719
2 66 53.88 -155.318
2 67 53.9535 -155.916
2 68 54.0232 -156.513
2 69 54.089 -157.109
2 70 54.1509 -157.704
2 71 54.209 -158.297
2 72 54.2634 -158.888
2 73 54.3139 -159.478
2 74 54.3608 -160.065
2 75 54.404 -160.651
2 76 54.4435 -161.234
2 77 54.4795 -161.815
2 78 54.5119 -162.393
2 79 54.5407 -162.969
2 80 54.5661 -163.541
2 81 54.5881 -164.111
2 82 54.6067 -164.677
2 83 54.6219 -165.24
2 84 54.6338 -165.8
2 85 54.6425 -166.355
2 86 54.648 -166.907
2 87 54.6503 -167.455
2 88 54.6495 -167.999
2 89 54.6457 -168.539
2 90 54.6389 -169.075
2 91 54.6292 -169.606
2 92 54.6165 -170.132
2 93 54.601 -170.654
2 94 54.5827 -171.171
2 95 54.5617 -171.682
2 96 54.5381 -172.189
2 97 54.5118 -172.691
2 98 54.483 -173.187
2 99 54.4516 -173.678
2 100 54.4179 -174.164
2 101 54.3817 -174.644
2 102 54.3432 -175.118
2 103 54.3025 -175.587
2 104 54.2595 -176.05
2 105 54.2144 -176.507
2 106 54.1672 -176.958
2 107 54.118 -177.403
2 108 54.0668 -177.842
2 109 54.0137 -178.275
2 110 53.9587 -178.701
3 1 43.7565 -121.784
3 2 44.1122 -122.249
3 3 44.4285 -122.698
3 4 44.7227 -123.141
3 5 45.0051 -123.581
3 6 45.2795 -124.023
3 7 45.5479 -124.465
3 8 45.8114 -124.91
3 9 46.0708 -125.357
3 10 46.3266 -125.807
3 11 46.5791 -126.259
3 12 46.8285 -126.715
3 13 47.075 -127.174
3 14 47.3186 -127.635
3 15 46.9518 -127.516
3 16 47.2152 -127.984
3 17 47.4707 -128.451
3 18 47.7191 -128.918
3 19 47.961 -129.386
3 20 48.197 -129.853
3 21 48.4275 -130.321
3 22 48.6526 -130.789
3 23 48.8727 -131.257
3 24 49.088 -131.726
3 25 49.2985 -132.194
3 26 49.5044 -132.663
3 27 49.7057 -133.131
3 28 49.9026 -133.599
3 29 50.095 -134.067
3 30 50.2831 -134.534
3 31 50.4668 -135
3 32 50.6462 -135.465
3 33 50.8212 -135.929
3 34 50.9919 -136.392
3 35 51.1583 -136.853
3 36 51.3204 -137.312
3 37 51.4782 -137.769
3 38 51.6317 -138.224
3 39 51.7808 -138.676
3 40 51.9257 -139.125
3 41 52.0662 -139.571
3 42 52.2025 -140.014
3 43 52.3344 -140.453
3 44 52.462 -140.888
3 45 52.3491 -142.119
3 46 52.5357 -142.705
3 47 52.7173 -143.294
3 48 52.894 -143.885
3 49 53.0661 -144.477
3 50 53.2334 -145.072
3 51 53.3961 -145.668
3 52 53.5543 -146.266
3 53 53.708 -146.865
3 54 53.8573 -147.466
3 55 54.0021 -148.069
3 56 54.1426 -148.673
3 57 54.2788 -149.278
3 58 54.4107 -149.885
3 59 54.5383 -150.492
3 60 54.6617 -151.101
3 61 54.7809 -151.71
3 62 54.8959 -152.32
3 63 55.0068 -152.93
3 64 55.1135 -153.541
3 65 55.2161 -154.152
3 66 55.3146 -154.763
3 67 55.4091 -155.374
3 68 55.4996 -155.984
3 69 55.586 -156.594
3 70 55.6685 -157.204
3 71 55.747 -157.813
3 72 55.8216 -158.421
3 73 55.8923 -159.028
3 74 55.9591 -159.634
3 75 56.0221 -160.238
3 76 56.0813 -160.84
3 77 56.1367 -161.441
3 78 56.1884 -162.04
3 79 56.2364 -162.637
3 80 56.2807 -163.231
3 81 56.3213 -163.823
3 82 56.3584 -164.412
3 83 56.392 -164.998
3 84 56.4221 -165.581
3 85 56.4487 -166.162
3 86 56.4718 -166.738
3 87 56.4917 -167.311
3 88 56.5082 -167.881
3 89 56.5214 -168.447
3 90 56.5315 -169.008
3 91 56.5383 -169.566
3 92 56.5421 -170.119
3 93 56.5428 -170.668
3 94 56.5405 -171.212
3 95 56.5353 -171.752
3 96 56.5271 -172.286
3 97 56.5162 -172.816
3 98 56.5024 -173.34
3 99 56.486 -173.859
3 100 56.4669 -174.373
3 101 56.4452 -174.882
3 102 56.4209 -175.384
3 103 56.3942 -175.881
3 104 56.3651 -176.373
3 105 56.3336 -176.858
3 106 56.2999 -177.337
3 107 56.2639 -177.811
3 108 56.2257 -178.278
3 109 56.1855 -178.739
3 110 56.1432 -179.193
4 1 43.8365 -121.707
4 2 44.204 -122.148
4 3 44.5352 -122.575
4 4 44.8451 -122.995
4 5 45.1439 -123.414
4 6 45.435 -123.834
4 7 45.7204 -124.256
4 8 46.0011 -124.68
4 9 46.278 -125.106
4 10 46.5515 -125.535
4 11 46.8218 -125.967
4 12 47.0892 -126.403
4 13 47.3538 -126.842
4 14 47.6158 -127.284
4 15 47.2714 -127.166
4 16 47.5517 -127.614
4 17 47.8243 -128.063
4 18 48.0901 -128.511
4 19 48.3497 -128.96
4 20 48.6035 -129.409
4 21 48.8519 -129.859
4 22 49.0952 -130.31
4 23 49.3335 -130.761
4 24 49.5671 -131.213
4 25 49.796 -131.665
4 26 50.0204 -132.118
4 27 50.2403 -132.571
4 28 50.4557 -133.024
4 29 50.6668 -133.477
4 30 50.8735 -133.93
4 31 51.0759 -134.383
4 32 51.2739 -134.835
4 33 51.4676 -135.286
4 34 51.6569 -135.737
4 35 51.8419 -136.186
4 36 52.0225 -136.634
4 37 52.1988 -137.08
4 38 52.3707 -137.525
4 39 52.5383 -137.967
4 40 52.7014 -138.407
4 41 52.8602 -138.845
4 42 53.0145 -139.279
4 43 53.1644 -139.711
4 44 53.3099 -140.139
4 45 53.2994 -141.358
4 46 53.5071 -141.938
4 47 53.7101 -142.52
4 48 53.9082 -143.105
4 49 54.1018 -143.693
4 50 54.2907 -144.283
4 51 54.4751 -144.876
4 52 54.655 -145.472
4 53 54.8305 -146.07
4 54 55.0015 -146.67
4 55 55.1683 -147.273
4 56 55.3306 -147.878
4 57 55.4887 -148.485
4 58 55.6425 -149.095
4 59 55.792 -149.706
4 60 55.9373 -150.319
4 61 56.0783 -150.933
4 62 56.2151 -151.55
4 63 56.3478 -152.167
4 64 56.4762 -152.786
4 65 56.6005 -153.406
4 66 56.7206 -154.027
4 67 56.8366 -154.649
4 68 56.9484 -155.272
4 69 57.0562 -155.895
4 70 57.1598 -156.518
4 71 57.2594 -157.141
4 72 57.3549 -157.765
4 73 57.4464 -158.388
4 74 57.5339 -159.01
4 75 57.6174 -159.632
4 76 57.6969 -160.254
4 77 57.7725 -160.874
4 78 57.8442 -161.493
4 79 57.9121 -162.11
4 80 57.976 -162.726
4 81 58.0362 -163.34
4 82 58.0926 -163.952
4 83 58.1452 -164.562
4 84 58.1941 -165.17
4 85 58.2394 -165.775
4 86 58.281 -166.377
4 87 58.3191 -166.977
4 88 58.3536 -167.573
4 89 58.3847 -168.165
4 90 58.4122 -168.755
4 91 58.4364 -169.34
4 92 58.4573 -169.922
4 93 58.4749 -170.499
4 94 58.4892 -171.073
4 95 58.5004 -171.642
4 96 58.5084 -172.206
4 97 58.5134 -172.765
4 98 58.5154 -173.32
4 99 58.5144 -173.87
4 100 58.5105 -174.414
4 101 58.5038 -174.954
4 102 58.4944 -175.487
4 103 58.4822 -176.015
4 104 58.4674 -176.538
4 105 58.45 -177.054
4 106 58.4301 -177.565
4 107 58.4078 -178.069
4 108 58.3831 -178.567
4 109 58.3561 -179.059
4 110 58.3268 -179.545
5 1 43.9101 -121.623
5 2 44.2896 -122.039
5 3 44.6351 -122.442
5 4 44.9602 -122.84
5 5 45.2745 -123.236
5 6 45.5816 -123.633
5 7 45.8832 -124.032
5 8 46.1804 -124.433
5 9 46.4739 -124.837
5 10 46.7642 -125.244
5 11 47.0515 -125.653
5 12 47.3361 -126.067
5 13 47.618 -126.483
5 14 47.8974 -126.903
5 15 47.5726 -126.785
5 16 47.8691 -127.212
5 17 48.1583 -127.639
5 18 48.4409 -128.067
5 19 48.7175 -128.495
5 20 48.9885 -128.924
5 21 49.2542 -129.354
5 22 49.5149 -129.785
5 23 49.7709 -130.216
5 24 50.0221 -130.649
5 25 50.2688 -131.083
5 26 50.511 -131.517
5 27 50.7488 -131.952
5 28 50.9823 -132.387
5 29 51.2114 -132.823
5 30 51.4361 -133.259
5 31 51.6566 -133.696
5 32 51.8727 -134.132
5 33 52.0845 -134.568
5 34 52.2919 -135.003
5 35 52.495 -135.438
5 36 52.6938 -135.872
5 37 52.8881 -136.304
5 38 53.078 -136.736
5 39 53.2635 -137.165
5 40 53.4445 -137.593
5 41 53.6211 -138.019
5 42 53.7932 -138.443
5 43 53.9608 -138.864
5 44 54.1238 -139.282
5 45 54.21 -140.474
5 46 54.4389 -141.043
5 47 54.6631 -141.615
5 48 54.8827 -142.191
5 49 55.0978 -142.77
5 50 55.3084 -143.353
5 51 55.5145 -143.939
5 52 55.7163 -144.528
5 53 55.9137 -145.121
5 54 56.1068 -145.717
5 55 56.2955 -146.317
5 56 56.48 -146.919
5 57 56.6603 -147.525
5 58 56.8362 -148.133
5 59 57.008 -148.745
5 60 57.1755 -149.359
5 61 57.3387 -149.976
5 62 57.4978 -150.595
5 63 57.6526 -151.217
5 64 57.8032 -151.841
5 65 57.9497 -152.468
5 66 58.0919 -153.096
5 67 58.2299 -153.726
5 68 58.3638 -154.358
5 69 58.4934 -154.991
5 70 58.6189 -155.626
5 71 58.7402 -156.261
5 72 58.8574 -156.898
5 73 58.9704 -157.535
5 74 59.0793 -158.173
5 75 59.184 -158.812
5 76 59.2847 -159.45
5 77 59.3813 -160.088
5 78 59.4738 -160.727
5 79 59.5623 -161.364
5 80 59.6467 -162.001
5 81 59.7272 -162.637
5 82 59.8037 -163.272
5 83 59.8762 -163.906
5 84 59.9449 -164.538
5 85 60.0096 -165.168
5 86 60.0706 -165.796
5 87 60.1277 -166.422
5 88 60.1811 -167.046
5 89 60.2308 -167.666
5 90 60.2768 -168.284
5 91 60.3192 -168.899
5 92 60.358 -169.511
5 93 60.3932 -170.119
5 94 60.425 -170.723
5 95 60.4534 -171.323
5 96 60.4784 -171.919
5 97 60.5 -172.511
5 98 60.5185 -173.099
5 99 60.5337 -173.681
5 100 60.5458 -174.259
5 101 60.5548 -174.832
5 102 60.5607 -175.399
5 103 60.5638 -175.962
5 104 60.5639 -176.518
5 105 60.5613 -177.069
5 106 60.5558 -177.614
5 107 60.5477 -178.153
5 108 60.537 -178.686
5 109 60.5237 -179.212
5 110 60.5079 -179.732
6 1 43.9776 -121.532
6 2 44.3689 -121.923
6 3 44.7281 -122.302
6 4 45.0676 -122.674
6 5 45.3967 -123.046
6 6 45.7188 -123.419
6 7 46.0358 -123.793
6 8 46.3485 -124.17
6 9 46.6578 -124.55
6 10 46.964 -124.933
6 11 47.2674 -125.318
6 12 47.5682 -125.707
6 13 47.8665 -126.1
6 14 48.1625 -126.496
6 15 47.8546 -126.376
6 16 48.1667 -126.779
6 17 48.4717 -127.183
6 18 48.7703 -127.587
6 19 49.0631 -127.992
6 20 49.3505 -128.398
6 21 49.6328 -128.806
6 22 49.9102 -129.215
6 23 50.1829 -129.624
6 24 50.4511 -130.036
6 25 50.7149 -130.448
6 26 50.9742 -130.861
6 27 51.2292 -131.275
6 28 51.4799 -131.69
6 29 51.7263 -132.106
6 30 51.9685 -132.523
6 31 52.2063 -132.94
6 32 52.4399 -133.357
6 33 52.6691 -133.774
6 34 52.8941 -134.191
6 35 53.1146 -134.609
6 36 53.3308 -135.025
6 37 53.5426 -135.441
6 38 53.75 -135.856
6 39 53.9529 -136.27
6 40 54.1513 -136.683
6 41 54.3452 -137.094
6 42 54.5345 -137.503
6 43 54.7193 -137.91
6 44 54.8994 -138.315
6 45 55.0768 -139.463
6 46 55.3266 -140.017
6 47 55.5719 -140.575
6 48 55.8128 -141.137
6 49 56.0492 -141.704
6 50 56.2814 -142.275
6 51 56.5092 -142.849
6 52 56.7328 -143.428
6 53 56.9522 -144.012
6 54 57.1673 -144.599
6 55 57.3782 -145.191
6 56 57.5849 -145.786
6 57 57.7874 -146.386
6 58 57.9858 -146.99
6 59 58.1799 -147.597
6 60 58.3699 -148.209
6 61 58.5557 -148.824
6 62 58.7373 -149.442
6 63 58.9147 -150.064
6 64 59.0879 -150.69
6 65 59.2569 -151.319
6 66 59.4217 -151.95
6 67 59.5823 -152.585
6 68 59.7387 -153.223
6 69 59.8908 -153.863
6 70 60.0388 -154.505
6 71 60.1825 -155.15
6 72 60.3219 -155.797
6 73 60.4572 -156.446
6 74 60.5882 -157.097
6 75 60.715 -157.749
6 76 60.8375 -158.403
6 77 60.9559 -159.057
6 78 61.0701 -159.713
6 79 61.1801 -160.369
6 80 61.2859 -161.025
6 81 61.3875 -161.682
6 82 61.4851 -162.339
6 83 61.5785 -162.995
6 84 61.6678 -163.651
6 85 61.753 -164.306
6 86 61.8343 -164.96
6 87 61.9115 -165.613
6 88 61.9847 -166.264
6 89 62.054 -166.913
6 90 62.1193 -167.561
6 91 62.1809 -168.206
6 92 62.2386 -168.849
6 93 62.2925 -169.489
6 94 62.3427 -170.125
6 95 62.3892 -170.759
6 96 62.4321 -171.389
6 97 62.4714 -172.016
6 98 62.5072 -172.638
6 99 62.5395 -173.257
6 100 62.5684 -173.87
6 101 62.594 -174.48
6 102 62.6163 -175.084
6 103 62.6353 -175.684
6 104 62.6513 -176.278
6 105 62.6641 -176.867
6 106 62.6739 -177.45
6 107 62.6807 -178.027
6 108 62.6847 -178.598
6 109 62.6858 -179.164
6 110 62.6842 -179.722
7 1 44.039 -121.437
7 2 44.4446 -121.802
7 3 44.8141 -122.153
7 4 45.1671 -122.5
7 5 45.5101 -122.846
7 6 45.8463 -123.193
7 7 46.1776 -123.542
7 8 46.5049 -123.893
7 9 46.829 -124.247
7 10 47.1501 -124.603
7 11 47.4686 -124.963
7 12 47.7847 -125.326
7 13 48.0984 -125.693
7 14 48.41 -126.063
7 15 48.1164 -125.938
7 16 48.4432 -126.316
7 17 48.7632 -126.694
7 18 49.0771 -127.073
7 19 49.3853 -127.453
7 20 49.6882 -127.835
7 21 49.9862 -128.218
7 22 50.2794 -128.602
7 23 50.5681 -128.987
7 24 50.8523 -129.374
7 25 51.1322 -129.762
7 26 51.4078 -130.152
7 27 51.6792 -130.542
7 28 51.9463 -130.934
7 29 52.2092 -131.327
7 30 52.4679 -131.721
7 31 52.7224 -132.116
7 32 52.9726 -132.511
7 33 53.2186 -132.907
7 34 53.4602 -133.303
7 35 53.6975 -133.699
7 36 53.9305 -134.095
7 37 54.159 -134.491
7 38 54.3832 -134.887
7 39 54.6028 -135.282
7 40 54.8179 -135.676
7 41 55.0285 -136.068
7 42 55.2345 -136.46
7 43 55.4358 -136.85
7 44 55.6325 -137.238
7 45 55.895 -138.324
7 46 56.1654 -138.859
7 47 56.4314 -139.398
7 48 56.6932 -139.942
7 49 56.9508 -140.49
7 50 57.2043 -141.044
7 51 57.4536 -141.603
7 52 57.6988 -142.167
7 53 57.9399 -142.735
7 54 58.1769 -143.309
7 55 58.4098 -143.888
7 56 58.6387 -144.471
7 57 58.8635 -145.06
7 58 59.0842 -145.654
7 59 59.3009 -146.252
7 60 59.5135 -146.855
7 61 59.7219 -147.463
7 62 59.9263 -148.076
7 63 60.1265 -148.693
7 64 60.3226 -149.315
7 65 60.5145 -149.941
7 66 60.7022 -150.571
7 67 60.8858 -151.206
7 68 61.0651 -151.845
7 69 61.2403 -152.487
7 70 61.4112 -153.133
7 71 61.5778 -153.783
7 72 61.7402 -154.437
7 73 61.8984 -155.093
7 74 62.0522 -155.753
7 75 62.2018 -156.415
7 76 62.3471 -157.08
7 77 62.488 -157.748
7 78 62.6247 -158.417
7 79 62.7571 -159.089
7 80 62.8852 -159.763
7 81 63.009 -160.438
7 82 63.1286 -161.114
7 83 63.2438 -161.791
7 84 63.3548 -162.469
7 85 63.4616 -163.148
7 86 63.5642 -163.827
7 87 63.6625 -164.505
7 88 63.7567 -165.184
7 89 63.8467 -165.862
7 90 63.9326 -166.539
7 91 64.0144 -167.215
7 92 64.0921 -167.889
7 93 64.1658 -168.562
7 94 64.2356 -169.233
7 95 64.3014 -169.901
7 96 64.3633 -170.567
7 97 64.4213 -171.23
7 98 64.4756 -171.89
7 99 64.5261 -172.547
7 100 64.573 -173.2
7 101 64.6162 -173.849
7 102 64.6558 -174.493
7 103 64.692 -175.134
7 104 64.7246 -175.769
7 105 64.7539 -176.4
7 106 64.7799 -177.025
7 107 64.8027 -177.645
7 108 64.8222 -178.26
7 109 64.8387 -178.868
7 110 64.8521 -179.471
8 1 44.0944 -121.336
8 2 44.5112 -121.674
8 3 44.8928 -121.998
8 4 45.2584 -122.317
8 5 45.6143 -122.636
8 6 45.9637 -122.956
8 7 46.3083 -123.278
8 8 46.6491 -123.601
8 9 46.9869 -123.928
8 10 47.3218 -124.257
8 11 47.6544 -124.589
8 12 47.9846 -124.924
8 13 48.3128 -125.263
8 14 48.6389 -125.606
8 15 48.3572 -125.474
8 16 48.6979 -125.825
8 17 49.032 -126.176
8 18 49.36 -126.527
8 19 49.6826 -126.88
8 20 50.0001 -127.235
8 21 50.3128 -127.59
8 22 50.6209 -127.948
8 23 50.9246 -128.306
8 24 51.2239 -128.666
8 25 51.519 -129.028
8 26 51.8099 -129.391
8 27 52.0966 -129.756
8 28 52.3792 -130.122
8 29 52.6577 -130.489
8 30 52.932 -130.857
8 31 53.2022 -131.227
8 32 53.4681 -131.597
8 33 53.7299 -131.968
8 34 53.9874 -132.34
8 35 54.2406 -132.712
8 36 54.4894 -133.084
8 37 54.7339 -133.456
8 38 54.9739 -133.829
8 39 55.2095 -134.201
8 40 55.4405 -134.573
8 41 55.667 -134.944
8 42 55.8888 -135.314
8 43 56.1061 -135.682
8 44 56.3186 -136.05
8 45 56.6598 -137.056
8 46 56.9502 -137.566
8 47 57.2364 -138.081
8 48 57.5186 -138.602
8 49 57.7968 -139.127
8 50 58.071 -139.659
8 51 58.3413 -140.196
8 52 58.6077 -140.738
8 53 58.8702 -141.287
8 54 59.1288 -141.841
8 55 59.3834 -142.4
8 56 59.6342 -142.966
8 57 59.8811 -143.538
8 58 60.124 -144.115
8 59 60.363 -144.698
8 60 60.5981 -145.287
8 61 60.8292 -145.881
8 62 61.0563 -146.482
8 63 61.2794 -147.088
8 64 61.4984 -147.7
8 65 61.7134 -148.317
8 66 61.9243 -148.94
8 67 62.1311 -149.568
8 68 62.3337 -150.202
8 69 62.5322 -150.84
8 70 62.7265 -151.484
8 71 62.9166 -152.133
8 72 63.1025 -152.787
8 73 63.2841 -153.445
8 74 63.4614 -154.108
8 75 63.6344 -154.776
8 76 63.8031 -155.447
8 77 63.9675 -156.123
8 78 64.1276 -156.802
8 79 64.2832 -157.485
8 80 64.4345 -158.171
8 81 64.5815 -158.86
8 82 64.724 -159.553
8 83 64.8622 -160.247
8 84 64.996 -160.945
8 85 65.1254 -161.644
8 86 65.2504 -162.345
8 87 65.3711 -163.048
8 88 65.4874 -163.752
8 89 65.5994 -164.456
8 90 65.7071 -165.162
8 91 65.8104 -165.868
8 92 65.9095 -166.574
8 93 66.0043 -167.279
8 94 66.0949 -167.984
8 95 66.1813 -168.688
8 96 66.2636 -169.391
8 97 66.3417 -170.092
8 98 66.4158 -170.791
8 99 66.4859 -171.488
8 100 66.552 -172.183
8 101 66.6141 -172.874
8 102 66.6724 -173.562
8 103 66.7269 -174.247
8 104 66.7777 -174.928
8 105 66.8247 -175.605
8 106 66.8681 -176.277
8 107 66.908 -176.945
8 108 66.9443 -177.608
8 109 66.9773 -178.265
8 110 67.0068 -178.916
9 1 44.1439 -121.23
9 2 44.5712 -121.54
9 3 44.964 -121.835
9 4 45.3412 -122.127
9 5 45.709 -122.418
9 6 46.0704 -122.709
9 7 46.4273 -123.002
9 8 46.7806 -123.297
9 9 47.1309 -123.594
9 10 47.4786 -123.894
9 11 47.824 -124.197
9 12 48.1673 -124.503
9 13 48.5087 -124.813
9 14 48.8481 -125.125
9 15 48.5761 -124.986
9 16 48.9297 -125.307
9 17 49.2768 -125.629
9 18 49.6181 -125.952
9 19 49.954 -126.275
9 20 50.285 -126.6
9 21 50.6113 -126.927
9 22 50.9332 -127.255
9 23 51.2507 -127.584
9 24 51.564 -127.915
9 25 51.8732 -128.248
9 26 52.1783 -128.582
9 27 52.4794 -128.918
9 28 52.7764 -129.255
9 29 53.0693 -129.593
9 30 53.3582 -129.933
9 31 53.643 -130.274
9 32 53.9237 -130.617
9 33 54.2002 -130.96
9 34 54.4725 -131.304
9 35 54.7405 -131.648
9 36 55.0042 -131.993
9 37 55.2636 -132.339
9 38 55.5186 -132.685
9 39 55.7692 -133.031
9 40 56.0152 -133.376
9 41 56.2566 -133.722
9 42 56.4935 -134.066
9 43 56.7256 -134.41
9 44 56.9531 -134.753
9 45 57.3661 -135.661
9 46 57.6756 -136.141
9 47 57.9813 -136.626
9 48 58.2831 -137.117
9 49 58.5811 -137.614
9 50 58.8754 -138.117
9 51 59.166 -138.626
9 52 59.4529 -139.141
9 53 59.7361 -139.662
9 54 60.0157 -140.19
9 55 60.2915 -140.724
9 56 60.5636 -141.265
9 57 60.8321 -141.812
9 58 61.0968 -142.366
9 59 61.3578 -142.926
9 60 61.615 -143.494
9 61 61.8684 -144.067
9 62 62.118 -144.648
9 63 62.3638 -145.235
9 64 62.6056 -145.829
9 65 62.8436 -146.43
9 66 63.0776 -147.037
9 67 63.3077 -147.651
9 68 63.5338 -148.272
9 69 63.7558 -148.899
9 70 63.9737 -149.533
9 71 64.1875 -150.173
9 72 64.3972 -150.819
9 73 64.6027 -151.472
9 74 64.8039 -152.131
9 75 65.001 -152.796
9 76 65.1937 -153.466
9 77 65.3822 -154.142
9 78 65.5663 -154.824
9 79 65.7461 -155.511
9 80 65.9214 -156.204
9 81 66.0924 -156.901
9 82 66.259 -157.603
9 83 66.4211 -158.31
9 84 66.5787 -159.02
9 85 66.7319 -159.735
9 86 66.8807 -160.454
9 87 67.0249 -161.176
9 88 67.1647 -161.901
9 89 67.2999 -162.63
9 90 67.4307 -163.36
9 91 67.5571 -164.093
9 92 67.6789 -164.828
9 93 67.7963 -165.565
9 94 67.9093 -166.302
9 95 68.0179 -167.041
9 96 68.122 -167.78
9 97 68.2218 -168.52
9 98 68.3173 -169.259
9 99 68.4085 -169.997
9 100 68.4954 -170.735
9 101 68.5781 -171.471
9 102 68.6567 -172.206
9 103 68.7311 -172.938
9 104 68.8015 -173.668
9 105 68.8678 -174.395
9 106 68.9302 -175.119
9 107 68.9887 -175.839
9 108 69.0433 -176.555
9 109 69.0942 -177.267
9 110 69.1414 -177.974
10 1 44.1874 -121.12
10 2 44.6245 -121.4
10 3 45.0276 -121.667
10 4 45.4153 -121.93
10 5 45.7939 -122.191
10 6 46.1663 -122.453
10 7 46.5342 -122.716
10 8 46.8988 -122.98
10 9 47.2604 -123.247
10 10 47.6197 -123.517
10 11 47.9768 -123.789
10 12 48.332 -124.065
10 13 48.6853 -124.343
10 14 49.0368 -124.624
10 15 48.7724 -124.475
10 16 49.1377 -124.766
10 17 49.4967 -125.056
10 18 49.8501 -125.348
10 19 50.1982 -125.641
10 20 50.5415 -125.934
10 21 50.8803 -126.229
10 22 51.2147 -126.526
10 23 51.545 -126.824
10 24 51.8711 -127.124
10 25 52.1932 -127.425
10 26 52.5113 -127.727
10 27 52.8255 -128.032
10 28 53.1357 -128.337
10 29 53.4419 -128.644
10 30 53.7441 -128.953
10 31 54.0424 -129.263
10 32 54.3366 -129.574
10 33 54.6266 -129.886
10 34 54.9126 -130.199
10 35 55.1943 -130.513
10 36 55.4718 -130.827
10 37 55.745 -131.143
10 38 56.0138 -131.458
10 39 56.2782 -131.774
10 40 56.5381 -132.09
10 41 56.7934 -132.406
10 42 57.0442 -132.722
10 43 57.2902 -133.037
10 44 57.5316 -133.352
10 45 58.0087 -134.141
10 46 58.3363 -134.585
10 47 58.6602 -135.034
10 48 58.9806 -135.49
10 49 59.2975 -135.952
10 50 59.6109 -136.42
10 51 59.9208 -136.894
10 52 60.2273 -137.375
10 53 60.5303 -137.862
10 54 60.8299 -138.356
10 55 61.126 -138.857
10 56 61.4187 -139.365
10 57 61.7079 -139.88
10 58 61.9936 -140.402
10 59 62.2759 -140.932
10 60 62.5546 -141.468
10 61 62.8297 -142.013
10 62 63.1013 -142.564
10 63 63.3692 -143.124
10 64 63.6335 -143.691
10 65 63.894 -144.265
10 66 64.1509 -144.848
10 67 64.4039 -145.438
10 68 64.6532 -146.036
10 69 64.8985 -146.641
10 70 65.14 -147.255
10 71 65.3776 -147.876
10 72 65.6111 -148.505
10 73 65.8406 -149.142
10 74 66.0661 -149.786
10 75 66.2874 -150.438
10 76 66.5046 -151.098
10 77 66.7175 -151.765
10 78 66.9263 -152.439
10 79 67.1307 -153.121
10 80 67.3309 -153.809
10 81 67.5266 -154.505
10 82 67.718 -155.208
10 83 67.905 -155.917
10 84 68.0876 -156.633
10 85 68.2656 -157.355
10 86 68.4392 -158.083
10 87 68.6082 -158.816
10 88 68.7727 -159.556
10 89 68.9327 -160.3
10 90 69.088 -161.05
10 91 69.2388 -161.804
10 92 69.385 -162.562
10 93 69.5266 -163.325
10 94 69.6636 -164.091
10 95 69.796 -164.861
10 96 69.9238 -165.633
10 97 70.0471 -166.408
10 98 70.1658 -167.185
10 99 70.28 -167.964
10 100 70.3896 -168.744
10 101 70.4948 -169.525
10 102 70.5955 -170.307
10 103 70.6918 -171.088
10 104 70.7837 -171.869
10 105 70.8713 -172.649
10 106 70.9546 -173.428
10 107 71.0336 -174.205
10 108 71.1085 -174.98
10 109 71.1792 -175.752
10 110 71.2459 -176.521
11 1 44.2247 -121.006
11 2 44.6709 -121.257
11 3 45.0833 -121.494
11 4 45.4805 -121.726
11 5 45.8687 -121.957
11 6 46.2508 -122.188
11 7 46.6287 -122.42
11 8 47.0032 -122.653
11 9 47.3751 -122.889
11 10 47.7446 -123.127
11 11 48.1122 -123.367
11 12 48.4779 -123.61
11 13 48.8419 -123.855
11 14 49.2042 -124.104
11 15 48.9451 -123.944
11 16 49.3211 -124.202
11 17 49.6908 -124.46
11 18 50.0549 -124.719
11 19 50.4141 -124.979
11 20 50.7685 -125.239
11 21 51.1184 -125.501
11 22 51.4642 -125.764
11 23 51.8058 -126.029
11 24 52.1434 -126.295
11 25 52.4771 -126.562
11 26 52.8069 -126.831
11 27 53.1329 -127.101
11 28 53.455 -127.373
11 29 53.7732 -127.646
11 30 54.0875 -127.92
11 31 54.3979 -128.196
11 32 54.7042 -128.473
11 33 55.0066 -128.751
11 34 55.3049 -129.03
11 35 55.599 -129.31
11 36 55.8889 -129.591
11 37 56.1746 -129.872
11 38 56.456 -130.154
11 39 56.7329 -130.437
11 40 57.0054 -130.719
11 41 57.2734 -131.002
11 42 57.5368 -131.285
11 43 57.7955 -131.568
11 44 58.0496 -131.85
11 45 58.5823 -132.501
11 46 58.9266 -132.903
11 47 59.2676 -133.311
11 48 59.6052 -133.725
11 49 59.9396 -134.145
11 50 60.2708 -134.571
11 51 60.5987 -135.004
11 52 60.9235 -135.443
11 53 61.245 -135.888
11 54 61.5634 -136.341
11 55 61.8787 -136.801
11 56 62.1907 -137.267
11 57 62.4996 -137.741
11 58 62.8052 -138.223
11 59 63.1076 -138.712
11 60 63.4068 -139.209
11 61 63.7026 -139.714
11 62 63.9952 -140.226
11 63 64.2843 -140.747
11 64 64.5701 -141.276
11 65 64.8525 -141.814
11 66 65.1314 -142.36
11 67 65.4067 -142.914
11 68 65.6785 -143.477
11 69 65.9467 -144.049
11 70 66.2113 -144.63
11 71 66.4721 -145.22
11 72 66.7292 -145.819
11 73 66.9825 -146.426
11 74 67.2319 -147.043
11 75 67.4774 -147.669
11 76 67.719 -148.304
11 77 67.9566 -148.948
11 78 68.1901 -149.602
11 79 68.4195 -150.264
11 80 68.6447 -150.935
11 81 68.8658 -151.616
11 82 69.0826 -152.305
11 83 69.2951 -153.004
11 84 69.5033 -153.711
11 85 69.707 -154.427
11 86 69.9064 -155.151
11 87 70.1013 -155.884
11 88 70.2917 -156.625
11 89 70.4775 -157.374
11 90 70.6588 -158.13
11 91 70.8355 -158.894
11 92 71.0076 -159.666
11 93 71.175 -160.444
11 94 71.3377 -161.23
11 95 71.4958 -162.021
11 96 71.6492 -162.819
11 97 71.7978 -163.622
11 98 71.9418 -164.431
11 99 72.081 -165.244
11 100 72.2156 -166.062
11 101 72.3454 -166.884
11 102 72.4705 -167.71
11 103 72.591 -168.538
11 104 72.7068 -169.369
11 105 72.8179 -170.203
11 106 72.9245 -171.037
11 107 73.0265 -171.873
11 108 73.124 -172.709
11 109 73.217 -173.546
11 110 73.3055 -174.381
12 1 44.256 -120.888
12 2 44.7104 -121.109
12 3 45.131 -121.315
12 4 45.5365 -121.517
12 5 45.9331 -121.716
12 6 46.3238 -121.915
12 7 46.7103 -122.116
12 8 47.0936 -122.317
12 9 47.4743 -122.52
12 10 47.8529 -122.725
12 11 48.2295 -122.932
12 12 48.6044 -123.141
12 13 48.9777 -123.353
12 14 49.3496 -123.567
12 15 49.0936 -123.395
12 16 49.4789 -123.619
12 17 49.8581 -123.843
12 18 50.2318 -124.067
12 19 50.6005 -124.292
12 20 50.9647 -124.518
12 21 51.3245 -124.745
12 22 51.6802 -124.973
12 23 52.0318 -125.202
12 24 52.3796 -125.432
12 25 52.7235 -125.664
12 26 53.0636 -125.896
12 27 53.3999 -126.13
12 28 53.7325 -126.366
12 29 54.0612 -126.602
12 30 54.3862 -126.84
12 31 54.7072 -127.079
12 32 55.0244 -127.319
12 33 55.3376 -127.56
12 34 55.6467 -127.803
12 35 55.9518 -128.046
12 36 56.2527 -128.289
12 37 56.5495 -128.534
12 38 56.8419 -128.779
12 39 57.13 -129.025
12 40 57.4137 -129.27
12 41 57.6929 -129.516
12 42 57.9675 -129.763
12 43 58.2375 -130.009
12 44 58.5028 -130.254
12 45 59.0818 -130.75
12 46 59.4413 -131.105
12 47 59.7976 -131.465
12 48 60.1509 -131.831
12 49 60.5012 -132.202
12 50 60.8484 -132.58
12 51 61.1928 -132.963
12 52 61.5342 -133.353
12 53 61.8728 -133.749
12 54 62.2084 -134.152
12 55 62.5411 -134.561
12 56 62.871 -134.978
12 57 63.1979 -135.402
12 58 63.5219 -135.833
12 59 63.8429 -136.272
12 60 64.161 -136.718
12 61 64.4762 -137.173
12 62 64.7882 -137.635
12 63 65.0973 -138.106
12 64 65.4032 -138.585
12 65 65.7061 -139.073
12 66 66.0057 -139.569
12 67 66.3022 -140.075
12 68 66.5954 -140.59
12 69 66.8853 -141.114
12 70 67.1718 -141.647
12 71 67.455 -142.19
12 72 67.7347 -142.743
12 73 68.0109 -143.306
12 74 68.2836 -143.879
12 75 68.5526 -144.462
12 76 68.818 -145.055
12 77 69.0796 -145.659
12 78 69.3375 -146.273
12 79 69.5916 -146.898
12 80 69.8418 -147.534
12 81 70.088 -148.18
12 82 70.3302 -148.838
12 83 70.5684 -149.506
12 84 70.8024 -150.185
12 85 71.0323 -150.875
12 86 71.2579 -151.577
12 87 71.4793 -152.289
12 88 71.6964 -153.012
12 89 71.909 -153.746
12 90 72.1173 -154.491
12 91 72.321 -155.246
12 92 72.5202 -156.012
12 93 72.7149 -156.788
12 94 72.905 -157.575
12 95 73.0904 -158.372
12 96 73.2711 -159.178
12 97 73.4471 -159.994
12 98 73.6183 -160.819
12 99 73.7848 -161.653
12 100 73.9465 -162.496
12 101 74.1034 -163.347
12 102 74.2555 -164.206
12 103 74.4027 -165.072
12 104 74.545 -165.945
12 105 74.6826 -166.824
12 106 74.8153 -167.709
12 107 74.9431 -168.6
12 108 75.0662 -169.495
12 109 75.1844 -170.394
12 110 75.2979 -171.297
13 1 44.2809 -120.768
13 2 44.7427 -120.958
13 3 45.1704 -121.133
13 4 45.5831 -121.302
13 5 45.9869 -121.47
13 6 46.3849 -121.637
13 7 46.7788 -121.804
13 8 47.1695 -121.972
13 9 47.5578 -122.142
13 10 47.944 -122.312
13 11 48.3283 -122.485
13 12 48.7111 -122.66
13 13 49.0923 -122.836
13 14 49.4722 -123.015
13 15 49.2172 -122.83
13 16 49.6105 -123.019
13 17 49.9978 -123.207
13 18 50.3797 -123.396
13 19 50.7567 -123.585
13 20 51.1292 -123.775
13 21 51.4974 -123.965
13 22 51.8616 -124.156
13 23 52.2218 -124.347
13 24 52.5782 -124.54
13 25 52.9308 -124.734
13 26 53.2798 -124.929
13 27 53.625 -125.124
13 28 53.9665 -125.321
13 29 54.3042 -125.519
13 30 54.6382 -125.718
13 31 54.9684 -125.918
13 32 55.2948 -126.119
13 33 55.6172 -126.321
13 34 55.9357 -126.523
13 35 56.2502 -126.726
13 36 56.5605 -126.93
13 37 56.8667 -127.135
13 38 57.1687 -127.34
13 39 57.4664 -127.546
13 40 57.7596 -127.751
13 41 58.0484 -127.957
13 42 58.3327 -128.163
13 43 58.6124 -128.369
13 44 58.8873 -128.575
13 45 59.5024 -128.897
13 46 59.8751 -129.199
13 47 60.2449 -129.506
13 48 60.6119 -129.818
13 49 60.9761 -130.134
13 50 61.3376 -130.456
13 51 61.6964 -130.784
13 52 62.0525 -131.117
13 53 62.406 -131.456
13 54 62.7569 -131.801
13 55 63.1051 -132.152
13 56 63.4507 -132.509
13 57 63.7937 -132.873
13 58 64.1341 -133.245
13 59 64.4718 -133.623
13 60 64.8069 -134.008
13 61 65.1393 -134.401
13 62 65.4689 -134.801
13 63 65.7959 -135.209
13 64 66.1201 -135.626
13 65 66.4414 -136.05
13 66 66.76 -136.484
13 67 67.0757 -136.926
13 68 67.3884 -137.377
13 69 67.6982 -137.837
13 70 68.005 -138.306
13 71 68.3088 -138.785
13 72 68.6095 -139.275
13 73 68.907 -139.774
13 74 69.2014 -140.283
13 75 69.4925 -140.803
13 76 69.7803 -141.334
13 77 70.0647 -141.876
13 78 70.3457 -142.429
13 79 70.6233 -142.994
13 80 70.8974 -143.57
13 81 71.1678 -144.158
13 82 71.4346 -144.759
13 83 71.6977 -145.371
13 84 71.9571 -145.996
13 85 72.2126 -146.634
13 86 72.4642 -147.285
13 87 72.7119 -147.948
13 88 72.9556 -148.625
13 89 73.1952 -149.315
13 90 73.4306 -150.019
13 91 73.6619 -150.736
13 92 73.8889 -151.467
13 93 74.1116 -152.212
13 94 74.3299 -152.97
13 95 74.5438 -153.742
13 96 74.7532 -154.528
13 97 74.958 -155.327
13 98 75.1583 -156.14
13 99 75.3539 -156.967
13 100 75.5448 -157.807
13 101 75.731 -158.661
13 102 75.9124 -159.527
13 103 76.089 -160.406
13 104 76.2608 -161.298
13 105 76.4276 -162.201
13 106 76.5895 -163.117
13 107 76.7465 -164.044
13 108 76.8986 -164.981
13 109 77.0456 -165.929
13 110 77.1877 -166.887
14 1 44.2994 -120.645
14 2 44.7677 -120.803
14 3 45.2015 -120.946
14 4 45.6202 -121.084
14 5 46.0299 -121.219
14 6 46.4339 -121.353
14 7 46.8338 -121.486
14 8 47.2307 -121.621
14 9 47.6251 -121.756
14 10 48.0175 -121.892
14 11 48.4082 -122.029
14 12 48.7973 -122.168
14 13 49.185 -122.309
14 14 49.5715 -122.451
14 15 49.3152 -122.251
14 16 49.7152 -122.404
14 17 50.1092 -122.556
14 18 50.4979 -122.708
14 19 50.8818 -122.86
14 20 51.2611 -123.012
14 21 51.6363 -123.164
14 22 52.0074 -123.317
14 23 52.3747 -123.47
14 24 52.7382 -123.623
14 25 53.0979 -123.778
14 26 53.4541 -123.933
14 27 53.8065 -124.089
14 28 54.1554 -124.245
14 29 54.5005 -124.402
14 30 54.8419 -124.56
14 31 55.1796 -124.719
14 32 55.5135 -124.879
14 33 55.8435 -125.039
14 34 56.1697 -125.199
14 35 56.4918 -125.36
14 36 56.8099 -125.522
14 37 57.1238 -125.684
14 38 57.4336 -125.846
14 39 57.7391 -126.009
14 40 58.0402 -126.172
14 41 58.3369 -126.335
14 42 58.6291 -126.498
14 43 58.9167 -126.66
14 44 59.1995 -126.823
14 45 59.8396 -126.957
14 46 60.2234 -127.201
14 47 60.6045 -127.449
14 48 60.983 -127.701
14 49 61.3589 -127.957
14 50 61.7323 -128.218
14 51 62.1033 -128.482
14 52 62.4718 -128.752
14 53 62.8379 -129.026
14 54 63.2016 -129.306
14 55 63.5629 -129.59
14 56 63.9219 -129.88
14 57 64.2785 -130.176
14 58 64.6328 -130.477
14 59 64.9847 -130.785
14 60 65.3342 -131.098
14 61 65.6813 -131.418
14 62 66.026 -131.745
14 63 66.3683 -132.079
14 64 66.7081 -132.419
14 65 67.0454 -132.767
14 66 67.3803 -133.123
14 67 67.7126 -133.486
14 68 68.0423 -133.858
14 69 68.3695 -134.237
14 70 68.694 -134.625
14 71 69.0158 -135.022
14 72 69.3349 -135.428
14 73 69.6513 -135.844
14 74 69.9648 -136.269
14 75 70.2755 -136.703
14 76 70.5833 -137.149
14 77 70.8881 -137.604
14 78 71.19 -138.07
14 79 71.4888 -138.548
14 80 71.7845 -139.037
14 81 72.0771 -139.538
14 82 72.3664 -140.05
14 83 72.6525 -140.575
14 84 72.9353 -141.113
14 85 73.2147 -141.664
14 86 73.4906 -142.229
14 87 73.7631 -142.807
14 88 74.032 -143.399
14 89 74.2973 -144.006
14 90 74.5589 -144.628
14 91 74.8167 -145.264
14 92 75.0708 -145.917
14 93 75.3209 -146.585
14 94 75.5671 -147.269
14 95 75.8094 -147.969
14 96 76.0475 -148.687
14 97 76.2815 -149.421
14 98 76.5113 -150.173
14 99 76.7369 -150.943
14 100 76.9581 -151.73
14 101 77.1749 -152.535
14 102 77.3872 -153.358
14 103 77.595 -154.2
14 104 77.7982 -155.06
14 105 77.9968 -155.939
14 106 78.1906 -156.837
14 107 78.3797 -157.753
14 108 78.564 -158.687
14 109 78.7434 -159.64
14 110 78.9179 -160.611
15 1 44.3114 -120.519
15 2 44.7853 -120.646
15 3 45.2241 -120.757
15 4 45.6475 -120.862
15 5 46.062 -120.964
15 6 46.4706 -121.064
15 7 46.8752 -121.164
15 8 47.2768 -121.264
15 9 47.676 -121.364
15 10 48.0732 -121.464
15 11 48.4687 -121.566
15 12 48.8628 -121.668
15 13 49.2555 -121.772
15 14 49.647 -121.877
15 15 49.3871 -121.661
15 16 49.7924 -121.778
15 17 50.1917 -121.893
15 18 50.5857 -122.007
15 19 50.9749 -122.12
15 20 51.3596 -122.234
15 21 51.7402 -122.347
15 22 52.1167 -122.46
15 23 52.4894 -122.573
15 24 52.8584 -122.687
15 25 53.2237 -122.8
15 26 53.5854 -122.914
15 27 53.9435 -123.029
15 28 54.2979 -123.144
15 29 54.6487 -123.259
15 30 54.9959 -123.374
15 31 55.3393 -123.49
15 32 55.679 -123.606
15 33 56.0148 -123.723
15 34 56.3468 -123.839
15 35 56.6748 -123.956
15 36 56.9988 -124.074
15 37 57.3187 -124.191
15 38 57.6344 -124.309
15 39 57.9459 -124.426
15 40 58.253 -124.543
15 41 58.5557 -124.661
15 42 58.8539 -124.778
15 43 59.1475 -124.895
15 44 59.4364 -125.011
15 45 60.0894 -124.946
15 46 60.482 -125.128
15 47 60.872 -125.312
15 48 61.2595 -125.5
15 49 61.6446 -125.69
15 50 62.0274 -125.883
15 51 62.4079 -126.08
15 52 62.7862 -126.28
15 53 63.1622 -126.483
15 54 63.536 -126.691
15 55 63.9076 -126.902
15 56 64.2771 -127.117
15 57 64.6445 -127.336
15 58 65.0097 -127.559
15 59 65.3727 -127.787
15 60 65.7337 -128.02
15 61 66.0924 -128.257
15 62 66.4491 -128.5
15 63 66.8035 -128.747
15 64 67.1558 -129
15 65 67.5059 -129.259
15 66 67.8537 -129.524
15 67 68.1993 -129.794
15 68 68.5427 -130.071
15 69 68.8837 -130.354
15 70 69.2225 -130.644
15 71 69.5589 -130.941
15 72 69.8929 -131.245
15 73 70.2245 -131.556
15 74 70.5537 -131.876
15 75 70.8804 -132.203
15 76 71.2045 -132.538
15 77 71.5262 -132.883
15 78 71.8452 -133.236
15 79 72.1616 -133.598
15 80 72.4753 -133.969
15 81 72.7864 -134.351
15 82 73.0946 -134.743
15 83 73.4001 -135.145
15 84 73.7027 -135.559
15 85 74.0024 -135.984
15 86 74.2992 -136.42
15 87 74.593 -136.869
15 88 74.8838 -137.331
15 89 75.1715 -137.806
15 90 75.456 -138.294
15 91 75.7373 -138.797
15 92 76.0154 -139.314
15 93 76.2902 -139.846
15 94 76.5616 -140.394
15 95 76.8296 -140.958
15 96 77.0941 -141.539
15 97 77.3551 -142.137
15 98 77.6125 -142.754
15 99 77.8663 -143.388
15 100 78.1163 -144.043
15 101 78.3625 -144.717
15 102 78.6049 -145.411
15 103 78.8433 -146.127
15 104 79.0778 -146.864
15 105 79.3082 -147.624
15 106 79.5345 -148.407
15 107 79.7566 -149.214
15 108 79.9744 -150.046
15 109 80.1879 -150.903
15 110 80.3969 -151.785
16 1 44.3167 -120.392
16 2 44.7954 -120.487
16 3 45.238 -120.566
16 4 45.6649 -120.638
16 5 46.0828 -120.706
16 6 46.4948 -120.773
16 7 46.9028 -120.838
16 8 47.3077 -120.903
16 9 47.7102 -120.967
16 10 48.1108 -121.032
16 11 48.5097 -121.097
16 12 48.9072 -121.163
16 13 49.3034 -121.229
16 14 49.6984 -121.295
16 15 49.4323 -121.064
16 16 49.8416 -121.142
16 17 50.2448 -121.22
16 18 50.6426 -121.295
16 19 51.0356 -121.37
16 20 51.4242 -121.444
16 21 51.8085 -121.517
16 22 52.1888 -121.59
16 23 52.5654 -121.663
16 24 52.9382 -121.735
16 25 53.3073 -121.807
16 26 53.6728 -121.879
16 27 54.0348 -121.951
16 28 54.3931 -122.023
16 29 54.7478 -122.095
16 30 55.0989 -122.166
16 31 55.4462 -122.238
16 32 55.7898 -122.31
16 33 56.1296 -122.381
16 34 56.4656 -122.453
16 35 56.7976 -122.524
16 36 57.1256 -122.595
16 37 57.4495 -122.667
16 38 57.7692 -122.737
16 39 58.0847 -122.808
16 40 58.3958 -122.878
16 41 58.7026 -122.948
16 42 59.0048 -123.018
16 43 59.3024 -123.086
16 44 59.5953 -123.155
16 45 60.2486 -122.881
16 46 60.6474 -122.997
16 47 61.0437 -123.115
16 48 61.4376 -123.235
16 49 61.8292 -123.356
16 50 62.2186 -123.478
16 51 62.6058 -123.602
16 52 62.9908 -123.728
16 53 63.3738 -123.856
16 54 63.7547 -123.985
16 55 64.1335 -124.117
16 56 64.5103 -124.251
16 57 64.8851 -124.388
16 58 65.258 -124.526
16 59 65.6288 -124.668
16 60 65.9977 -124.812
16 61 66.3646 -124.959
16 62 66.7295 -125.108
16 63 67.0924 -125.261
16 64 67.4534 -125.417
16 65 67.8123 -125.576
16 66 68.1692 -125.739
16 67 68.5241 -125.905
16 68 68.877 -126.075
16 69 69.2277 -126.248
16 70 69.5764 -126.426
16 71 69.923 -126.607
16 72 70.2675 -126.794
16 73 70.6099 -126.984
16 74 70.95 -127.179
16 75 71.288 -127.379
16 76 71.6237 -127.584
16 77 71.9572 -127.795
16 78 72.2884 -128.01
16 79 72.6173 -128.232
16 80 72.9439 -128.459
16 81 73.2681 -128.692
16 82 73.59 -128.932
16 83 73.9094 -129.179
16 84 74.2263 -129.432
16 85 74.5408 -129.693
16 86 74.8527 -129.961
16 87 75.1621 -130.237
16 88 75.4689 -130.522
16 89 75.773 -130.814
16 90 76.0745 -131.116
16 91 76.3733 -131.427
16 92 76.6694 -131.748
16 93 76.9627 -132.079
16 94 77.2533 -132.421
16 95 77.5409 -132.774
16 96 77.8258 -133.139
16 97 78.1076 -133.515
16 98 78.3866 -133.905
16 99 78.6625 -134.308
16 100 78.9354 -134.726
16 101 79.2052 -135.158
16 102 79.4719 -135.605
16 103 79.7355 -136.069
16 104 79.9958 -136.55
16 105 80.2529 -137.049
16 106 80.5067 -137.567
16 107 80.7571 -138.105
16 108 81.0041 -138.664
16 109 81.2477 -139.246
16 110 81.4878 -139.85
17 1 44.315 -120.263
17 2 44.7978 -120.327
17 3 45.2432 -120.373
17 4 45.6724 -120.412
17 5 46.0924 -120.447
17 6 46.5064 -120.479
17 7 46.9163 -120.509
17 8 47.3231 -120.539
17 9 47.7275 -120.568
17 10 48.13 -120.596
17 11 48.5309 -120.625
17 12 48.9303 -120.653
17 13 49.3284 -120.681
17 14 49.7254 -120.709
17 15 49.4506 -120.46
17 16 49.8623 -120.502
17 17 50.268 -120.54
17 18 50.6681 -120.577
17 19 51.0634 -120.613
17 20 51.4542 -120.647
17 21 51.8407 -120.68
17 22 52.2232 -120.712
17 23 52.6019 -120.743
17 24 52.9768 -120.774
17 25 53.3481 -120.804
17 26 53.7157 -120.833
17 27 54.0797 -120.862
17 28 54.4401 -120.89
17 29 54.7969 -120.918
17 30 55.1501 -120.945
17 31 55.4995 -120.972
17 32 55.8452 -120.998
17 33 56.187 -121.024
17 34 56.525 -121.049
17 35 56.8591 -121.074
17 36 57.1891 -121.098
17 37 57.515 -121.122
17 38 57.8368 -121.145
17 39 58.1542 -121.168
17 40 58.4674 -121.19
17 41 58.7761 -121.211
17 42 59.0802 -121.231
17 43 59.3798 -121.251
17 44 59.6746 -121.27
17 45 60.3149 -120.782
17 46 60.7172 -120.832
17 47 61.117 -120.881
17 48 61.5145 -120.93
17 49 61.9097 -120.979
17 50 62.3027 -121.028
17 51 62.6935 -121.077
17 52 63.0823 -121.126
17 53 63.4689 -121.175
17 54 63.8536 -121.224
17 55 64.2363 -121.273
17 56 64.617 -121.323
17 57 64.9958 -121.372
17 58 65.3726 -121.422
17 59 65.7475 -121.472
17 60 66.1205 -121.523
17 61 66.4917 -121.574
17 62 66.8609 -121.626
17 63 67.2282 -121.678
17 64 67.5935 -121.73
17 65 67.957 -121.783
17 66 68.3186 -121.836
17 67 68.6782 -121.89
17 68 69.0358 -121.945
17 69 69.3915 -122
17 70 69.7453 -122.056
17 71 70.097 -122.113
17 72 70.4467 -122.17
17 73 70.7944 -122.228
17 74 71.1401 -122.287
17 75 71.4836 -122.346
17 76 71.8251 -122.406
17 77 72.1645 -122.468
17 78 72.5018 -122.53
17 79 72.8369 -122.593
17 80 73.1698 -122.656
17 81 73.5005 -122.721
17 82 73.829 -122.787
17 83 74.1552 -122.854
17 84 74.4792 -122.921
17 85 74.8009 -122.99
17 86 75.1203 -123.06
17 87 75.4373 -123.131
17 88 75.7519 -123.203
17 89 76.0641 -123.276
17 90 76.3739 -123.351
17 91 76.6813 -123.426
17 92 76.9862 -123.503
17 93 77.2886 -123.581
17 94 77.5885 -123.66
17 95 77.8858 -123.741
17 96 78.1806 -123.823
17 97 78.4728 -123.907
17 98 78.7623 -123.992
17 99 79.0492 -124.078
17 100 79.3334 -124.166
17 101 79.615 -124.255
17 102 79.8938 -124.346
17 103 80.1699 -124.438
17 104 80.4432 -124.532
17 105 80.7138 -124.628
17 106 80.9815 -124.725
17 107 81.2464 -124.824
17 108 81.5085 -124.924
17 109 81.7677 -125.026
17 110 82.024 -125.13
18 1 44.3061 -120.133
18 2 44.7923 -120.166
18 3 45.2394 -120.18
18 4 45.6697 -120.185
18 5 46.0905 -120.186
18 6 46.5052 -120.184
18 7 46.9157 -120.18
18 8 47.323 -120.174
18 9 47.7279 -120.167
18 10 48.1309 -120.159
18 11 48.5321 -120.151
18 12 48.9319 -120.142
18 13 49.3305 -120.132
18 14 49.7278 -120.122
18 15 49.4415 -119.855
18 16 49.8543 -119.858
18 17 50.2609 -119.858
18 18 50.6619 -119.856
18 19 51.0579 -119.852
18 20 51.4493 -119.847
18 21 51.8364 -119.839
18 22 52.2194 -119.83
18 23 52.5986 -119.82
18 24 52.9739 -119.809
18 25 53.3456 -119.796
18 26 53.7136 -119.783
18 27 54.0779 -119.768
18 28 54.4386 -119.752
18 29 54.7956 -119.736
18 30 55.1489 -119.718
18 31 55.4985 -119.7
18 32 55.8444 -119.68
18 33 56.1863 -119.66
18 34 56.5244 -119.639
18 35 56.8585 -119.617
18 36 57.1886 -119.594
18 37 57.5145 -119.57
18 38 57.8362 -119.545
18 39 58.1536 -119.519
18 40 58.4666 -119.492
18 41 58.7752 -119.464
18 42 59.0792 -119.435
18 43 59.3785 -119.405
18 44 59.6731 -119.374
18 45 60.2864 -118.672
18 46 60.6895 -118.654
18 47 61.0901 -118.634
18 48 61.4882 -118.612
18 49 61.8841 -118.588
18 50 62.2776 -118.563
18 51 62.669 -118.536
18 52 63.0582 -118.506
18 53 63.4454 -118.476
18 54 63.8304 -118.443
18 55 64.2135 -118.408
18 56 64.5945 -118.372
18 57 64.9736 -118.334
18 58 65.3506 -118.294
18 59 65.7258 -118.251
18 60 66.0989 -118.207
18 61 66.4702 -118.161
18 62 66.8394 -118.112
18 63 67.2068 -118.061
18 64 67.5722 -118.008
18 65 67.9356 -117.953
18 66 68.2971 -117.895
18 67 68.6565 -117.834
18 68 69.014 -117.771
18 69 69.3695 -117.705
18 70 69.7229 -117.636
18 71 70.0743 -117.564
18 72 70.4237 -117.489
18 73 70.7709 -117.411
18 74 71.1161 -117.329
18 75 71.4591 -117.244
18 76 71.8 -117.155
18 77 72.1387 -117.062
18 78 72.4752 -116.965
18 79 72.8094 -116.864
18 80 73.1414 -116.758
18 81 73.4711 -116.648
18 82 73.7986 -116.533
18 83 74.1236 -116.412
18 84 74.4463 -116.286
18 85 74.7666 -116.154
18 86 75.0845 -116.016
18 87 75.3998 -115.872
18 88 75.7127 -115.721
18 89 76.0231 -115.563
18 90 76.3309 -115.397
18 91 76.6361 -115.224
18 92 76.9387 -115.042
18 93 77.2386 -114.851
18 94 77.5358 -114.651
18 95 77.8302 -114.441
18 96 78.1219 -114.22
18 97 78.4107 -113.988
18 98 78.6967 -113.744
18 99 78.9798 -113.488
18 100 79.26 -113.218
18 101 79.5371 -112.934
18 102 79.8113 -112.635
18 103 80.0823 -112.319
18 104 80.3503 -111.986
18 105 80.615 -111.635
18 106 80.8766 -111.264
18 107 81.1348 -110.873
18 108 81.3897 -110.458
18 109 81.6413 -110.02
18 110 81.8893 -109.556
19 1 44.2897 -120.001
19 2 44.7789 -120.004
19 3 45.2266 -119.985
19 4 45.6569 -119.958
19 5 46.0772 -119.925
19 6 46.4913 -119.889
19 7 46.901 -119.85
19 8 47.3074 -119.809
19 9 47.7113 -119.767
19 10 48.1132 -119.723
19 11 48.5134 -119.677
19 12 48.9121 -119.631
19 13 49.3095 -119.583
19 14 49.7056 -119.535
19 15 49.4047 -119.248
19 16 49.8173 -119.214
19 17 50.2233 -119.176
19 18 50.6237 -119.136
19 19 51.0189 -119.092
19 20 51.4093 -119.047
19 21 51.7954 -118.999
19 22 52.1773 -118.95
19 23 52.5553 -118.898
19 24 52.9293 -118.845
19 25 53.2996 -118.79
19 26 53.6662 -118.734
19 27 54.029 -118.676
19 28 54.3881 -118.616
19 29 54.7436 -118.556
19 30 55.0952 -118.493
19 31 55.4431 -118.43
19 32 55.7872 -118.365
19 33 56.1273 -118.299
19 34 56.4635 -118.231
19 35 56.7957 -118.163
19 36 57.1238 -118.093
19 37 57.4477 -118.021
19 38 57.7673 -117.948
19 39 58.0825 -117.874
19 40 58.3934 -117.799
19 41 58.6996 -117.723
19 42 59.0013 -117.645
19 43 59.2983 -117.565
19 44 59.5904 -117.485
19 45 60.1626 -116.572
19 46 60.5637 -116.487
19 47 60.9622 -116.398
19 48 61.3582 -116.306
19 49 61.7517 -116.211
19 50 62.1428 -116.112
19 51 62.5316 -116.009
19 52 62.9181 -115.904
19 53 63.3024 -115.794
19 54 63.6845 -115.681
19 55 64.0644 -115.564
19 56 64.4422 -115.443
19 57 64.8179 -115.318
19 58 65.1914 -115.19
19 59 65.5629 -115.057
19 60 65.9322 -114.919
19 61 66.2995 -114.777
19 62 66.6646 -114.631
19 63 67.0277 -114.48
19 64 67.3886 -114.323
19 65 67.7474 -114.162
19 66 68.1041 -113.996
19 67 68.4586 -113.824
19 68 68.8109 -113.646
19 69 69.161 -113.462
19 70 69.5089 -113.272
19 71 69.8545 -113.076
19 72 70.1979 -112.874
19 73 70.5389 -112.664
19 74 70.8776 -112.447
19 75 71.2139 -112.223
19 76 71.5478 -111.991
19 77 71.8793 -111.751
19 78 72.2082 -111.502
19 79 72.5347 -111.245
19 80 72.8585 -110.978
19 81 73.1798 -110.702
19 82 73.4984 -110.416
19 83 73.8144 -110.12
19 84 74.1276 -109.812
19 85 74.438 -109.493
19 86 74.7455 -109.162
19 87 75.0502 -108.819
19 88 75.3519 -108.463
19 89 75.6506 -108.093
19 90 75.9463 -107.708
19 91 76.2388 -107.309
19 92 76.5282 -106.894
19 93 76.8144 -106.463
19 94 77.0972 -106.014
19 95 77.3767 -105.548
19 96 77.6527 -105.062
19 97 77.9252 -104.557
19 98 78.1941 -104.032
19 99 78.4594 -103.484
19 100 78.7209 -102.914
19 101 78.9786 -102.32
19 102 79.2323 -101.702
19 103 79.482 -101.057
19 104 79.7276 -100.385
19 105 79.969 -99.6848
19 106 80.2061 -98.9548
19 107 80.4387 -98.1938
19 108 80.6668 -97.4005
19 109 80.8903 -96.5734
19 110 81.1089 -95.7112
20 1 44.2654 -119.87
20 2 44.7572 -119.842
20 3 45.2046 -119.792
20 4 45.6337 -119.732
20 5 46.0524 -119.666
20 6 46.4645 -119.596
20 7 46.872 -119.522
20 8 47.2762 -119.446
20 9 47.6777 -119.368
20 10 48.0771 -119.288
20 11 48.4747 -119.206
20 12 48.8708 -119.123
20 13 49.2654 -119.038
20 14 49.6588 -118.951
20 15 49.34 -118.645
20 16 49.7509 -118.573
20 17 50.1551 -118.498
20 18 50.5533 -118.419
20 19 50.9462 -118.337
20 20 51.3342 -118.252
20 21 51.7176 -118.165
20 22 52.0968 -118.075
20 23 52.4719 -117.982
20 24 52.843 -117.888
20 25 53.2102 -117.791
20 26 53.5735 -117.693
20 27 53.9331 -117.592
20 28 54.2889 -117.49
20 29 54.6409 -117.385
20 30 54.9891 -117.279
20 31 55.3334 -117.172
20 32 55.6738 -117.062
20 33 56.0102 -116.951
20 34 56.3425 -116.838
20 35 56.6708 -116.723
20 36 56.9949 -116.607
20 37 57.3147 -116.489
20 38 57.6302 -116.369
20 39 57.9413 -116.248
20 40 58.2478 -116.125
20 41 58.5498 -116.001
20 42 58.847 -115.875
20 43 59.1395 -115.748
20 44 59.427 -115.619
20 45 59.9434 -114.503
20 46 60.34 -114.353
20 47 60.7337 -114.198
20 48 61.1247 -114.038
20 49 61.5131 -113.873
20 50 61.8988 -113.704
20 51 62.282 -113.529
20 52 62.6627 -113.35
20 53 63.0409 -113.165
20 54 63.4168 -112.975
20 55 63.7903 -112.779
20 56 64.1614 -112.578
20 57 64.5301 -112.371
20 58 64.8966 -112.157
20 59 65.2606 -111.938
20 60 65.6224 -111.713
20 61 65.9818 -111.481
20 62 66.3388 -111.242
20 63 66.6935 -110.997
20 64 67.0458 -110.744
20 65 67.3956 -110.484
20 66 67.7431 -110.217
20 67 68.0881 -109.942
20 68 68.4305 -109.658
20 69 68.7705 -109.366
20 70 69.1079 -109.066
20 71 69.4427 -108.756
20 72 69.7749 -108.437
20 73 70.1044 -108.109
20 74 70.4311 -107.77
20 75 70.7551 -107.422
20 76 71.0763 -107.062
20 77 71.3946 -106.692
20 78 71.71 -106.31
20 79 72.0225 -105.916
20 80 72.3318 -105.51
20 81 72.6381 -105.091
20 82 72.9413 -104.658
20 83 73.2412 -104.212
20 84 73.5378 -103.752
20 85 73.8311 -103.278
20 86 74.121 -102.787
20 87 74.4073 -102.282
20 88 74.6901 -101.759
20 89 74.9692 -101.22
20 90 75.2447 -100.664
20 91 75.5163 -100.089
20 92 75.784 -99.4958
20 93 76.0477 -98.8832
20 94 76.3073 -98.2507
20 95 76.5628 -97.5976
20 96 76.814 -96.9234
20 97 77.0609 -96.2273
20 98 77.3033 -95.5089
20 99 77.5412 -94.7674
20 100 77.7744 -94.0022
20 101 78.0028 -93.2128
20 102 78.2263 -92.3986
20 103 78.4449 -91.5592
20 104 78.6583 -90.6938
20 105 78.8665 -89.8023
20 106 79.0694 -88.8841
20 107 79.2669 -87.9389
20 108 79.4588 -86.9664
20 109 79.645 -85.9666
20 110 79.8254 -84.9392
21 1 44.2325 -119.737
21 2 44.727 -119.68
21 3 45.1734 -119.599
21 4 45.6001 -119.507
21 5 46.0159 -119.408
21 6 46.4248 -119.304
21 7 46.8288 -119.197
21 8 47.2293 -119.086
21 9 47.6271 -118.973
21 10 48.0226 -118.858
21 11 48.4162 -118.74
21 12 48.8081 -118.62
21 13 49.1986 -118.498
21 14 49.5876 -118.373
21 15 49.2472 -118.047
21 16 49.6551 -117.939
21 17 50.056 -117.826
21 18 50.4507 -117.71
21 19 50.8398 -117.59
21 20 51.2238 -117.466
21 21 51.6031 -117.339
21 22 51.9779 -117.21
21 23 52.3485 -117.078
21 24 52.715 -116.943
21 25 53.0774 -116.806
21 26 53.4359 -116.666
21 27 53.7905 -116.524
21 28 54.1412 -116.379
21 29 54.488 -116.232
21 30 54.8308 -116.084
21 31 55.1697 -115.933
21 32 55.5046 -115.779
21 33 55.8353 -115.624
21 34 56.162 -115.467
21 35 56.4844 -115.308
21 36 56.8026 -115.147
21 37 57.1164 -114.984
21 38 57.4258 -114.819
21 39 57.7307 -114.653
21 40 58.031 -114.484
21 41 58.3265 -114.314
21 42 58.6173 -114.142
21 43 58.9032 -113.969
21 44 59.1841 -113.794
21 45 59.6296 -112.486
21 46 60.0192 -112.274
21 47 60.4057 -112.056
21 48 60.7891 -111.832
21 49 61.1696 -111.602
21 50 61.5472 -111.366
21 51 61.922 -111.124
21 52 62.294 -110.875
21 53 62.6633 -110.62
21 54 63.0299 -110.358
21 55 63.3938 -110.089
21 56 63.7551 -109.813
21 57 64.1137 -109.53
21 58 64.4697 -109.24
21 59 64.823 -108.942
21 60 65.1737 -108.636
21 61 65.5217 -108.323
21 62 65.867 -108.001
21 63 66.2096 -107.67
21 64 66.5495 -107.331
21 65 66.8866 -106.983
21 66 67.2209 -106.626
21 67 67.5523 -106.259
21 68 67.8809 -105.883
21 69 68.2065 -105.497
21 70 68.5292 -105.1
21 71 68.8489 -104.693
21 72 69.1654 -104.275
21 73 69.4789 -103.845
21 74 69.7892 -103.404
21 75 70.0962 -102.951
21 76 70.4 -102.486
21 77 70.7004 -102.009
21 78 70.9973 -101.518
21 79 71.2908 -101.014
21 80 71.5807 -100.497
21 81 71.8669 -99.9656
21 82 72.1494 -99.4198
21 83 72.4282 -98.8593
21 84 72.703 -98.2837
21 85 72.9739 -97.6927
21 86 73.2408 -97.0858
21 87 73.5035 -96.4627
21 88 73.762 -95.8231
21 89 74.0163 -95.1666
21 90 74.2661 -94.4929
21 91 74.5115 -93.8016
21 92 74.7522 -93.0925
21 93 74.9884 -92.3652
21 94 75.2197 -91.6196
21 95 75.4462 -90.8553
21 96 75.6678 -90.0722
21 97 75.8843 -89.2701
21 98 76.0956 -88.4489
21 99 76.3017 -87.6085
21 100 76.5025 -86.7489
21 101 76.6978 -85.87
21 102 76.8876 -84.9719
21 103 77.0718 -84.0549
21 104 77.2502 -83.119
21 105 77.4229 -82.1645
21 106 77.5897 -81.1919
21 107 77.7505 -80.2015
21 108 77.9053 -79.1939
21 109 78.054 -78.1695
21 110 78.1966 -77.1293
22 1 44.19 -119.604
22 2 44.688 -119.519
22 3 45.1326 -119.408
22 4 45.5561 -119.284
22 5 45.9678 -119.153
22 6 46.3722 -119.016
22 7 46.7715 -118.875
22 8 47.167 -118.731
22 9 47.5596 -118.584
22 10 47.9498 -118.433
22 11 48.3379 -118.28
22 12 48.7243 -118.124
22 13 49.109 -117.966
22 14 49.4923 -117.805
22 15 49.1258 -117.456
22 16 49.5296 -117.313
22 17 49.926 -117.164
22 18 50.3157 -117.011
22 19 50.6997 -116.854
22 20 51.0782 -116.693
22 21 51.4519 -116.528
22 22 51.8209 -116.36
22 23 52.1854 -116.189
22 24 52.5457 -116.015
22 25 52.9017 -115.838
22 26 53.2537 -115.659
22 27 53.6016 -115.476
22 28 53.9455 -115.291
22 29 54.2854 -115.103
22 30 54.6211 -114.913
22 31 54.9528 -114.721
22 32 55.2803 -114.526
22 33 55.6037 -114.329
22 34 55.9228 -114.129
22 35 56.2376 -113.927
22 36 56.548 -113.724
22 37 56.8539 -113.518
22 38 57.1553 -113.31
22 39 57.452 -113.1
22 40 57.7441 -112.888
22 41 58.0313 -112.675
22 42 58.3136 -112.459
22 43 58.591 -112.242
22 44 58.8632 -112.024
22 45 59.2226 -110.538
22 46 59.603 -110.268
22 47 59.9798 -109.992
22 48 60.3533 -109.709
22 49 60.7236 -109.419
22 50 61.0906 -109.122
22 51 61.4544 -108.818
22 52 61.8152 -108.506
22 53 62.1729 -108.187
22 54 62.5275 -107.86
22 55 62.8792 -107.526
22 56 63.2278 -107.183
22 57 63.5735 -106.832
22 58 63.9161 -106.473
22 59 64.2557 -106.105
22 60 64.5923 -105.729
22 61 64.9259 -105.344
22 62 65.2564 -104.949
22 63 65.5838 -104.545
22 64 65.908 -104.132
22 65 66.2291 -103.709
22 66 66.5469 -103.276
22 67 66.8616 -102.832
22 68 67.1729 -102.378
22 69 67.4808 -101.914
22 70 67.7853 -101.438
22 71 68.0864 -100.951
22 72 68.384 -100.453
22 73 68.6779 -99.9429
22 74 68.9682 -99.421
22 75 69.2548 -98.8869
22 76 69.5376 -98.3405
22 77 69.8165 -97.7813
22 78 70.0915 -97.2094
22 79 70.3625 -96.6243
22 80 70.6294 -96.0258
22 81 70.8922 -95.4139
22 82 71.1507 -94.7882
22 83 71.4048 -94.1486
22 84 71.6546 -93.4949
22 85 71.8999 -92.827
22 86 72.1406 -92.1446
22 87 72.3767 -91.4478
22 88 72.608 -90.7363
22 89 72.8345 -90.0102
22 90 73.0561 -89.2693
22 91 73.2727 -88.5137
22 92 73.4842 -87.7433
22 93 73.6906 -86.9582
22 94 73.8917 -86.1585
22 95 74.0875 -85.3443
22 96 74.2779 -84.5158
22 97 74.4628 -83.6732
22 98 74.6422 -82.8167
22 99 74.8159 -81.9467
22 100 74.984 -81.0634
22 101 75.1463 -80.1673
22 102 75.3028 -79.2589
22 103 75.4534 -78.3386
22 104 75.5981 -77.407
22 105 75.7368 -76.4648
22 106 75.8696 -75.5126
22 107 75.9963 -74.5511
22 108 76.1169 -73.5811
22 109 76.2315 -72.6035
22 110 76.34 -71.6192
23 1 44.1366 -119.469
23 2 44.6396 -119.36
23 3 45.0821 -119.218
23 4 45.5014 -119.064
23 5 45.908 -118.901
23 6 46.3068 -118.732
23 7 46.7 -118.559
23 8 47.0893 -118.381
23 9 47.4754 -118.2
23 10 47.8589 -118.016
23 11 48.2402 -117.828
23 12 48.6195 -117.638
23 13 48.9972 -117.444
23 14 49.3732 -117.247
23 15 48.9755 -116.876
23 16 49.3742 -116.698
23 17 49.7648 -116.514
23 18 50.1485 -116.326
23 19 50.5259 -116.133
23 20 50.8977 -115.936
23 21 51.2643 -115.734
23 22 51.6259 -115.53
23 23 51.9829 -115.321
23 24 52.3355 -115.11
23 25 52.6836 -114.895
23 26 53.0275 -114.677
23 27 53.3671 -114.456
23 28 53.7026 -114.232
23 29 54.0338 -114.005
23 30 54.3608 -113.776
23 31 54.6836 -113.544
23 32 55.0021 -113.309
23 33 55.3163 -113.072
23 34 55.6261 -112.832
23 35 55.9315 -112.59
23 36 56.2323 -112.346
23 37 56.5286 -112.1
23 38 56.8201 -111.852
23 39 57.107 -111.601
23 40 57.389 -111.349
23 41 57.666 -111.095
23 42 57.9381 -110.839
23 43 58.205 -110.581
23 44 58.4668 -110.322
23 45 58.7239 -108.675
23 46 59.0931 -108.353
23 47 59.4584 -108.025
23 48 59.8199 -107.688
23 49 60.1778 -107.344
23 50 60.5321 -106.992
23 51 60.8828 -106.633
23 52 61.2301 -106.265
23 53 61.5739 -105.89
23 54 61.9143 -105.506
23 55 62.2513 -105.113
23 56 62.585 -104.713
23 57 62.9152 -104.303
23 58 63.2421 -103.885
23 59 63.5655 -103.458
23 60 63.8856 -103.021
23 61 64.2022 -102.575
23 62 64.5153 -102.12
23 63 64.825 -101.655
23 64 65.131 -101.181
23 65 65.4336 -100.696
23 66 65.7324 -100.201
23 67 66.0276 -99.6963
23 68 66.3191 -99.1808
23 69 66.6068 -98.6547
23 70 66.8907 -98.1177
23 71 67.1706 -97.5699
23 72 67.4466 -97.011
23 73 67.7186 -96.4409
23 74 67.9864 -95.8594
23 75 68.2502 -95.2665
23 76 68.5096 -94.662
23 77 68.7648 -94.0458
23 78 69.0156 -93.4179
23 79 69.262 -92.7781
23 80 69.5039 -92.1265
23 81 69.7411 -91.4628
23 82 69.9737 -90.7873
23 83 70.2015 -90.0998
23 84 70.4246 -89.4003
23 85 70.6427 -88.6889
23 86 70.8559 -87.9657
23 87 71.064 -87.2307
23 88 71.267 -86.4841
23 89 71.4649 -85.726
23 90 71.6575 -84.9566
23 91 71.8448 -84.1761
23 92 72.0267 -83.3847
23 93 72.2032 -82.5827
23 94 72.3741 -81.7705
23 95 72.5395 -80.9483
23 96 72.6994 -80.1165
23 97 72.8535 -79.2756
23 98 73.002 -78.4261
23 99 73.1447 -77.5683
23 100 73.2817 -76.7029
23 101 73.4128 -75.8303
23 102 73.5382 -74.9513
23 103 73.6577 -74.0664
23 104 73.7713 -73.1762
23 105 73.879 -72.2815
23 106 73.9809 -71.383
23 107 74.077 -70.4815
23 108 74.1672 -69.5777
23 109 74.2515 -68.6723
23 110 74.3301 -67.7663
