16 225 2999 31556736
0 0.000000 180 45
0 1 54.7813 -123.878
0 2 55.2213 -124.248
0 3 55.6173 -124.618
0 4 55.9939 -124.991
0 5 56.3589 -125.368
0 6 56.7162 -125.751
0 7 57.0678 -126.14
0 8 57.4148 -126.535
0 9 57.758 -126.937
0 10 58.0979 -127.345
0 11 58.4348 -127.76
0 12 58.7689 -128.183
0 13 59.1003 -128.612
0 14 59.4291 -129.05
0 15 59.0755 -129.07
0 16 59.4226 -129.508
0 17 59.7618 -129.953
0 18 60.0937 -130.403
0 19 60.4191 -130.858
0 20 60.7384 -131.32
0 21 61.0518 -131.788
0 22 61.3598 -132.261
0 23 61.6624 -132.741
0 24 61.9598 -133.226
0 25 62.252 -133.718
0 26 62.5392 -134.215
0 27 62.8214 -134.717
0 28 63.0986 -135.225
0 29 63.3708 -135.739
0 30 63.6379 -136.258
0 31 63.9 -136.782
0 32 64.157 -137.311
0 33 64.409 -137.844
0 34 64.6557 -138.382
0 35 64.8973 -138.924
0 36 65.1336 -139.47
0 37 65.3647 -140.02
0 38 65.5904 -140.573
0 39 65.8107 -141.129
0 40 66.0255 -141.688
0 41 66.2349 -142.248
0 42 66.4388 -142.811
0 43 66.6371 -143.375
0 44 66.8298 -143.94
0 45 66.954 -145.774
0 46 67.2204 -146.553
0 47 67.4807 -147.344
0 48 67.7348 -148.15
0 49 67.9829 -148.97
0 50 68.2248 -149.803
0 51 68.4607 -150.65
0 52 68.6904 -151.512
0 53 68.9139 -152.387
0 54 69.1312 -153.276
0 55 69.3422 -154.179
0 56 69.5469 -155.095
0 57 69.7453 -156.025
0 58 69.9372 -156.968
0 59 70.1227 -157.925
0 60 70.3016 -158.893
0 61 70.4739 -159.874
0 62 70.6396 -160.867
0 63 70.7986 -161.872
0 64 70.9508 -162.887
0 65 71.0962 -163.913
0 66 71.2348 -164.949
0 67 71.3664 -165.995
0 68 71.4911 -167.049
0 69 71.6089 -168.111
0 70 71.7197 -169.18
0 71 71.8235 -170.256
0 72 71.9203 -171.337
0 73 72.0101 -172.423
0 74 72.0929 -173.514
0 75 72.1687 -174.607
0 76 72.2376 -175.703
0 77 72.2995 -176.799
0 78 72.3546 -177.897
0 79 72.4028 -178.993
0 80 72.4442 179.912
0 81 72.479 178.819
0 82 72.5071 177.73
0 83 72.5287 176.646
0 84 72.5439 175.566
0 85 72.5527 174.493
0 86 72.5553 173.427
0 87 72.5518 172.369
0 88 72.5423 171.319
0 89 72.527 170.279
0 90 72.5059 169.249
0 91 72.4793 168.23
0 92 72.4473 167.223
0 93 72.41 166.228
0 94 72.3677 165.246
0 95 72.3203 164.277
0 96 72.2682 163.323
0 97 72.2115 162.382
0 98 72.1504 161.456
0 99 72.0849 160.546
0 100 72.0154 159.651
0 101 71.9419 158.771
0 102 71.8647 157.908
0 103 71.7838 157.061
0 104 71.6996 156.23
0 105 71.6121 155.415
0 106 71.5215 154.618
0 107 71.428 153.837
0 108 71.3317 153.072
0 109 71.2328 152.325
0 110 71.1315 151.594
0 111 71.0279 150.88
0 112 70.9222 150.182
0 113 70.8144 149.501
0 114 70.7049 148.837
0 115 70.5936 148.189
0 116 70.4808 147.557
0 117 70.3666 146.941
0 118 70.2511 146.341
0 119 70.1345 145.757
0 120 70.0168 145.188
0 121 69.8982 144.635
0 122 69.7788 144.097
0 123 69.6587 143.575
0 124 69.5381 143.067
0 125 69.417 142.573
0 126 69.2956 142.094
0 127 69.1739 141.63
0 128 69.0521 141.179
0 129 68.9302 140.742
0 130 68.8083 140.319
0 131 68.6866 139.909
0 132 68.5651 139.513
0 133 68.4438 139.129
0 134 68.3229 138.759
0 135 68.2025 138.401
0 136 68.0825 138.055
0 137 67.9632 137.722
0 138 67.8445 137.401
0 139 67.7265 137.091
0 140 67.6093 136.794
0 141 67.4929 136.508
0 142 67.3774 136.233
0 143 67.2628 135.97
0 144 67.1492 135.717
0 145 67.0367 135.476
0 146 66.9253 135.245
0 147 66.8149 135.025
0 148 66.7058 134.815
0 149 66.5978 134.616
0 150 66.4911 134.426
0 151 66.3857 134.247
0 152 66.2816 134.078
0 153 66.1789 133.919
0 154 66.0775 133.77
0 155 65.9775 133.63
0 156 65.879 133.499
0 157 65.7819 133.378
0 158 65.6862 133.267
0 159 65.5921 133.164
0 160 65.4995 133.071
0 161 65.4084 132.987
0 162 65.3188 132.912
0 163 65.2308 132.846
0 164 65.1443 132.789
0 165 65.0594 132.74
0 166 64.9761 132.701
0 167 64.8944 132.67
0 168 64.8142 132.648
0 169 64.7357 132.634
0 170 64.6587 132.629
0 171 64.5834 132.633
0 172 64.5096 132.645
0 173 64.4374 132.665
0 174 64.3667 132.694
0 175 64.2977 132.732
0 176 64.2302 132.778
0 177 64.1642 132.832
0 178 64.0998 132.895
0 179 64.0369 132.967
0 180 63.9755 133.046
0 181 63.9156 133.134
0 182 63.8572 133.231
0 183 63.8002 133.336
0 184 63.7447 133.45
0 185 63.6905 133.572
0 186 63.6378 133.702
0 187 63.5864 133.841
0 188 63.5363 133.989
0 189 63.4874 134.145
0 190 63.4399 134.31
0 191 63.3935 134.483
0 192 63.3484 134.666
0 193 63.3044 134.857
0 194 63.2614 135.057
0 195 63.2196 135.265
0 196 63.1787 135.483
0 197 63.1388 135.71
0 198 63.0998 135.945
0 199 63.0617 136.19
0 200 63.0243 136.444
0 201 62.9877 136.707
0 202 62.9518 136.98
0 203 62.9165 137.262
0 204 62.8817 137.554
0 205 62.8474 137.855
0 206 62.8135 138.166
0 207 62.78 138.486
0 208 62.7467 138.816
0 209 62.7136 139.157
0 210 62.6805 139.507
0 211 62.6474 139.868
0 212 62.6143 140.239
0 213 62.5809 140.62
0 214 62.5472 141.011
0 215 62.5131 141.414
0 216 62.4785 141.827
0 217 62.4433 142.25
0 218 62.4073 142.685
0 219 62.3704 143.131
0 220 62.3325 143.587
0 221 62.2935 144.055
0 222 62.2531 144.535
0 223 62.2113 145.026
0 224 62.168 145.529
0 225 62.1228 146.043
1 1 54.8369 -123.743
1 2 55.284 -124.077
1 3 55.6896 -124.411
1 4 56.0767 -124.747
1 5 56.4528 -125.088
1 6 56.8216 -125.433
1 7 57.185 -125.785
1 8 57.5442 -126.142
1 9 57.8999 -126.505
1 10 58.2525 -126.875
1 11 58.6023 -127.251
1 12 58.9496 -127.634
1 13 59.2945 -128.024
1 14 59.637 -128.421
1 15 59.3023 -128.435
1 16 59.6621 -128.834
1 17 60.0143 -129.239
1 18 60.3597 -129.649
1 19 60.6989 -130.065
1 20 61.0322 -130.487
1 21 61.3601 -130.915
1 22 61.6827 -131.349
1 23 62.0002 -131.788
1 24 62.3127 -132.234
1 25 62.6204 -132.685
1 26 62.9233 -133.143
1 27 63.2213 -133.606
1 28 63.5146 -134.075
1 29 63.803 -134.55
1 30 64.0867 -135.03
1 31 64.3655 -135.516
1 32 64.6394 -136.007
1 33 64.9083 -136.503
1 34 65.1723 -137.004
1 35 65.4312 -137.51
1 36 65.6851 -138.021
1 37 65.9338 -138.536
1 38 66.1772 -139.055
1 39 66.4154 -139.578
1 40 66.6483 -140.104
1 41 66.8757 -140.633
1 42 67.0978 -141.165
1 43 67.3143 -141.7
1 44 67.5253 -142.236
1 45 67.7496 -143.993
1 46 68.039 -144.739
1 47 68.3226 -145.5
1 48 68.6006 -146.278
1 49 68.8728 -147.071
1 50 69.1393 -147.88
1 51 69.4 -148.706
1 52 69.6549 -149.547
1 53 69.904 -150.406
1 54 70.1471 -151.281
1 55 70.3842 -152.173
1 56 70.6153 -153.082
1 57 70.8403 -154.008
1 58 71.059 -154.95
1 59 71.2714 -155.909
1 60 71.4774 -156.885
1 61 71.677 -157.877
1 62 71.87 -158.885
1 63 72.0563 -159.909
1 64 72.2359 -160.949
1 65 72.4087 -162.004
1 66 72.5746 -163.074
1 67 72.7335 -164.158
1 68 72.8853 -165.255
1 69 73.0299 -166.365
1 70 73.1674 -167.488
1 71 73.2976 -168.622
1 72 73.4206 -169.767
1 73 73.5361 -170.922
1 74 73.6443 -172.085
1 75 73.7451 -173.257
1 76 73.8385 -174.435
1 77 73.9244 -175.619
1 78 74.003 -176.808
1 79 74.0741 -178
1 80 74.1379 -179.194
1 81 74.1943 179.61
1 82 74.2435 178.414
1 83 74.2855 177.22
1 84 74.3203 176.028
1 85 74.3481 174.84
1 86 74.369 173.657
1 87 74.383 172.48
1 88 74.3902 171.31
1 89 74.3909 170.149
1 90 74.3851 168.997
1 91 74.3731 167.855
1 92 74.3548 166.725
1 93 74.3306 165.607
1 94 74.3005 164.502
1 95 74.2648 163.411
1 96 74.2237 162.335
1 97 74.1772 161.275
1 98 74.1256 160.231
1 99 74.0691 159.203
1 100 74.0079 158.193
1 101 73.9422 157.2
1 102 73.8721 156.226
1 103 73.7979 155.27
1 104 73.7198 154.332
1 105 73.6379 153.414
1 106 73.5525 152.515
1 107 73.4637 151.635
1 108 73.3717 150.774
1 109 73.2767 149.933
1 110 73.1789 149.111
1 111 73.0785 148.309
1 112 72.9757 147.525
1 113 72.8706 146.762
1 114 72.7634 146.017
1 115 72.6542 145.291
1 116 72.5433 144.584
1 117 72.4308 143.896
1 118 72.3167 143.227
1 119 72.2014 142.575
1 120 72.0849 141.942
1 121 71.9674 141.326
1 122 71.849 140.728
1 123 71.7298 140.147
1 124 71.61 139.583
1 125 71.4897 139.036
1 126 71.369 138.506
1 127 71.248 137.991
1 128 71.1268 137.493
1 129 71.0056 137.01
1 130 70.8844 136.543
1 131 70.7634 136.091
1 132 70.6426 135.653
1 133 70.5221 135.231
1 134 70.4021 134.822
1 135 70.2825 134.428
1 136 70.1636 134.048
1 137 70.0453 133.681
1 138 69.9277 133.328
1 139 69.8109 132.987
1 140 69.6951 132.66
1 141 69.5801 132.345
1 142 69.4662 132.043
1 143 69.3533 131.753
1 144 69.2415 131.475
1 145 69.1309 131.209
1 146 69.0215 130.955
1 147 68.9134 130.712
1 148 68.8067 130.481
1 149 68.7013 130.26
1 150 68.5972 130.051
1 151 68.4947 129.852
1 152 68.3936 129.664
1 153 68.294 129.487
1 154 68.196 129.32
1 155 68.0996 129.163
1 156 68.0047 129.016
1 157 67.9115 128.879
1 158 67.82 128.752
1 159 67.7302 128.635
1 160 67.642 128.528
1 161 67.5556 128.43
1 162 67.4709 128.342
1 163 67.388 128.263
1 164 67.3069 128.193
1 165 67.2275 128.133
1 166 67.15 128.082
1 167 67.0742 128.04
1 168 67.0003 128.007
1 169 66.9281 127.982
1 170 66.8578 127.967
1 171 66.7894 127.961
1 172 66.7227 127.964
1 173 66.6579 127.975
1 174 66.5949 127.996
1 175 66.5337 128.025
1 176 66.4743 128.063
1 177 66.4168 128.109
1 178 66.361 128.164
1 179 66.307 128.228
1 180 66.2548 128.301
1 181 66.2044 128.383
1 182 66.1557 128.473
1 183 66.1087 128.572
1 184 66.0635 128.68
1 185 66.0199 128.797
1 186 65.978 128.922
1 187 65.9378 129.057
1 188 65.8992 129.2
1 189 65.8622 129.352
1 190 65.8267 129.513
1 191 65.7928 129.683
1 192 65.7604 129.863
1 193 65.7294 130.051
1 194 65.6999 130.249
1 195 65.6718 130.455
1 196 65.645 130.672
1 197 65.6195 130.897
1 198 65.5953 131.132
1 199 65.5723 131.377
1 200 65.5505 131.631
1 201 65.5298 131.895
1 202 65.5101 132.169
1 203 65.4914 132.453
1 204 65.4737 132.747
1 205 65.4569 133.051
1 206 65.4408 133.365
1 207 65.4255 133.69
1 208 65.4109 134.025
1 209 65.3969 134.37
1 210 65.3834 134.727
1 211 65.3703 135.094
1 212 65.3575 135.472
1 213 65.3451 135.861
1 214 65.3327 136.261
1 215 65.3205 136.673
1 216 65.3082 137.096
1 217 65.2958 137.531
1 218 65.2831 137.977
1 219 65.2701 138.436
1 220 65.2565 138.906
1 221 65.2424 139.389
1 222 65.2275 139.884
1 223 65.2117 140.391
1 224 65.195 140.911
1 225 65.177 141.444
2 1 54.8854 -123.604
2 2 55.3393 -123.901
2 3 55.7536 -124.196
2 4 56.1502 -124.495
2 5 56.5363 -124.797
2 6 56.9155 -125.104
2 7 57.2895 -125.416
2 8 57.6596 -125.733
2 9 58.0265 -126.056
2 10 58.3905 -126.385
2 11 58.752 -126.72
2 12 59.1112 -127.061
2 13 59.4682 -127.409
2 14 59.8231 -127.763
2 15 59.5043 -127.769
2 16 59.8757 -128.126
2 17 60.2398 -128.489
2 18 60.5975 -128.856
2 19 60.9491 -129.229
2 20 61.2953 -129.607
2 21 61.6363 -129.992
2 22 61.9722 -130.382
2 23 62.3033 -130.777
2 24 62.6298 -131.179
2 25 62.9515 -131.586
2 26 63.2687 -131.999
2 27 63.5813 -132.418
2 28 63.8893 -132.843
2 29 64.1928 -133.273
2 30 64.4916 -133.709
2 31 64.7858 -134.151
2 32 65.0753 -134.598
2 33 65.3601 -135.051
2 34 65.64 -135.509
2 35 65.9151 -135.972
2 36 66.1852 -136.44
2 37 66.4504 -136.913
2 38 66.7105 -137.39
2 39 66.9654 -137.872
2 40 67.2152 -138.358
2 41 67.4597 -138.847
2 42 67.6989 -139.341
2 43 67.9326 -139.837
2 44 68.1609 -140.336
2 45 68.4775 -141.977
2 46 68.7891 -142.678
2 47 69.0955 -143.397
2 48 69.3967 -144.132
2 49 69.6926 -144.885
2 50 69.9832 -145.655
2 51 70.2685 -146.444
2 52 70.5484 -147.252
2 53 70.8228 -148.078
2 54 71.0918 -148.924
2 55 71.3551 -149.789
2 56 71.6128 -150.674
2 57 71.8647 -151.579
2 58 72.1107 -152.505
2 59 72.3508 -153.451
2 60 72.5847 -154.418
2 61 72.8124 -155.405
2 62 73.0338 -156.414
2 63 73.2487 -157.443
2 64 73.4571 -158.493
2 65 73.6588 -159.563
2 66 73.8536 -160.654
2 67 74.0415 -161.765
2 68 74.2223 -162.896
2 69 74.396 -164.046
2 70 74.5624 -165.214
2 71 74.7213 -166.401
2 72 74.8728 -167.605
2 73 75.0167 -168.825
2 74 75.1528 -170.061
2 75 75.2813 -171.312
2 76 75.4019 -172.576
2 77 75.5146 -173.853
2 78 75.6194 -175.14
2 79 75.7162 -176.438
2 80 75.8051 -177.744
2 81 75.8859 -179.057
2 82 75.9588 179.625
2 83 76.0238 178.302
2 84 76.0808 176.978
2 85 76.13 175.652
2 86 76.1713 174.328
2 87 76.205 173.006
2 88 76.2311 171.689
2 89 76.2497 170.377
2 90 76.2609 169.072
2 91 76.2649 167.777
2 92 76.2618 166.492
2 93 76.2519 165.218
2 94 76.2352 163.958
2 95 76.2119 162.712
2 96 76.1823 161.482
2 97 76.1466 160.268
2 98 76.1049 159.072
2 99 76.0575 157.895
2 100 76.0046 156.737
2 101 75.9464 155.599
2 102 75.8831 154.482
2 103 75.8151 153.387
2 104 75.7424 152.313
2 105 75.6654 151.262
2 106 75.5842 150.234
2 107 75.4991 149.228
2 108 75.4103 148.246
2 109 75.318 147.286
2 110 75.2225 146.35
2 111 75.1239 145.437
2 112 75.0225 144.548
2 113 74.9185 143.681
2 114 74.8121 142.838
2 115 74.7034 142.017
2 116 74.5927 141.218
2 117 74.4802 140.442
2 118 74.366 139.688
2 119 74.2502 138.955
2 120 74.1332 138.244
2 121 74.015 137.554
2 122 73.8958 136.884
2 123 73.7757 136.235
2 124 73.655 135.606
2 125 73.5336 134.997
2 126 73.4119 134.406
2 127 73.2898 133.835
2 128 73.1676 133.282
2 129 73.0454 132.747
2 130 72.9232 132.23
2 131 72.8012 131.73
2 132 72.6794 131.247
2 133 72.5581 130.781
2 134 72.4373 130.331
2 135 72.317 129.897
2 136 72.1975 129.479
2 137 72.0787 129.076
2 138 71.9607 128.688
2 139 71.8437 128.315
2 140 71.7276 127.956
2 141 71.6127 127.611
2 142 71.4989 127.28
2 143 71.3863 126.962
2 144 71.2749 126.658
2 145 71.1649 126.366
2 146 71.0563 126.088
2 147 70.9491 125.822
2 148 70.8434 125.568
2 149 70.7393 125.326
2 150 70.6367 125.096
2 151 70.5358 124.878
2 152 70.4366 124.671
2 153 70.339 124.475
2 154 70.2432 124.29
2 155 70.1492 124.117
2 156 70.057 123.954
2 157 69.9666 123.801
2 158 69.8782 123.659
2 159 69.7916 123.528
2 160 69.7069 123.406
2 161 69.6242 123.295
2 162 69.5434 123.194
2 163 69.4647 123.102
2 164 69.3879 123.02
2 165 69.3131 122.948
2 166 69.2404 122.886
2 167 69.1697 122.833
2 168 69.1011 122.789
2 169 69.0346 122.755
2 170 68.9701 122.73
2 171 68.9077 122.714
2 172 68.8473 122.707
2 173 68.7891 122.71
2 174 68.7329 122.721
2 175 68.6788 122.742
2 176 68.6268 122.772
2 177 68.5769 122.811
2 178 68.529 122.859
2 179 68.4832 122.916
2 180 68.4395 122.982
2 181 68.3978 123.057
2 182 68.3581 123.141
2 183 68.3205 123.234
2 184 68.2849 123.336
2 185 68.2513 123.447
2 186 68.2196 123.568
2 187 68.1899 123.697
2 188 68.1621 123.836
2 189 68.1363 123.984
2 190 68.1123 124.142
2 191 68.0902 124.309
2 192 68.0699 124.485
2 193 68.0515 124.671
2 194 68.0347 124.867
2 195 68.0198 125.072
2 196 68.0065 125.287
2 197 67.9949 125.512
2 198 67.9849 125.747
2 199 67.9765 125.992
2 200 67.9696 126.247
2 201 67.9642 126.513
2 202 67.9603 126.789
2 203 67.9577 127.075
2 204 67.9565 127.372
2 205 67.9565 127.681
2 206 67.9577 127.999
2 207 67.9601 128.33
2 208 67.9636 128.671
2 209 67.9681 129.024
2 210 67.9735 129.388
2 211 67.9798 129.764
2 212 67.9869 130.152
2 213 67.9947 130.552
2 214 68.0031 130.964
2 215 68.012 131.389
2 216 68.0213 131.826
2 217 68.0309 132.276
2 218 68.0408 132.739
2 219 68.0508 133.215
2 220 68.0608 133.705
2 221 68.0707 134.208
2 222 68.0803 134.725
2 223 68.0896 135.256
2 224 68.0983 135.801
2 225 68.1064 136.36
3 1 54.9269 -123.46
3 2 55.3872 -123.719
3 3 55.8093 -123.976
3 4 56.2143 -124.235
3 5 56.6092 -124.497
3 6 56.9975 -124.764
3 7 57.3809 -125.035
3 8 57.7606 -125.311
3 9 58.1373 -125.592
3 10 58.5114 -125.878
3 11 58.8832 -126.169
3 12 59.2529 -126.467
3 13 59.6206 -126.77
3 14 59.9865 -127.079
3 15 59.6808 -127.076
3 16 60.0625 -127.388
3 17 60.4372 -127.705
3 18 60.8058 -128.026
3 19 61.1686 -128.353
3 20 61.5262 -128.685
3 21 61.8789 -129.022
3 22 62.2268 -129.365
3 23 62.5701 -129.712
3 24 62.9089 -130.066
3 25 63.2433 -130.425
3 26 63.5733 -130.789
3 27 63.899 -131.159
3 28 64.2203 -131.534
3 29 64.5372 -131.915
3 30 64.8498 -132.302
3 31 65.1579 -132.693
3 32 65.4615 -133.091
3 33 65.7605 -133.494
3 34 66.055 -133.902
3 35 66.3447 -134.315
3 36 66.6298 -134.733
3 37 66.9099 -135.157
3 38 67.1852 -135.585
3 39 67.4556 -136.017
3 40 67.7208 -136.455
3 41 67.981 -136.896
3 42 68.236 -137.342
3 43 68.4857 -137.791
3 44 68.73 -138.243
3 45 69.1298 -139.727
3 46 69.4626 -140.37
3 47 69.7906 -141.03
3 48 70.1139 -141.708
3 49 70.4325 -142.404
3 50 70.7462 -143.119
3 51 71.0552 -143.854
3 52 71.3594 -144.609
3 53 71.6586 -145.384
3 54 71.9528 -146.181
3 55 72.242 -146.999
3 56 72.5259 -147.84
3 57 72.8046 -148.704
3 58 73.0779 -149.591
3 59 73.3457 -150.502
3 60 73.6078 -151.438
3 61 73.8642 -152.399
3 62 74.1147 -153.385
3 63 74.359 -154.397
3 64 74.5972 -155.435
3 65 74.829 -156.499
3 66 75.0543 -157.59
3 67 75.2728 -158.708
3 68 75.4845 -159.852
3 69 75.6892 -161.023
3 70 75.8867 -162.221
3 71 76.0769 -163.445
3 72 76.2595 -164.695
3 73 76.4344 -165.97
3 74 76.6016 -167.27
3 75 76.7608 -168.594
3 76 76.9118 -169.941
3 77 77.0547 -171.309
3 78 77.1891 -172.699
3 79 77.3152 -174.108
3 80 77.4326 -175.535
3 81 77.5415 -176.979
3 82 77.6416 -178.437
3 83 77.7331 -179.907
3 84 77.8157 178.612
3 85 77.8896 177.122
3 86 77.9548 175.626
3 87 78.0113 174.126
3 88 78.0591 172.625
3 89 78.0983 171.123
3 90 78.129 169.625
3 91 78.1514 168.132
3 92 78.1656 166.646
3 93 78.1717 165.17
3 94 78.1699 163.706
3 95 78.1604 162.255
3 96 78.1434 160.821
3 97 78.1191 159.404
3 98 78.0878 158.006
3 99 78.0498 156.629
3 100 78.0051 155.275
3 101 77.9542 153.944
3 102 77.8973 152.638
3 103 77.8347 151.358
3 104 77.7666 150.104
3 105 77.6933 148.878
3 106 77.6151 147.679
3 107 77.5323 146.509
3 108 77.4451 145.368
3 109 77.3538 144.255
3 110 77.2587 143.171
3 111 77.16 142.117
3 112 77.0581 141.091
3 113 76.953 140.094
3 114 76.8452 139.125
3 115 76.7348 138.185
3 116 76.6221 137.273
3 117 76.5072 136.388
3 118 76.3904 135.531
3 119 76.272 134.7
3 120 76.152 133.895
3 121 76.0308 133.116
3 122 75.9084 132.362
3 123 75.7852 131.632
3 124 75.6611 130.927
3 125 75.5365 130.245
3 126 75.4114 129.586
3 127 75.286 128.95
3 128 75.1605 128.336
3 129 75.035 127.742
3 130 74.9097 127.17
3 131 74.7846 126.618
3 132 74.6598 126.086
3 133 74.5356 125.573
3 134 74.412 125.079
3 135 74.2891 124.603
3 136 74.167 124.145
3 137 74.0458 123.704
3 138 73.9256 123.28
3 139 73.8065 122.873
3 140 73.6886 122.482
3 141 73.5719 122.107
3 142 73.4565 121.746
3 143 73.3426 121.401
3 144 73.2301 121.071
3 145 73.1191 120.754
3 146 73.0097 120.452
3 147 72.902 120.163
3 148 72.7959 119.888
3 149 72.6916 119.626
3 150 72.5891 119.376
3 151 72.4885 119.139
3 152 72.3898 118.914
3 153 72.293 118.701
3 154 72.1981 118.5
3 155 72.1053 118.311
3 156 72.0145 118.133
3 157 71.9258 117.966
3 158 71.8393 117.81
3 159 71.7548 117.665
3 160 71.6725 117.53
3 161 71.5924 117.406
3 162 71.5146 117.293
3 163 71.4389 117.189
3 164 71.3656 117.096
3 165 71.2945 117.013
3 166 71.2256 116.94
3 167 71.1591 116.876
3 168 71.0949 116.822
3 169 71.0331 116.778
3 170 70.9735 116.743
3 171 70.9163 116.718
3 172 70.8615 116.702
3 173 70.809 116.696
3 174 70.7589 116.699
3 175 70.7112 116.711
3 176 70.6658 116.732
3 177 70.6228 116.763
3 178 70.5821 116.803
3 179 70.5438 116.852
3 180 70.5079 116.911
3 181 70.4743 116.979
3 182 70.4431 117.056
3 183 70.4142 117.142
3 184 70.3876 117.237
3 185 70.3633 117.342
3 186 70.3413 117.457
3 187 70.3216 117.58
3 188 70.3042 117.714
3 189 70.289 117.857
3 190 70.2761 118.009
3 191 70.2653 118.171
3 192 70.2568 118.344
3 193 70.2503 118.526
3 194 70.2461 118.718
3 195 70.2439 118.92
3 196 70.2438 119.132
3 197 70.2457 119.355
3 198 70.2496 119.588
3 199 70.2555 119.832
3 200 70.2633 120.086
3 201 70.273 120.352
3 202 70.2845 120.628
3 203 70.2979 120.916
3 204 70.3129 121.215
3 205 70.3297 121.526
3 206 70.3481 121.849
3 207 70.3681 122.183
3 208 70.3896 122.53
3 209 70.4125 122.889
3 210 70.4369 123.261
3 211 70.4625 123.646
3 212 70.4894 124.044
3 213 70.5175 124.455
3 214 70.5467 124.88
3 215 70.5768 125.318
3 216 70.6078 125.771
3 217 70.6397 126.238
3 218 70.6723 126.719
3 219 70.7055 127.216
3 220 70.7391 127.727
3 221 70.7732 128.254
3 222 70.8075 128.797
3 223 70.8419 129.356
3 224 70.8764 129.932
3 225 70.9107 130.524
4 1 54.9616 -123.313
4 2 55.4276 -123.532
4 3 55.8564 -123.749
4 4 56.2687 -123.968
4 5 56.6712 -124.19
4 6 57.0673 -124.415
4 7 57.4588 -124.643
4 8 57.8468 -124.876
4 9 58.2319 -125.113
4 10 58.6147 -125.355
4 11 58.9953 -125.602
4 12 59.374 -125.853
4 13 59.751 -126.11
4 14 60.1263 -126.371
4 15 59.8311 -126.357
4 16 60.2217 -126.622
4 17 60.6057 -126.891
4 18 60.9837 -127.165
4 19 61.3563 -127.443
4 20 61.7238 -127.725
4 21 62.0866 -128.012
4 22 62.4448 -128.303
4 23 62.7987 -128.6
4 24 63.1483 -128.901
4 25 63.4937 -129.207
4 26 63.8349 -129.519
4 27 64.172 -129.835
4 28 64.5049 -130.156
4 29 64.8337 -130.483
4 30 65.1583 -130.815
4 31 65.4786 -131.151
4 32 65.7946 -131.493
4 33 66.1062 -131.84
4 34 66.4135 -132.192
4 35 66.7162 -132.548
4 36 67.0144 -132.91
4 37 67.3079 -133.277
4 38 67.5967 -133.648
4 39 67.8807 -134.024
4 40 68.1598 -134.404
4 41 68.434 -134.788
4 42 68.7031 -135.177
4 43 68.9671 -135.57
4 44 69.2259 -135.966
4 45 69.6987 -137.251
4 46 70.0508 -137.82
4 47 70.3987 -138.406
4 48 70.7425 -139.009
4 49 71.0821 -139.631
4 50 71.4175 -140.272
4 51 71.7487 -140.932
4 52 72.0756 -141.613
4 53 72.3982 -142.316
4 54 72.7164 -143.04
4 55 73.0302 -143.787
4 56 73.3394 -144.558
4 57 73.644 -145.354
4 58 73.9438 -146.176
4 59 74.2387 -147.023
4 60 74.5286 -147.899
4 61 74.8133 -148.802
4 62 75.0928 -149.735
4 63 75.3668 -150.697
4 64 75.6351 -151.691
4 65 75.8976 -152.716
4 66 76.1542 -153.774
4 67 76.4045 -154.866
4 68 76.6485 -155.991
4 69 76.8859 -157.151
4 70 77.1165 -158.347
4 71 77.3401 -159.578
4 72 77.5564 -160.845
4 73 77.7653 -162.148
4 74 77.9666 -163.488
4 75 78.1599 -164.864
4 76 78.3451 -166.276
4 77 78.5219 -167.723
4 78 78.6902 -169.205
4 79 78.8498 -170.721
4 80 79.0004 -172.269
4 81 79.1418 -173.848
4 82 79.2739 -175.457
4 83 79.3966 -177.092
4 84 79.5097 -178.753
4 85 79.6131 179.563
4 86 79.7066 177.86
4 87 79.7904 176.14
4 88 79.8642 174.406
4 89 79.9282 172.662
4 90 79.9823 170.91
4 91 80.0266 169.156
4 92 80.0612 167.402
4 93 80.0863 165.652
4 94 80.1019 163.909
4 95 80.1082 162.178
4 96 80.1055 160.461
4 97 80.094 158.761
4 98 80.0739 157.082
4 99 80.0456 155.427
4 100 80.0093 153.797
4 101 79.9654 152.197
4 102 79.9141 150.626
4 103 79.8558 149.089
4 104 79.7909 147.585
4 105 79.7197 146.116
4 106 79.6425 144.684
4 107 79.5598 143.289
4 108 79.4717 141.932
4 109 79.3788 140.613
4 110 79.2814 139.332
4 111 79.1797 138.089
4 112 79.0741 136.885
4 113 78.965 135.719
4 114 78.8525 134.59
4 115 78.7371 133.498
4 116 78.619 132.443
4 117 78.4985 131.423
4 118 78.3759 130.439
4 119 78.2514 129.488
4 120 78.1252 128.571
4 121 77.9977 127.687
4 122 77.869 126.834
4 123 77.7392 126.013
4 124 77.6088 125.221
4 125 77.4777 124.458
4 126 77.3463 123.724
4 127 77.2147 123.017
4 128 77.083 122.337
4 129 76.9514 121.682
4 130 76.8201 121.052
4 131 76.6892 120.446
4 132 76.5588 119.864
4 133 76.4291 119.304
4 134 76.3002 118.766
4 135 76.1722 118.25
4 136 76.0453 117.754
4 137 75.9194 117.278
4 138 75.7948 116.821
4 139 75.6714 116.382
4 140 75.5495 115.962
4 141 75.4291 115.56
4 142 75.3102 115.174
4 143 75.1929 114.805
4 144 75.0774 114.452
4 145 74.9637 114.115
4 146 74.8517 113.793
4 147 74.7417 113.485
4 148 74.6337 113.192
4 149 74.5276 112.913
4 150 74.4237 112.648
4 151 74.3218 112.396
4 152 74.2221 112.156
4 153 74.1246 111.93
4 154 74.0293 111.716
4 155 73.9364 111.514
4 156 73.8457 111.324
4 157 73.7574 111.145
4 158 73.6715 110.978
4 159 73.588 110.822
4 160 73.5069 110.677
4 161 73.4283 110.543
4 162 73.3522 110.419
4 163 73.2786 110.306
4 164 73.2075 110.203
4 165 73.139 110.11
4 166 73.0731 110.027
4 167 73.0097 109.954
4 168 72.949 109.891
4 169 72.8909 109.838
4 170 72.8354 109.794
4 171 72.7826 109.76
4 172 72.7324 109.735
4 173 72.6848 109.719
4 174 72.6399 109.713
4 175 72.5977 109.716
4 176 72.5582 109.729
4 177 72.5213 109.75
4 178 72.4872 109.781
4 179 72.4557 109.822
4 180 72.4269 109.871
4 181 72.4007 109.93
4 182 72.3772 109.997
4 183 72.3564 110.075
4 184 72.3383 110.161
4 185 72.3228 110.257
4 186 72.3099 110.363
4 187 72.2997 110.477
4 188 72.2921 110.602
4 189 72.2871 110.736
4 190 72.2847 110.88
4 191 72.2849 111.034
4 192 72.2876 111.198
4 193 72.2929 111.371
4 194 72.3007 111.555
4 195 72.311 111.75
4 196 72.3237 111.955
4 197 72.3389 112.17
4 198 72.3566 112.397
4 199 72.3766 112.634
4 200 72.3989 112.883
4 201 72.4236 113.143
4 202 72.4506 113.415
4 203 72.4798 113.699
4 204 72.5112 113.994
4 205 72.5447 114.302
4 206 72.5804 114.623
4 207 72.6181 114.956
4 208 72.6579 115.303
4 209 72.6996 115.663
4 210 72.7431 116.037
4 211 72.7885 116.425
4 212 72.8357 116.827
4 213 72.8846 117.244
4 214 72.935 117.676
4 215 72.987 118.124
4 216 73.0405 118.587
4 217 73.0953 119.067
4 218 73.1514 119.563
4 219 73.2086 120.077
4 220 73.2669 120.608
4 221 73.3262 121.157
4 222 73.3863 121.725
4 223 73.4471 122.311
4 224 73.5085 122.917
4 225 73.5703 123.543
5 1 54.9897 -123.163
5 2 55.4605 -123.342
5 3 55.895 -123.519
5 4 56.3133 -123.696
5 5 56.7221 -123.876
5 6 57.1247 -124.058
5 7 57.5229 -124.243
5 8 57.9178 -124.432
5 9 58.3099 -124.624
5 10 58.6998 -124.82
5 11 59.0878 -125.019
5 12 59.4741 -125.223
5 13 59.8587 -125.431
5 14 60.2419 -125.644
5 15 59.9546 -125.618
5 16 60.3527 -125.834
5 17 60.7444 -126.053
5 18 61.1303 -126.276
5 19 61.511 -126.502
5 20 61.8869 -126.732
5 21 62.2581 -126.966
5 22 62.6251 -127.204
5 23 62.9878 -127.446
5 24 63.3465 -127.692
5 25 63.7011 -127.942
5 26 64.0517 -128.196
5 27 64.3984 -128.455
5 28 64.7411 -128.718
5 29 65.0799 -128.986
5 30 65.4145 -129.258
5 31 65.7452 -129.534
5 32 66.0717 -129.815
5 33 66.394 -130.1
5 34 66.7121 -130.39
5 35 67.0258 -130.684
5 36 67.3352 -130.983
5 37 67.6401 -131.286
5 38 67.9404 -131.593
5 39 68.2361 -131.904
5 40 68.5271 -132.219
5 41 68.8133 -132.539
5 42 69.0946 -132.862
5 43 69.3709 -133.189
5 44 69.6422 -133.52
5 45 70.1761 -134.564
5 46 70.5453 -135.044
5 47 70.9108 -135.539
5 48 71.2726 -136.051
5 49 71.6309 -136.579
5 50 71.9856 -137.126
5 51 72.3367 -137.69
5 52 72.6842 -138.275
5 53 73.028 -138.88
5 54 73.368 -139.506
5 55 73.7043 -140.154
5 56 74.0367 -140.826
5 57 74.3652 -141.523
5 58 74.6897 -142.245
5 59 75.0101 -142.995
5 60 75.3261 -143.773
5 61 75.6379 -144.58
5 62 75.9451 -145.418
5 63 76.2476 -146.289
5 64 76.5453 -147.193
5 65 76.838 -148.133
5 66 77.1256 -149.11
5 67 77.4078 -150.125
5 68 77.6844 -151.18
5 69 77.9551 -152.277
5 70 78.2199 -153.417
5 71 78.4784 -154.602
5 72 78.7303 -155.833
5 73 78.9754 -157.112
5 74 79.2135 -158.441
5 75 79.4441 -159.819
5 76 79.6671 -161.249
5 77 79.882 -162.732
5 78 80.0887 -164.268
5 79 80.2867 -165.858
5 80 80.4758 -167.501
5 81 80.6556 -169.197
5 82 80.8257 -170.947
5 83 80.986 -172.748
5 84 81.1361 -174.599
5 85 81.2756 -176.498
5 86 81.4044 -178.441
5 87 81.5221 179.573
5 88 81.6287 177.55
5 89 81.7238 175.493
5 90 81.8075 173.407
5 91 81.8795 171.298
5 92 81.9399 169.172
5 93 81.9887 167.035
5 94 82.0259 164.893
5 95 82.0517 162.752
5 96 82.0662 160.618
5 97 82.0697 158.499
5 98 82.0624 156.4
5 99 82.0446 154.327
5 100 82.0167 152.285
5 101 81.9792 150.279
5 102 81.9323 148.313
5 103 81.8766 146.392
5 104 81.8125 144.517
5 105 81.7405 142.693
5 106 81.6611 140.92
5 107 81.5747 139.201
5 108 81.4818 137.537
5 109 81.383 135.928
5 110 81.2787 134.374
5 111 81.1693 132.876
5 112 81.0552 131.432
5 113 80.937 130.043
5 114 80.815 128.707
5 115 80.6896 127.423
5 116 80.5612 126.189
5 117 80.4301 125.005
5 118 80.2967 123.869
5 119 80.1613 122.78
5 120 80.0242 121.735
5 121 79.8856 120.733
5 122 79.746 119.773
5 123 79.6054 118.854
5 124 79.4643 117.972
5 125 79.3227 117.128
5 126 79.1808 116.32
5 127 79.039 115.545
5 128 78.8974 114.804
5 129 78.7561 114.094
5 130 78.6154 113.413
5 131 78.4753 112.762
5 132 78.3361 112.139
5 133 78.1978 111.542
5 134 78.0606 110.971
5 135 77.9246 110.424
5 136 77.79 109.901
5 137 77.6568 109.401
5 138 77.5251 108.922
5 139 77.395 108.464
5 140 77.2667 108.027
5 141 77.1402 107.608
5 142 77.0156 107.208
5 143 76.893 106.827
5 144 76.7723 106.462
5 145 76.6538 106.115
5 146 76.5375 105.783
5 147 76.4233 105.467
5 148 76.3115 105.166
5 149 76.202 104.88
5 150 76.0948 104.608
5 151 75.9901 104.35
5 152 75.8879 104.105
5 153 75.7882 103.873
5 154 75.691 103.653
5 155 75.5964 103.446
5 156 75.5045 103.251
5 157 75.4152 103.067
5 158 75.3286 102.895
5 159 75.2448 102.734
5 160 75.1636 102.584
5 161 75.0853 102.444
5 162 75.0098 102.315
5 163 74.937 102.196
5 164 74.8671 102.087
5 165 74.8001 101.988
5 166 74.736 101.898
5 167 74.6747 101.819
5 168 74.6164 101.748
5 169 74.561 101.687
5 170 74.5086 101.636
5 171 74.4591 101.593
5 172 74.4125 101.56
5 173 74.369 101.535
5 174 74.3284 101.52
5 175 74.2908 101.513
5 176 74.2562 101.515
5 177 74.2246 101.526
5 178 74.196 101.546
5 179 74.1705 101.574
5 180 74.1479 101.612
5 181 74.1284 101.658
5 182 74.1119 101.713
5 183 74.0984 101.777
5 184 74.0879 101.85
5 185 74.0804 101.932
5 186 74.076 102.023
5 187 74.0745 102.123
5 188 74.0761 102.233
5 189 74.0806 102.351
5 190 74.0881 102.479
5 191 74.0986 102.617
5 192 74.112 102.764
5 193 74.1284 102.921
5 194 74.1478 103.089
5 195 74.17 103.266
5 196 74.1952 103.454
5 197 74.2232 103.652
5 198 74.2542 103.861
5 199 74.2879 104.081
5 200 74.3245 104.312
5 201 74.3639 104.555
5 202 74.4061 104.809
5 203 74.451 105.076
5 204 74.4986 105.355
5 205 74.5489 105.646
5 206 74.6019 105.951
5 207 74.6574 106.269
5 208 74.7156 106.6
5 209 74.7762 106.946
5 210 74.8393 107.307
5 211 74.9049 107.682
5 212 74.9728 108.073
5 213 75.043 108.48
5 214 75.1155 108.903
5 215 75.1901 109.344
5 216 75.2669 109.802
5 217 75.3456 110.278
5 218 75.4264 110.773
5 219 75.509 111.287
5 220 75.5934 111.822
5 221 75.6794 112.378
5 222 75.767 112.955
5 223 75.856 113.554
5 224 75.9464 114.177
5 225 76.0379 114.824
6 1 55.011 -123.01
6 2 55.4859 -123.149
6 3 55.9249 -123.284
6 4 56.348 -123.419
6 5 56.7618 -123.556
6 6 57.1696 -123.695
6 7 57.573 -123.835
6 8 57.9733 -123.979
6 9 58.371 -124.125
6 10 58.7666 -124.273
6 11 59.1603 -124.425
6 12 59.5525 -124.58
6 13 59.9432 -124.738
6 14 60.3325 -124.9
6 15 60.0508 -124.861
6 16 60.4549 -125.026
6 17 60.8527 -125.194
6 18 61.2449 -125.364
6 19 61.6321 -125.537
6 20 62.0145 -125.712
6 21 62.3925 -125.891
6 22 62.7664 -126.072
6 23 63.1361 -126.257
6 24 63.502 -126.445
6 25 63.864 -126.636
6 26 64.2221 -126.831
6 27 64.5764 -127.029
6 28 64.9269 -127.23
6 29 65.2736 -127.435
6 30 65.6164 -127.643
6 31 65.9552 -127.855
6 32 66.2901 -128.07
6 33 66.621 -128.289
6 34 66.9478 -128.511
6 35 67.2704 -128.737
6 36 67.5887 -128.967
6 37 67.9028 -129.2
6 38 68.2124 -129.436
6 39 68.5175 -129.676
6 40 68.8181 -129.92
6 41 69.114 -130.167
6 42 69.4052 -130.417
6 43 69.6915 -130.67
6 44 69.9729 -130.926
6 45 70.5547 -131.693
6 46 70.9379 -132.069
6 47 71.318 -132.458
6 48 71.695 -132.86
6 49 72.0689 -133.277
6 50 72.4398 -133.709
6 51 72.8076 -134.157
6 52 73.1724 -134.621
6 53 73.5342 -135.104
6 54 73.8929 -135.605
6 55 74.2485 -136.125
6 56 74.6009 -136.667
6 57 74.9501 -137.231
6 58 75.2961 -137.818
6 59 75.6388 -138.43
6 60 75.978 -139.068
6 61 76.3137 -139.733
6 62 76.6458 -140.429
6 63 76.9742 -141.155
6 64 77.2987 -141.914
6 65 77.6193 -142.709
6 66 77.9357 -143.54
6 67 78.2477 -144.411
6 68 78.5553 -145.324
6 69 78.8582 -146.281
6 70 79.1562 -147.286
6 71 79.4491 -148.34
6 72 79.7366 -149.447
6 73 80.0184 -150.611
6 74 80.2943 -151.833
6 75 80.564 -153.118
6 76 80.8271 -154.47
6 77 81.0832 -155.891
6 78 81.332 -157.384
6 79 81.5731 -158.955
6 80 81.8061 -160.605
6 81 82.0304 -162.338
6 82 82.2456 -164.157
6 83 82.4512 -166.063
6 84 82.6466 -168.06
6 85 82.8315 -170.147
6 86 83.0051 -172.326
6 87 83.1669 -174.594
6 88 83.3165 -176.95
6 89 83.4533 -179.39
6 90 83.5768 178.09
6 91 83.6867 175.498
6 92 83.7824 172.842
6 93 83.8638 170.132
6 94 83.9307 167.379
6 95 83.9828 164.595
6 96 84.0203 161.795
6 97 84.0432 158.99
6 98 84.0517 156.197
6 99 84.0461 153.427
6 100 84.027 150.695
6 101 83.9947 148.012
6 102 83.9499 145.389
6 103 83.8932 142.835
6 104 83.8253 140.358
6 105 83.747 137.964
6 106 83.659 135.657
6 107 83.5621 133.44
6 108 83.457 131.316
6 109 83.3444 129.283
6 110 83.2252 127.342
6 111 83.0998 125.492
6 112 82.9691 123.731
6 113 82.8336 122.055
6 114 82.6938 120.462
6 115 82.5504 118.949
6 116 82.4039 117.513
6 117 82.2547 116.149
6 118 82.1032 114.856
6 119 81.9498 113.628
6 120 81.795 112.462
6 121 81.6391 111.357
6 122 81.4824 110.307
6 123 81.3252 109.311
6 124 81.1677 108.364
6 125 81.0102 107.466
6 126 80.853 106.612
6 127 80.6963 105.801
6 128 80.5402 105.029
6 129 80.385 104.296
6 130 80.2308 103.598
6 131 80.0777 102.934
6 132 79.926 102.303
6 133 79.7757 101.702
6 134 79.627 101.129
6 135 79.48 100.584
6 136 79.3348 100.065
6 137 79.1915 99.5707
6 138 79.0502 99.0997
6 139 78.9109 98.651
6 140 78.7739 98.2235
6 141 78.6391 97.8164
6 142 78.5066 97.4285
6 143 78.3765 97.0591
6 144 78.2488 96.7074
6 145 78.1237 96.3725
6 146 78.0011 96.0539
6 147 77.8811 95.7508
6 148 77.7638 95.4625
6 149 77.6492 95.1886
6 150 77.5374 94.9285
6 151 77.4283 94.6817
6 152 77.3221 94.4476
6 153 77.2188 94.2259
6 154 77.1183 94.0161
6 155 77.0208 93.8179
6 156 76.9263 93.6308
6 157 76.8348 93.4546
6 158 76.7463 93.289
6 159 76.6608 93.1336
6 160 76.5784 92.9881
6 161 76.4991 92.8523
6 162 76.423 92.7261
6 163 76.35 92.609
6 164 76.2801 92.5011
6 165 76.2134 92.402
6 166 76.1499 92.3116
6 167 76.0897 92.2297
6 168 76.0326 92.1563
6 169 75.9788 92.0911
6 170 75.9283 92.0341
6 171 75.881 91.9852
6 172 75.837 91.9442
6 173 75.7963 91.9111
6 174 75.7589 91.8859
6 175 75.7248 91.8684
6 176 75.694 91.8587
6 177 75.6666 91.8567
6 178 75.6424 91.8623
6 179 75.6217 91.8756
6 180 75.6043 91.8966
6 181 75.5902 91.9253
6 182 75.5795 91.9616
6 183 75.5722 92.0057
6 184 75.5682 92.0576
6 185 75.5676 92.1174
6 186 75.5704 92.185
6 187 75.5765 92.2607
6 188 75.5861 92.3444
6 189 75.599 92.4363
6 190 75.6152 92.5365
6 191 75.6349 92.6451
6 192 75.6579 92.7623
6 193 75.6843 92.8882
6 194 75.7141 93.023
6 195 75.7472 93.1669
6 196 75.7836 93.3201
6 197 75.8235 93.4827
6 198 75.8666 93.6551
6 199 75.9131 93.8374
6 200 75.9629 94.03
6 201 76.016 94.2331
6 202 76.0724 94.4471
6 203 76.1321 94.6722
6 204 76.1951 94.9088
6 205 76.2613 95.1573
6 206 76.3308 95.4182
6 207 76.4034 95.6917
6 208 76.4793 95.9784
6 209 76.5583 96.2788
6 210 76.6405 96.5934
6 211 76.7257 96.9227
6 212 76.8141 97.2674
6 213 76.9054 97.628
6 214 76.9998 98.0053
6 215 77.0971 98.3999
6 216 77.1974 98.8127
6 217 77.3004 99.2443
6 218 77.4063 99.6958
6 219 77.515 100.168
6 220 77.6263 100.662
6 221 77.7402 101.178
6 222 77.8566 101.719
6 223 77.9754 102.285
6 224 78.0966 102.876
6 225 78.22 103.496
7 1 55.0258 -122.856
7 2 55.5037 -122.953
7 3 55.9461 -123.046
7 4 56.3727 -123.139
7 5 56.7902 -123.232
7 6 57.2017 -123.327
7 7 57.609 -123.422
7 8 58.0131 -123.519
7 9 58.4148 -123.618
7 10 58.8145 -123.719
7 11 59.2125 -123.822
7 12 59.6089 -123.927
7 13 60.004 -124.034
7 14 60.3978 -124.143
7 15 60.1193 -124.091
7 16 60.5277 -124.204
7 17 60.93 -124.319
7 18 61.3268 -124.435
7 19 61.7187 -124.552
7 20 62.1059 -124.672
7 21 62.4889 -124.793
7 22 62.8677 -124.917
7 23 63.2426 -125.042
7 24 63.6137 -125.17
7 25 63.981 -125.3
7 26 64.3446 -125.432
7 27 64.7045 -125.566
7 28 65.0607 -125.702
7 29 65.4132 -125.841
7 30 65.7619 -125.983
7 31 66.1067 -126.126
7 32 66.4478 -126.273
7 33 66.7849 -126.421
7 34 67.118 -126.572
7 35 67.4471 -126.726
7 36 67.772 -126.881
7 37 68.0928 -127.04
7 38 68.4092 -127.201
7 39 68.7213 -127.364
7 40 69.0289 -127.529
7 41 69.332 -127.697
7 42 69.6304 -127.867
7 43 69.9241 -128.04
7 44 70.213 -128.214
7 45 70.828 -128.671
7 46 71.2218 -128.931
7 47 71.6129 -129.2
7 48 72.0013 -129.479
7 49 72.387 -129.768
7 50 72.7701 -130.068
7 51 73.1507 -130.38
7 52 73.5288 -130.703
7 53 73.9043 -131.041
7 54 74.2773 -131.391
7 55 74.6478 -131.757
7 56 75.0158 -132.139
7 57 75.3812 -132.537
7 58 75.7441 -132.953
7 59 76.1043 -133.388
7 60 76.4619 -133.844
7 61 76.8168 -134.321
7 62 77.1689 -134.822
7 63 77.5183 -135.348
7 64 77.8647 -135.9
7 65 78.2082 -136.482
7 66 78.5485 -137.095
7 67 78.8858 -137.741
7 68 79.2197 -138.423
7 69 79.5502 -139.144
7 70 79.8771 -139.908
7 71 80.2004 -140.717
7 72 80.5197 -141.576
7 73 80.835 -142.488
7 74 81.146 -143.459
7 75 81.4524 -144.493
7 76 81.7541 -145.596
7 77 82.0506 -146.775
7 78 82.3418 -148.035
7 79 82.6271 -149.386
7 80 82.9063 -150.833
7 81 83.1788 -152.387
7 82 83.4441 -154.057
7 83 83.7016 -155.852
7 84 83.9508 -157.784
7 85 84.1909 -159.863
7 86 84.421 -162.101
7 87 84.6404 -164.509
7 88 84.848 -167.096
7 89 85.0428 -169.872
7 90 85.2237 -172.842
7 91 85.3896 -176.011
7 92 85.5393 -179.376
7 93 85.6715 177.069
7 94 85.7852 173.338
7 95 85.8795 169.452
7 96 85.9534 165.44
7 97 86.0064 161.337
7 98 86.0384 157.183
7 99 86.0492 153.023
7 100 86.0395 148.901
7 101 86.0097 144.858
7 102 85.9611 140.933
7 103 85.8948 137.155
7 104 85.8122 133.549
7 105 85.7147 130.129
7 106 85.604 126.906
7 107 85.4815 123.881
7 108 85.3485 121.054
7 109 85.2066 118.418
7 110 85.0569 115.966
7 111 84.9005 113.687
7 112 84.7385 111.572
7 113 84.5718 109.608
7 114 84.4012 107.785
7 115 84.2275 106.091
7 116 84.0514 104.518
7 117 83.8734 103.055
7 118 83.694 101.692
7 119 83.5136 100.423
7 120 83.3328 99.2384
7 121 83.1519 98.1324
7 122 82.9711 97.0983
7 123 82.7908 96.1303
7 124 82.6113 95.2232
7 125 82.4327 94.3722
7 126 82.2553 93.5729
7 127 82.0792 92.8215
7 128 81.9047 92.1144
7 129 81.7319 91.4482
7 130 81.5609 90.8201
7 131 81.3919 90.2273
7 132 81.2249 89.6675
7 133 81.0602 89.1383
7 134 80.8977 88.6377
7 135 80.7375 88.1639
7 136 80.5799 87.7151
7 137 80.4247 87.2898
7 138 80.2721 86.8865
7 139 80.1222 86.5039
7 140 79.9751 86.1409
7 141 79.8307 85.7962
7 142 79.6891 85.4689
7 143 79.5504 85.1579
7 144 79.4146 84.8626
7 145 79.2818 84.5819
7 146 79.152 84.3152
7 147 79.0253 84.0618
7 148 78.9016 83.8211
7 149 78.781 83.5924
7 150 78.6636 83.3752
7 151 78.5494 83.1691
7 152 78.4384 82.9734
7 153 78.3306 82.7878
7 154 78.226 82.6119
7 155 78.1247 82.4453
7 156 78.0268 82.2877
7 157 77.9321 82.1386
7 158 77.8408 81.9979
7 159 77.7529 81.8652
7 160 77.6684 81.7403
7 161 77.5872 81.6229
7 162 77.5095 81.5128
7 163 77.4352 81.4099
7 164 77.3643 81.3138
7 165 77.297 81.2245
7 166 77.2331 81.1417
7 167 77.1727 81.0654
7 168 77.1158 80.9954
7 169 77.0624 80.9315
7 170 77.0126 80.8737
7 171 76.9663 80.8218
7 172 76.9236 80.7758
7 173 76.8844 80.7356
7 174 76.8488 80.7011
7 175 76.8168 80.6723
7 176 76.7885 80.6491
7 177 76.7637 80.6315
7 178 76.7425 80.6194
7 179 76.725 80.6128
7 180 76.7111 80.6118
7 181 76.7009 80.6163
7 182 76.6943 80.6262
7 183 76.6914 80.6418
7 184 76.6921 80.6628
7 185 76.6965 80.6895
7 186 76.7047 80.7218
7 187 76.7165 80.7598
7 188 76.732 80.8036
7 189 76.7512 80.8532
7 190 76.7742 80.9087
7 191 76.8008 80.9702
7 192 76.8312 81.0379
7 193 76.8654 81.1117
7 194 76.9033 81.192
7 195 76.9449 81.2788
7 196 76.9903 81.3722
7 197 77.0394 81.4725
7 198 77.0923 81.5798
7 199 77.149 81.6944
7 200 77.2094 81.8164
7 201 77.2737 81.9462
7 202 77.3417 82.0839
7 203 77.4135 82.2298
7 204 77.4891 82.3843
7 205 77.5685 82.5477
7 206 77.6517 82.7202
7 207 77.7386 82.9024
7 208 77.8294 83.0946
7 209 77.924 83.2973
7 210 78.0224 83.5109
7 211 78.1245 83.736
7 212 78.2305 83.9731
7 213 78.3402 84.2228
7 214 78.4537 84.4859
7 215 78.5711 84.7629
7 216 78.6921 85.0547
7 217 78.817 85.3621
7 218 78.9455 85.686
7 219 79.0778 86.0274
7 220 79.2138 86.3874
7 221 79.3535 86.7671
7 222 79.4969 87.1679
7 223 79.6439 87.5911
7 224 79.7944 88.0383
7 225 79.9486 88.5111
8 1 55.0338 -122.7
8 2 55.5139 -122.755
8 3 55.9585 -122.807
8 4 56.3874 -122.856
8 5 56.8071 -122.906
8 6 57.2209 -122.955
8 7 57.6305 -123.005
8 8 58.0371 -123.056
8 9 58.4413 -123.107
8 10 58.8435 -123.16
8 11 59.244 -123.213
8 12 59.6431 -123.267
8 13 60.0409 -123.322
8 14 60.4374 -123.379
8 15 60.1596 -123.312
8 16 60.5708 -123.372
8 17 60.9759 -123.433
8 18 61.3755 -123.494
8 19 61.7703 -123.555
8 20 62.1605 -123.618
8 21 62.5465 -123.681
8 22 62.9285 -123.745
8 23 63.3065 -123.809
8 24 63.6808 -123.875
8 25 64.0514 -123.942
8 26 64.4184 -124.01
8 27 64.7817 -124.078
8 28 65.1414 -124.148
8 29 65.4973 -124.219
8 30 65.8496 -124.291
8 31 66.1982 -124.364
8 32 66.543 -124.439
8 33 66.8839 -124.514
8 34 67.2209 -124.591
8 35 67.554 -124.669
8 36 67.8829 -124.748
8 37 68.2078 -124.828
8 38 68.5284 -124.909
8 39 68.8447 -124.991
8 40 69.1566 -125.075
8 41 69.4641 -125.159
8 42 69.7669 -125.245
8 43 70.0652 -125.332
8 44 70.3586 -125.419
8 45 70.9909 -125.545
8 46 71.3914 -125.679
8 47 71.7893 -125.818
8 48 72.1848 -125.962
8 49 72.578 -126.111
8 50 72.9688 -126.266
8 51 73.3574 -126.427
8 52 73.7438 -126.594
8 53 74.128 -126.769
8 54 74.5101 -126.95
8 55 74.8901 -127.139
8 56 75.2679 -127.337
8 57 75.6437 -127.543
8 58 76.0174 -127.759
8 59 76.3889 -127.986
8 60 76.7584 -128.223
8 61 77.1258 -128.473
8 62 77.491 -128.735
8 63 77.8541 -129.011
8 64 78.215 -129.302
8 65 78.5737 -129.61
8 66 78.9302 -129.935
8 67 79.2844 -130.28
8 68 79.6362 -130.645
8 69 79.9858 -131.034
8 70 80.3329 -131.448
8 71 80.6775 -131.889
8 72 81.0196 -132.361
8 73 81.359 -132.867
8 74 81.6958 -133.411
8 75 82.0297 -133.996
8 76 82.3608 -134.627
8 77 82.6888 -135.311
8 78 83.0136 -136.053
8 79 83.3351 -136.862
8 80 83.6531 -137.745
8 81 83.9674 -138.714
8 82 84.2777 -139.781
8 83 84.5837 -140.96
8 84 84.885 -142.27
8 85 85.1813 -143.731
8 86 85.4719 -145.368
8 87 85.7563 -147.213
8 88 86.0336 -149.302
8 89 86.3028 -151.681
8 90 86.5627 -154.404
8 91 86.8117 -157.536
8 92 87.0477 -161.153
8 93 87.2683 -165.34
8 94 87.4702 -170.185
8 95 87.6496 -175.769
8 96 87.802 177.857
8 97 87.9226 170.707
8 98 88.0067 162.89
8 99 88.0508 154.632
8 100 88.0533 146.256
8 101 88.0152 138.11
8 102 87.9399 130.49
8 103 87.8323 123.584
8 104 87.698 117.469
8 105 87.5422 112.132
8 106 87.3697 107.511
8 107 87.1844 103.52
8 108 86.9893 100.071
8 109 86.787 97.0809
8 110 86.5795 94.4783
8 111 86.3683 92.2014
8 112 86.1545 90.1991
8 113 85.9392 88.4289
8 114 85.7231 86.8557
8 115 85.5068 85.4507
8 116 85.2909 84.1899
8 117 85.0758 83.0536
8 118 84.8617 82.025
8 119 84.6491 81.0904
8 120 84.4381 80.238
8 121 84.2289 79.4579
8 122 84.0218 78.7418
8 123 83.8168 78.0824
8 124 83.6141 77.4735
8 125 83.4138 76.9099
8 126 83.2161 76.3868
8 127 83.021 75.9003
8 128 82.8285 75.4469
8 129 82.6388 75.0234
8 130 82.4519 74.6271
8 131 82.2679 74.2557
8 132 82.0869 73.907
8 133 81.9088 73.5792
8 134 81.7338 73.2705
8 135 81.5618 72.9794
8 136 81.393 72.7046
8 137 81.2272 72.4449
8 138 81.0647 72.1991
8 139 80.9054 71.9663
8 140 80.7493 71.7456
8 141 80.5965 71.5362
8 142 80.447 71.3372
8 143 80.3007 71.1481
8 144 80.1579 70.9683
8 145 80.0184 70.7971
8 146 79.8823 70.634
8 147 79.7495 70.4787
8 148 79.6203 70.3305
8 149 79.4944 70.1892
8 150 79.372 70.0544
8 151 79.2531 69.9256
8 152 79.1377 69.8027
8 153 79.0258 69.6853
8 154 78.9174 69.5732
8 155 78.8125 69.466
8 156 78.7112 69.3637
8 157 78.6135 69.2658
8 158 78.5193 69.1723
8 159 78.4288 69.083
8 160 78.3418 68.9977
8 161 78.2585 68.9162
8 162 78.1787 68.8384
8 163 78.1027 68.7641
8 164 78.0302 68.6933
8 165 77.9615 68.6257
8 166 77.8964 68.5613
8 167 77.835 68.5
8 168 77.7773 68.4417
8 169 77.7233 68.3863
8 170 77.6731 68.3337
8 171 77.6265 68.2838
8 172 77.5837 68.2365
8 173 77.5447 68.1919
8 174 77.5094 68.1498
8 175 77.4778 68.1101
8 176 77.4501 68.0729
8 177 77.4261 68.0381
8 178 77.406 68.0056
8 179 77.3896 67.9755
8 180 77.3771 67.9476
8 181 77.3684 67.9219
8 182 77.3635 67.8984
8 183 77.3625 67.8772
8 184 77.3653 67.8581
8 185 77.372 67.8412
8 186 77.3826 67.8265
8 187 77.3971 67.8139
8 188 77.4155 67.8034
8 189 77.4378 67.7951
8 190 77.464 67.789
8 191 77.4942 67.785
8 192 77.5283 67.7833
8 193 77.5663 67.7837
8 194 77.6084 67.7864
8 195 77.6544 67.7913
8 196 77.7044 67.7985
8 197 77.7585 67.8081
8 198 77.8165 67.82
8 199 77.8786 67.8344
8 200 77.9448 67.8512
8 201 78.015 67.8706
8 202 78.0893 67.8926
8 203 78.1677 67.9173
8 204 78.2503 67.9447
8 205 78.3369 67.975
8 206 78.4278 68.0083
8 207 78.5227 68.0447
8 208 78.6219 68.0843
8 209 78.7253 68.1272
8 210 78.8329 68.1736
8 211 78.9447 68.2236
8 212 79.0608 68.2775
8 213 79.1812 68.3354
8 214 79.306 68.3975
8 215 79.435 68.4641
8 216 79.5684 68.5355
8 217 79.7062 68.6119
8 218 79.8484 68.6935
8 219 79.9951 68.7809
8 220 80.1462 68.8744
8 221 80.3018 68.9743
8 222 80.4619 69.0812
8 223 80.6266 69.1957
8 224 80.7959 69.3182
8 225 80.9698 69.4495
9 1 55.0351 -122.543
9 2 55.5165 -122.557
9 3 55.962 -122.566
9 4 56.3918 -122.572
9 5 56.8124 -122.578
9 6 57.2271 -122.582
9 7 57.6376 -122.587
9 8 58.0451 -122.59
9 9 58.4502 -122.594
9 10 58.8533 -122.597
9 11 59.2548 -122.6
9 12 59.6548 -122.603
9 13 60.0536 -122.606
9 14 60.4511 -122.609
9 15 60.1716 -122.528
9 16 60.5839 -122.535
9 17 60.99 -122.541
9 18 61.3908 -122.547
9 19 61.7867 -122.551
9 20 62.178 -122.556
9 21 62.5651 -122.56
9 22 62.9482 -122.564
9 23 63.3274 -122.567
9 24 63.7028 -122.57
9 25 64.0746 -122.573
9 26 64.4427 -122.576
9 27 64.8072 -122.578
9 28 65.1681 -122.58
9 29 65.5253 -122.582
9 30 65.8789 -122.584
9 31 66.2287 -122.585
9 32 66.5748 -122.586
9 33 66.917 -122.587
9 34 67.2553 -122.588
9 35 67.5897 -122.589
9 36 67.9201 -122.589
9 37 68.2463 -122.589
9 38 68.5683 -122.589
9 39 68.886 -122.588
9 40 69.1994 -122.588
9 41 69.5083 -122.587
9 42 69.8126 -122.585
9 43 70.1123 -122.583
9 44 70.4073 -122.581
9 45 71.0402 -122.365
9 46 71.443 -122.369
9 47 71.8434 -122.372
9 48 72.2414 -122.376
9 49 72.6371 -122.379
9 50 73.0307 -122.381
9 51 73.4221 -122.384
9 52 73.8114 -122.386
9 53 74.1986 -122.387
9 54 74.5838 -122.389
9 55 74.9671 -122.39
9 56 75.3484 -122.39
9 57 75.7277 -122.39
9 58 76.1051 -122.39
9 59 76.4806 -122.39
9 60 76.8541 -122.389
9 61 77.2258 -122.387
9 62 77.5955 -122.385
9 63 77.9634 -122.383
9 64 78.3293 -122.38
9 65 78.6933 -122.376
9 66 79.0554 -122.372
9 67 79.4155 -122.367
9 68 79.7737 -122.361
9 69 80.1299 -122.355
9 70 80.4841 -122.347
9 71 80.8364 -122.339
9 72 81.1866 -122.329
9 73 81.5348 -122.318
9 74 81.8809 -122.306
9 75 82.225 -122.292
9 76 82.5669 -122.276
9 77 82.9068 -122.258
9 78 83.2445 -122.238
9 79 83.58 -122.215
9 80 83.9134 -122.188
9 81 84.2445 -122.159
9 82 84.5735 -122.125
9 83 84.9001 -122.086
9 84 85.2245 -122.041
9 85 85.5466 -121.988
9 86 85.8663 -121.927
9 87 86.1837 -121.855
9 88 86.4986 -121.768
9 89 86.8112 -121.664
9 90 87.1213 -121.537
9 91 87.429 -121.378
9 92 87.7341 -121.176
9 93 88.0367 -120.91
9 94 88.3367 -120.548
9 95 88.634 -120.027
9 96 88.9286 -119.22
9 97 89.2202 -117.812
9 98 89.5081 -114.76
9 99 89.7883 -103.525
9 100 89.8895 17.1627
9 101 89.6265 46.0237
9 102 89.3504 50.6783
9 103 89.0752 52.5307
9 104 88.8023 53.5196
9 105 88.5319 54.1315
9 106 88.2643 54.5454
9 107 87.9994 54.8423
9 108 87.7374 55.0644
9 109 87.4782 55.2357
9 110 87.2219 55.371
9 111 86.9685 55.4797
9 112 86.7181 55.5682
9 113 86.4707 55.6411
9 114 86.2262 55.7015
9 115 85.9848 55.7519
9 116 85.7464 55.794
9 117 85.511 55.8293
9 118 85.2787 55.8588
9 119 85.0496 55.8833
9 120 84.8235 55.9036
9 121 84.6006 55.9201
9 122 84.3808 55.9334
9 123 84.1643 55.9439
9 124 83.9509 55.9517
9 125 83.7407 55.9573
9 126 83.5337 55.9608
9 127 83.33 55.9623
9 128 83.1296 55.9622
9 129 82.9324 55.9604
9 130 82.7386 55.9572
9 131 82.548 55.9525
9 132 82.3608 55.9466
9 133 82.1769 55.9394
9 134 81.9964 55.9311
9 135 81.8192 55.9216
9 136 81.6455 55.9111
9 137 81.4751 55.8996
9 138 81.3082 55.8871
9 139 81.1446 55.8737
9 140 80.9846 55.8593
9 141 80.8279 55.8441
9 142 80.6748 55.8279
9 143 80.5251 55.8109
9 144 80.3789 55.7931
9 145 80.2362 55.7744
9 146 80.0971 55.7548
9 147 79.9615 55.7345
9 148 79.8294 55.7133
9 149 79.7008 55.6913
9 150 79.5758 55.6684
9 151 79.4544 55.6447
9 152 79.3366 55.6202
9 153 79.2224 55.5949
9 154 79.1117 55.5687
9 155 79.0047 55.5416
9 156 78.9013 55.5137
9 157 78.8016 55.4849
9 158 78.7055 55.4552
9 159 78.613 55.4246
9 160 78.5242 55.3931
9 161 78.4391 55.3607
9 162 78.3576 55.3273
9 163 78.2799 55.2929
9 164 78.2058 55.2575
9 165 78.1354 55.221
9 166 78.0688 55.1836
9 167 78.0059 55.145
9 168 77.9467 55.1054
9 169 77.8912 55.0646
9 170 77.8395 55.0226
9 171 77.7916 54.9795
9 172 77.7474 54.9351
9 173 77.707 54.8894
9 174 77.6704 54.8424
9 175 77.6376 54.7941
9 176 77.6085 54.7444
9 177 77.5833 54.6932
9 178 77.5619 54.6405
9 179 77.5443 54.5863
9 180 77.5305 54.5305
9 181 77.5206 54.4731
9 182 77.5145 54.4139
9 183 77.5123 54.3529
9 184 77.5139 54.2901
9 185 77.5194 54.2254
9 186 77.5288 54.1587
9 187 77.5421 54.0899
9 188 77.5593 54.0189
9 189 77.5804 53.9457
9 190 77.6054 53.8702
9 191 77.6344 53.7922
9 192 77.6673 53.7116
9 193 77.7041 53.6284
9 194 77.7449 53.5424
9 195 77.7897 53.4535
9 196 77.8384 53.3616
9 197 77.8911 53.2664
9 198 77.9479 53.1679
9 199 78.0086 53.0659
9 200 78.0734 52.9602
9 201 78.1422 52.8506
9 202 78.215 52.7369
9 203 78.2919 52.619
9 204 78.3729 52.4965
9 205 78.458 52.3692
9 206 78.5472 52.2368
9 207 78.6404 52.0992
9 208 78.7378 51.9559
9 209 78.8394 51.8065
9 210 78.9451 51.6509
9 211 79.0549 51.4885
9 212 79.169 51.3189
9 213 79.2872 51.1417
9 214 79.4096 50.9563
9 215 79.5363 50.7622
9 216 79.6672 50.5589
9 217 79.8023 50.3456
9 218 79.9417 50.1216
9 219 80.0854 49.8861
9 220 80.2334 49.6383
9 221 80.3857 49.3772
9 222 80.5423 49.1017
9 223 80.7032 48.8106
9 224 80.8685 48.5026
9 225 81.0381 48.1764
10 1 55.0297 -122.386
10 2 55.5113 -122.358
10 3 55.9567 -122.325
10 4 56.3861 -122.288
10 5 56.8062 -122.25
10 6 57.2203 -122.209
10 7 57.6303 -122.168
10 8 58.0371 -122.124
10 9 58.4415 -122.08
10 10 58.8439 -122.034
10 11 59.2447 -121.988
10 12 59.644 -121.94
10 13 60.042 -121.89
10 14 60.4388 -121.84
10 15 60.1551 -121.744
10 16 60.5668 -121.698
10 17 60.9724 -121.649
10 18 61.3724 -121.599
10 19 61.7676 -121.547
10 20 62.1581 -121.494
10 21 62.5444 -121.439
10 22 62.9266 -121.383
10 23 63.3049 -121.325
10 24 63.6795 -121.265
10 25 64.0503 -121.204
10 26 64.4174 -121.141
10 27 64.7808 -121.077
10 28 65.1407 -121.012
10 29 65.4968 -120.944
10 30 65.8492 -120.876
10 31 66.1979 -120.805
10 32 66.5427 -120.733
10 33 66.8837 -120.66
10 34 67.2208 -120.585
10 35 67.5539 -120.508
10 36 67.8829 -120.43
10 37 68.2077 -120.35
10 38 68.5283 -120.268
10 39 68.8446 -120.185
10 40 69.1564 -120.1
10 41 69.4638 -120.013
10 42 69.7666 -119.924
10 43 70.0647 -119.834
10 44 70.358 -119.742
10 45 70.9746 -119.186
10 46 71.3754 -119.06
10 47 71.7737 -118.928
10 48 72.1694 -118.791
10 49 72.5628 -118.648
10 50 72.9539 -118.499
10 51 73.3427 -118.343
10 52 73.7293 -118.179
10 53 74.1136 -118.009
10 54 74.4958 -117.83
10 55 74.8759 -117.643
10 56 75.2538 -117.447
10 57 75.6296 -117.241
10 58 76.0033 -117.025
10 59 76.3748 -116.798
10 60 76.7443 -116.559
10 61 77.1115 -116.307
10 62 77.4766 -116.042
10 63 77.8396 -115.761
10 64 78.2003 -115.465
10 65 78.5588 -115.151
10 66 78.915 -114.818
10 67 79.2688 -114.464
10 68 79.6203 -114.089
10 69 79.9694 -113.688
10 70 80.316 -113.261
10 71 80.6601 -112.804
10 72 81.0015 -112.315
10 73 81.3403 -111.79
10 74 81.6762 -111.225
10 75 82.0092 -110.616
10 76 82.3393 -109.958
10 77 82.6661 -109.244
10 78 82.9897 -108.469
10 79 83.3097 -107.623
10 80 83.6261 -106.699
10 81 83.9385 -105.684
10 82 84.2467 -104.567
10 83 84.5503 -103.331
10 84 84.849 -101.96
10 85 85.1422 -100.432
10 86 85.4294 -98.7205
10 87 85.7099 -96.7957
10 88 85.9827 -94.6207
10 89 86.2469 -92.1519
10 90 86.501 -89.3375
10 91 86.7434 -86.1176
10 92 86.9721 -82.4245
10 93 87.1843 -78.1855
10 94 87.3771 -73.3296
10 95 87.5466 -67.8003
10 96 87.6889 -61.575
10 97 87.7995 -54.6909
10 98 87.8748 -47.268
10 99 87.9118 -39.5149
10 100 87.9097 -31.7054
10 101 87.8697 -24.1247
10 102 87.7948 -17.012
10 103 87.6895 -10.5227
10 104 87.5586 -4.72432
10 105 87.4069 0.385414
10 106 87.2387 4.85246
10 107 87.0575 8.74401
10 108 86.8664 12.1331
10 109 86.6678 15.09
10 110 86.4635 17.6778
10 111 86.2551 19.9515
10 112 86.0439 21.9577
10 113 85.8308 23.7359
10 114 85.6166 25.3188
10 115 85.402 26.7338
10 116 85.1875 28.0041
10 117 84.9736 29.1488
10 118 84.7605 30.184
10 119 84.5486 31.1234
10 120 84.3382 31.9786
10 121 84.1295 32.7593
10 122 83.9227 33.4741
10 123 83.7178 34.13
10 124 83.5152 34.7333
10 125 83.3149 35.2894
10 126 83.1169 35.803
10 127 82.9215 36.2781
10 128 82.7286 36.7183
10 129 82.5385 37.1268
10 130 82.351 37.5062
10 131 82.1664 37.8591
10 132 81.9846 38.1876
10 133 81.8058 38.4937
10 134 81.6298 38.779
10 135 81.4569 39.0451
10 136 81.287 39.2935
10 137 81.1202 39.5252
10 138 80.9565 39.7416
10 139 80.796 39.9435
10 140 80.6386 40.1318
10 141 80.4845 40.3075
10 142 80.3335 40.4712
10 143 80.1858 40.6237
10 144 80.0414 40.7655
10 145 79.9003 40.8972
10 146 79.7625 41.0193
10 147 79.628 41.1323
10 148 79.4969 41.2367
10 149 79.3692 41.3328
10 150 79.2448 41.4209
10 151 79.1239 41.5015
10 152 79.0064 41.5747
10 153 78.8923 41.641
10 154 78.7817 41.7004
10 155 78.6745 41.7533
10 156 78.5708 41.7999
10 157 78.4706 41.8403
10 158 78.374 41.8747
10 159 78.2808 41.9033
10 160 78.1911 41.9262
10 161 78.105 41.9435
10 162 78.0224 41.9554
10 163 77.9434 41.9619
10 164 77.8679 41.9632
10 165 77.796 41.9592
10 166 77.7277 41.9501
10 167 77.6629 41.936
10 168 77.6018 41.9168
10 169 77.5443 41.8926
10 170 77.4903 41.8635
10 171 77.44 41.8294
10 172 77.3933 41.7904
10 173 77.3502 41.7464
10 174 77.3108 41.6974
10 175 77.275 41.6434
10 176 77.2428 41.5845
10 177 77.2143 41.5205
10 178 77.1894 41.4514
10 179 77.1682 41.3772
10 180 77.1507 41.2977
10 181 77.1368 41.213
10 182 77.1266 41.1229
10 183 77.12 41.0273
10 184 77.1172 40.9262
10 185 77.118 40.8195
10 186 77.1225 40.7069
10 187 77.1307 40.5885
10 188 77.1425 40.464
10 189 77.1581 40.3332
10 190 77.1773 40.1961
10 191 77.2002 40.0524
10 192 77.2268 39.902
10 193 77.2571 39.7446
10 194 77.2911 39.5801
10 195 77.3288 39.4081
10 196 77.3702 39.2285
10 197 77.4152 39.0409
10 198 77.4639 38.8451
10 199 77.5163 38.6407
10 200 77.5724 38.4275
10 201 77.6321 38.205
10 202 77.6955 37.9729
10 203 77.7625 37.7308
10 204 77.8332 37.4782
10 205 77.9076 37.2147
10 206 77.9855 36.9397
10 207 78.0671 36.6528
10 208 78.1522 36.3534
10 209 78.241 36.0407
10 210 78.3333 35.7143
10 211 78.4291 35.3734
10 212 78.5285 35.0171
10 213 78.6314 34.6448
10 214 78.7377 34.2555
10 215 78.8475 33.8482
10 216 78.9607 33.422
10 217 79.0772 32.9757
10 218 79.1971 32.5082
10 219 79.3202 32.0181
10 220 79.4465 31.5041
10 221 79.576 30.9647
10 222 79.7085 30.3983
10 223 79.8441 29.803
10 224 79.9825 29.1771
10 225 80.1238 28.5184
11 1 55.0175 -122.229
11 2 55.4985 -122.16
11 3 55.9425 -122.085
11 4 56.3702 -122.005
11 5 56.7884 -121.923
11 6 57.2006 -121.838
11 7 57.6084 -121.75
11 8 58.0131 -121.661
11 9 58.4153 -121.569
11 10 58.8154 -121.474
11 11 59.2138 -121.378
11 12 59.6107 -121.279
11 13 60.0062 -121.178
11 14 60.4004 -121.075
11 15 60.1102 -120.965
11 16 60.5197 -120.865
11 17 60.9229 -120.763
11 18 61.3205 -120.657
11 19 61.7131 -120.549
11 20 62.101 -120.439
11 21 62.4845 -120.325
11 22 62.8639 -120.209
11 23 63.2393 -120.091
11 24 63.6108 -119.969
11 25 63.9786 -119.845
11 26 64.3425 -119.718
11 27 64.7027 -119.588
11 28 65.0592 -119.456
11 29 65.4119 -119.321
11 30 65.7608 -119.183
11 31 66.1059 -119.042
11 32 66.4471 -118.898
11 33 66.7844 -118.752
11 34 67.1176 -118.602
11 35 67.4467 -118.45
11 36 67.7717 -118.294
11 37 68.0925 -118.136
11 38 68.4089 -117.975
11 39 68.7209 -117.81
11 40 69.0284 -117.643
11 41 69.3313 -117.473
11 42 69.6295 -117.3
11 43 69.923 -117.124
11 44 70.2116 -116.945
11 45 70.7952 -116.064
11 46 71.1897 -115.813
11 47 71.5814 -115.551
11 48 71.9703 -115.28
11 49 72.3566 -114.997
11 50 72.7402 -114.703
11 51 73.1212 -114.397
11 52 73.4996 -114.078
11 53 73.8754 -113.745
11 54 74.2487 -113.397
11 55 74.6194 -113.034
11 56 74.9875 -112.655
11 57 75.353 -112.258
11 58 75.7159 -111.843
11 59 76.0761 -111.408
11 60 76.4336 -110.952
11 61 76.7884 -110.474
11 62 77.1404 -109.971
11 63 77.4894 -109.442
11 64 77.8355 -108.886
11 65 78.1786 -108.3
11 66 78.5185 -107.682
11 67 78.8551 -107.03
11 68 79.1883 -106.341
11 69 79.5181 -105.611
11 70 79.8442 -104.839
11 71 80.1664 -104.019
11 72 80.4847 -103.149
11 73 80.7987 -102.224
11 74 81.1083 -101.24
11 75 81.4132 -100.19
11 76 81.7132 -99.0708
11 77 82.0078 -97.8748
11 78 82.2969 -96.5956
11 79 82.58 -95.2259
11 80 82.8566 -93.7579
11 81 83.1263 -92.1829
11 82 83.3886 -90.4918
11 83 83.6428 -88.675
11 84 83.8884 -86.7225
11 85 84.1245 -84.624
11 86 84.3504 -82.3693
11 87 84.5652 -79.9488
11 88 84.7678 -77.3537
11 89 84.9574 -74.577
11 90 85.1328 -71.6141
11 91 85.2929 -68.4641
11 92 85.4366 -65.1303
11 93 85.5627 -61.6219
11 94 85.6703 -57.9539
11 95 85.7584 -54.1485
11 96 85.8264 -50.2342
11 97 85.8738 -46.2452
11 98 85.9005 -42.2203
11 99 85.9067 -38.2002
11 100 85.8927 -34.2253
11 101 85.8593 -30.3336
11 102 85.8076 -26.5584
11 103 85.7387 -22.927
11 104 85.654 -19.4601
11 105 85.555 -16.1716
11 106 85.443 -13.0694
11 107 85.3195 -10.156
11 108 85.1859 -7.42955
11 109 85.0433 -4.88507
11 110 84.8931 -2.51508
11 111 84.7364 -0.310657
11 112 84.574 1.73805
11 113 84.407 3.64125
11 114 84.236 5.40916
11 115 84.0619 7.05175
11 116 83.8853 8.57853
11 117 83.7067 9.99851
11 118 83.5266 11.3201
11 119 83.3456 12.5511
11 120 83.1639 13.6986
11 121 82.9821 14.7694
11 122 82.8003 15.7693
11 123 82.6189 16.7039
11 124 82.4381 17.5783
11 125 82.2582 18.3969
11 126 82.0794 19.164
11 127 81.9018 19.8834
11 128 81.7257 20.5584
11 129 81.5511 21.1923
11 130 81.3783 21.7879
11 131 81.2074 22.3478
11 132 81.0384 22.8743
11 133 80.8715 23.3697
11 134 80.7068 23.8359
11 135 80.5443 24.2748
11 136 80.3842 24.688
11 137 80.2265 25.0771
11 138 80.0713 25.4434
11 139 79.9186 25.7882
11 140 79.7686 26.1127
11 141 79.6213 26.418
11 142 79.4767 26.7051
11 143 79.3348 26.9749
11 144 79.1958 27.2283
11 145 79.0596 27.4659
11 146 78.9263 27.6887
11 147 78.7959 27.8971
11 148 78.6686 28.0919
11 149 78.5442 28.2735
11 150 78.4228 28.4426
11 151 78.3045 28.5996
11 152 78.1893 28.745
11 153 78.0771 28.8791
11 154 77.9681 29.0023
11 155 77.8623 29.1151
11 156 77.7596 29.2176
11 157 77.6601 29.3103
11 158 77.5638 29.3933
11 159 77.4707 29.467
11 160 77.3808 29.5315
11 161 77.2942 29.5871
11 162 77.2109 29.634
11 163 77.1308 29.6722
11 164 77.054 29.7021
11 165 76.9806 29.7237
11 166 76.9104 29.7371
11 167 76.8435 29.7424
11 168 76.7799 29.7398
11 169 76.7197 29.7293
11 170 76.6628 29.711
11 171 76.6092 29.6849
11 172 76.559 29.651
11 173 76.5121 29.6095
11 174 76.4686 29.5603
11 175 76.4284 29.5034
11 176 76.3916 29.4388
11 177 76.3582 29.3664
11 178 76.3281 29.2864
11 179 76.3013 29.1985
11 180 76.2779 29.1028
11 181 76.2579 28.9992
11 182 76.2412 28.8875
11 183 76.2278 28.7678
11 184 76.2178 28.6399
11 185 76.2111 28.5038
11 186 76.2078 28.3591
11 187 76.2077 28.2059
11 188 76.211 28.044
11 189 76.2176 27.8732
11 190 76.2275 27.6934
11 191 76.2407 27.5042
11 192 76.2572 27.3056
11 193 76.2769 27.0973
11 194 76.2999 26.8791
11 195 76.326 26.6506
11 196 76.3555 26.4117
11 197 76.3881 26.162
11 198 76.4238 25.9013
11 199 76.4628 25.6291
11 200 76.5048 25.3451
11 201 76.55 25.049
11 202 76.5982 24.7404
11 203 76.6494 24.4188
11 204 76.7037 24.0838
11 205 76.761 23.7349
11 206 76.8212 23.3717
11 207 76.8842 22.9935
11 208 76.9502 22.5998
11 209 77.0189 22.19
11 210 77.0904 21.7636
11 211 77.1646 21.3197
11 212 77.2414 20.8578
11 213 77.3207 20.3771
11 214 77.4026 19.8767
11 215 77.4869 19.3559
11 216 77.5735 18.8138
11 217 77.6624 18.2495
11 218 77.7534 17.6619
11 219 77.8464 17.0501
11 220 77.9414 16.413
11 221 78.0382 15.7494
11 222 78.1367 15.0582
11 223 78.2367 14.3381
11 224 78.3381 13.5877
11 225 78.4407 12.8058
12 1 54.9984 -122.073
12 2 55.4779 -121.964
12 3 55.9194 -121.847
12 4 56.3441 -121.724
12 5 56.7591 -121.599
12 6 57.1678 -121.469
12 7 57.5722 -121.336
12 8 57.9732 -121.201
12 9 58.3716 -121.062
12 10 58.7679 -120.919
12 11 59.1623 -120.774
12 12 59.5551 -120.625
12 13 59.9464 -120.473
12 14 60.3363 -120.317
12 15 60.0369 -120.193
12 16 60.4425 -120.041
12 17 60.8418 -119.886
12 18 61.2352 -119.727
12 19 61.6234 -119.564
12 20 62.0069 -119.397
12 21 62.3858 -119.226
12 22 62.7604 -119.052
12 23 63.1309 -118.874
12 24 63.4974 -118.692
12 25 63.86 -118.506
12 26 64.2187 -118.317
12 27 64.5735 -118.124
12 28 64.9244 -117.926
12 29 65.2714 -117.725
12 30 65.6146 -117.52
12 31 65.9537 -117.311
12 32 66.2889 -117.098
12 33 66.6199 -116.881
12 34 66.9468 -116.66
12 35 67.2695 -116.435
12 36 67.5879 -116.206
12 37 67.902 -115.973
12 38 68.2115 -115.736
12 39 68.5166 -115.494
12 40 68.8169 -115.249
12 41 69.1126 -115
12 42 69.4035 -114.747
12 43 69.6894 -114.491
12 44 69.9703 -114.23
12 45 70.5049 -113.05
12 46 70.8892 -112.683
12 47 71.2703 -112.302
12 48 71.6481 -111.907
12 49 72.0228 -111.497
12 50 72.3944 -111.072
12 51 72.7629 -110.63
12 52 73.1283 -110.171
12 53 73.4905 -109.694
12 54 73.8496 -109.197
12 55 74.2055 -108.68
12 56 74.5582 -108.141
12 57 74.9077 -107.58
12 58 75.2537 -106.995
12 59 75.5964 -106.385
12 60 75.9356 -105.748
12 61 76.2712 -105.083
12 62 76.6031 -104.388
12 63 76.9312 -103.661
12 64 77.2553 -102.901
12 65 77.5753 -102.105
12 66 77.8911 -101.271
12 67 78.2025 -100.397
12 68 78.5093 -99.4808
12 69 78.8112 -98.5197
12 70 79.1081 -97.5109
12 71 79.3998 -96.4517
12 72 79.686 -95.3392
12 73 79.9663 -94.1702
12 74 80.2406 -92.9416
12 75 80.5084 -91.6501
12 76 80.7696 -90.2924
12 77 81.0235 -88.8651
12 78 81.27 -87.365
12 79 81.5086 -85.7888
12 80 81.7388 -84.1334
12 81 81.9602 -82.396
12 82 82.1722 -80.5741
12 83 82.3744 -78.6658
12 84 82.5663 -76.6697
12 85 82.7474 -74.5851
12 86 82.917 -72.4126
12 87 83.0747 -70.1534
12 88 83.2199 -67.8103
12 89 83.3523 -65.3873
12 90 83.4712 -62.8901
12 91 83.5763 -60.3256
12 92 83.6673 -57.7024
12 93 83.7438 -55.0306
12 94 83.8058 -52.3214
12 95 83.8532 -49.5872
12 96 83.8859 -46.8408
12 97 83.9042 -44.0958
12 98 83.9081 -41.3654
12 99 83.8982 -38.6627
12 100 83.8748 -36
12 101 83.8385 -33.3884
12 102 83.7898 -30.8378
12 103 83.7294 -28.3568
12 104 83.6581 -25.9523
12 105 83.5764 -23.6298
12 106 83.4852 -21.3933
12 107 83.3852 -19.2455
12 108 83.2772 -17.1877
12 109 83.1618 -15.2201
12 110 83.0397 -13.3423
12 111 82.9117 -11.5527
12 112 82.7783 -9.84942
12 113 82.6402 -8.22994
12 114 82.4979 -6.69143
12 115 82.3519 -5.23083
12 116 82.2028 -3.8449
12 117 82.0509 -2.53032
12 118 81.8968 -1.28378
12 119 81.7408 -0.101945
12 120 81.5833 1.01841
12 121 81.4246 2.08045
12 122 81.2651 3.08721
12 123 81.105 4.04162
12 124 80.9446 4.94645
12 125 80.7841 5.80437
12 126 80.6238 6.61788
12 127 80.4639 7.38935
12 128 80.3045 8.12102
12 129 80.1459 8.81499
12 130 79.9882 9.47325
12 131 79.8316 10.0976
12 132 79.6762 10.6899
12 133 79.5222 11.2517
12 134 79.3696 11.7845
12 135 79.2187 12.2897
12 136 79.0694 12.7688
12 137 78.9219 13.2229
12 138 78.7763 13.6532
12 139 78.6326 14.0608
12 140 78.491 14.4467
12 141 78.3515 14.8118
12 142 78.2142 15.1572
12 143 78.0792 15.4835
12 144 77.9465 15.7916
12 145 77.8161 16.0822
12 146 77.6882 16.356
12 147 77.5628 16.6135
12 148 77.4398 16.8555
12 149 77.3194 17.0824
12 150 77.2017 17.2948
12 151 77.0865 17.4931
12 152 76.9741 17.6778
12 153 76.8643 17.8493
12 154 76.7573 18.008
12 155 76.653 18.1543
12 156 76.5515 18.2884
12 157 76.4529 18.4108
12 158 76.3571 18.5216
12 159 76.2641 18.6212
12 160 76.174 18.7098
12 161 76.0868 18.7876
12 162 76.0025 18.8548
12 163 75.9211 18.9117
12 164 75.8427 18.9583
12 165 75.7672 18.9949
12 166 75.6947 19.0216
12 167 75.6251 19.0385
12 168 75.5585 19.0457
12 169 75.4949 19.0433
12 170 75.4343 19.0315
12 171 75.3767 19.0102
12 172 75.322 18.9795
12 173 75.2704 18.9395
12 174 75.2217 18.8902
12 175 75.1761 18.8316
12 176 75.1334 18.7638
12 177 75.0938 18.6866
12 178 75.0571 18.6002
12 179 75.0234 18.5045
12 180 74.9927 18.3994
12 181 74.9649 18.2848
12 182 74.9401 18.1608
12 183 74.9183 18.0273
12 184 74.8994 17.8841
12 185 74.8834 17.7312
12 186 74.8703 17.5685
12 187 74.8601 17.3958
12 188 74.8528 17.213
12 189 74.8484 17.02
12 190 74.8468 16.8167
12 191 74.848 16.6027
12 192 74.852 16.3781
12 193 74.8588 16.1425
12 194 74.8683 15.8958
12 195 74.8806 15.6377
12 196 74.8955 15.368
12 197 74.9131 15.0866
12 198 74.9333 14.793
12 199 74.956 14.487
12 200 74.9813 14.1684
12 201 75.0091 13.8368
12 202 75.0394 13.492
12 203 75.072 13.1334
12 204 75.107 12.7609
12 205 75.1443 12.3741
12 206 75.1838 11.9724
12 207 75.2254 11.5557
12 208 75.2692 11.1233
12 209 75.315 10.6748
12 210 75.3628 10.2099
12 211 75.4124 9.72799
12 212 75.4638 9.22857
12 213 75.5169 8.71114
12 214 75.5717 8.17514
12 215 75.6279 7.62002
12 216 75.6855 7.0452
12 217 75.7444 6.45007
12 218 75.8044 5.83401
12 219 75.8655 5.19639
12 220 75.9274 4.53654
12 221 75.9901 3.85381
12 222 76.0533 3.14751
12 223 76.117 2.41692
12 224 76.1809 1.66136
12 225 76.2448 0.880094
13 1 54.9722 -121.919
13 2 55.4495 -121.769
13 3 55.8873 -121.611
13 4 56.3078 -121.447
13 5 56.7183 -121.278
13 6 57.1223 -121.105
13 7 57.5216 -120.928
13 8 57.9175 -120.747
13 9 58.3106 -120.562
13 10 58.7015 -120.372
13 11 59.0903 -120.179
13 12 59.4774 -119.981
13 13 59.8629 -119.779
13 14 60.2468 -119.572
13 15 59.9354 -119.434
13 16 60.3357 -119.232
13 17 60.7293 -119.025
13 18 61.1169 -118.813
13 19 61.499 -118.596
13 20 61.8762 -118.375
13 21 62.2487 -118.149
13 22 62.6167 -117.918
13 23 62.9804 -117.683
13 24 63.3399 -117.443
13 25 63.6953 -117.198
13 26 64.0467 -116.949
13 27 64.394 -116.694
13 28 64.7373 -116.435
13 29 65.0765 -116.171
13 30 65.4117 -115.902
13 31 65.7427 -115.628
13 32 66.0695 -115.35
13 33 66.392 -115.066
13 34 66.7103 -114.778
13 35 67.0242 -114.484
13 36 67.3336 -114.186
13 37 67.6384 -113.883
13 38 67.9387 -113.575
13 39 68.2342 -113.263
13 40 68.5249 -112.946
13 41 68.8107 -112.624
13 42 69.0916 -112.297
13 43 69.3673 -111.967
13 44 69.638 -111.632
13 45 70.1086 -110.188
13 46 70.4792 -109.717
13 47 70.8461 -109.231
13 48 71.2092 -108.728
13 49 71.5686 -108.207
13 50 71.9243 -107.668
13 51 72.2763 -107.11
13 52 72.6245 -106.532
13 53 72.969 -105.933
13 54 73.3097 -105.312
13 55 73.6465 -104.668
13 56 73.9793 -104.001
13 57 74.3082 -103.308
13 58 74.6329 -102.589
13 59 74.9533 -101.843
13 60 75.2694 -101.068
13 61 75.5811 -100.263
13 62 75.8881 -99.4265
13 63 76.1904 -98.5575
13 64 76.4877 -97.6542
13 65 76.7799 -96.7153
13 66 77.0669 -95.7392
13 67 77.3483 -94.7244
13 68 77.6241 -93.6693
13 69 77.8939 -92.5723
13 70 78.1575 -91.4319
13 71 78.4147 -90.2467
13 72 78.6652 -89.015
13 73 78.9088 -87.7356
13 74 79.1452 -86.407
13 75 79.374 -85.0282
13 76 79.5949 -83.5982
13 77 79.8077 -82.1161
13 78 80.0121 -80.5813
13 79 80.2076 -78.9937
13 80 80.394 -77.3532
13 81 80.571 -75.6603
13 82 80.7381 -73.9159
13 83 80.8953 -72.1213
13 84 81.042 -70.2782
13 85 81.1781 -68.3892
13 86 81.3032 -66.4569
13 87 81.4173 -64.485
13 88 81.5199 -62.4775
13 89 81.6111 -60.4388
13 90 81.6907 -58.374
13 91 81.7586 -56.2885
13 92 81.8148 -54.1882
13 93 81.8593 -52.079
13 94 81.8922 -49.9673
13 95 81.9136 -47.8594
13 96 81.9238 -45.7614
13 97 81.9229 -43.6796
13 98 81.9112 -41.6197
13 99 81.8891 -39.5873
13 100 81.8569 -37.5874
13 101 81.8151 -35.6246
13 102 81.764 -33.7032
13 103 81.7041 -31.8265
13 104 81.6358 -29.9977
13 105 81.5597 -28.2191
13 106 81.4762 -26.4926
13 107 81.3857 -24.8198
13 108 81.2888 -23.2014
13 109 81.186 -21.638
13 110 81.0776 -20.1298
13 111 80.9642 -18.6765
13 112 80.8462 -17.2775
13 113 80.724 -15.9323
13 114 80.5979 -14.6397
13 115 80.4685 -13.3986
13 116 80.336 -12.2079
13 117 80.2008 -11.066
13 118 80.0633 -9.97159
13 119 79.9237 -8.92315
13 120 79.7824 -7.91915
13 121 79.6396 -6.95804
13 122 79.4956 -6.03827
13 123 79.3507 -5.15834
13 124 79.205 -4.31673
13 125 79.0589 -3.51198
13 126 78.9124 -2.74265
13 127 78.7659 -2.00736
13 128 78.6195 -1.30476
13 129 78.4733 -0.633556
13 130 78.3276 0.00748825
13 131 78.1824 0.619569
13 132 78.0379 1.20383
13 133 77.8943 1.76135
13 134 77.7517 2.29319
13 135 77.6102 2.80032
13 136 77.4699 3.2837
13 137 77.3309 3.74421
13 138 77.1933 4.18271
13 139 77.0572 4.6
13 140 76.9227 4.99686
13 141 76.7899 5.37399
13 142 76.6588 5.7321
13 143 76.5295 6.07183
13 144 76.4021 6.39379
13 145 76.2766 6.69856
13 146 76.1532 6.98669
13 147 76.0318 7.2587
13 148 75.9125 7.51507
13 149 75.7953 7.75626
13 150 75.6804 7.9827
13 151 75.5677 8.19481
13 152 75.4573 8.39296
13 153 75.3492 8.57751
13 154 75.2435 8.74879
13 155 75.1401 8.90714
13 156 75.0392 9.05283
13 157 74.9407 9.18615
13 158 74.8447 9.30735
13 159 74.7512 9.41667
13 160 74.6601 9.51434
13 161 74.5716 9.60057
13 162 74.4857 9.67553
13 163 74.4023 9.73942
13 164 74.3215 9.79238
13 165 74.2433 9.83457
13 166 74.1676 9.86612
13 167 74.0946 9.88716
13 168 74.0242 9.89778
13 169 73.9564 9.89808
13 170 73.8912 9.88816
13 171 73.8287 9.86807
13 172 73.7688 9.83788
13 173 73.7115 9.79764
13 174 73.6568 9.74739
13 175 73.6048 9.68716
13 176 73.5554 9.61696
13 177 73.5085 9.5368
13 178 73.4643 9.44667
13 179 73.4227 9.34658
13 180 73.3836 9.23648
13 181 73.3472 9.11636
13 182 73.3132 8.98616
13 183 73.2819 8.84584
13 184 73.253 8.69534
13 185 73.2266 8.53458
13 186 73.2027 8.36348
13 187 73.1813 8.18196
13 188 73.1623 7.98992
13 189 73.1457 7.78724
13 190 73.1315 7.57382
13 191 73.1196 7.34951
13 192 73.1101 7.11419
13 193 73.1028 6.86771
13 194 73.0978 6.6099
13 195 73.095 6.34062
13 196 73.0943 6.05967
13 197 73.0958 5.76688
13 198 73.0993 5.46204
13 199 73.1049 5.14496
13 200 73.1125 4.81541
13 201 73.1219 4.47318
13 202 73.1332 4.11803
13 203 73.1464 3.74971
13 204 73.1612 3.36797
13 205 73.1777 2.97255
13 206 73.1959 2.56317
13 207 73.2155 2.13955
13 208 73.2366 1.70139
13 209 73.259 1.2484
13 210 73.2827 0.780254
13 211 73.3075 0.296645
13 212 73.3335 -0.202759
13 213 73.3604 -0.718293
13 214 73.3881 -1.2503
13 215 73.4166 -1.79913
13 216 73.4457 -2.36514
13 217 73.4754 -2.94869
13 218 73.5053 -3.55014
13 219 73.5355 -4.16987
13 220 73.5658 -4.80824
13 221 73.596 -5.46563
13 222 73.6259 -6.1424
13 223 73.6554 -6.83893
13 224 73.6843 -7.55557
13 225 73.7125 -8.29269
14 1 54.9388 -121.767
14 2 55.4133 -121.577
14 3 55.8464 -121.379
14 4 56.2615 -121.173
14 5 56.6661 -120.963
14 6 57.064 -120.747
14 7 57.457 -120.526
14 8 57.8463 -120.301
14 9 58.2326 -120.071
14 10 58.6165 -119.835
14 11 58.9982 -119.595
14 12 59.378 -119.349
14 13 59.756 -119.099
14 14 60.1323 -118.843
14 15 59.806 -118.692
14 16 60.1995 -118.44
14 17 60.5859 -118.183
14 18 60.966 -117.921
14 19 61.3405 -117.653
14 20 61.7097 -117.379
14 21 62.074 -117.1
14 22 62.4336 -116.816
14 23 62.7887 -116.526
14 24 63.1394 -116.231
14 25 63.4857 -115.93
14 26 63.8279 -115.623
14 27 64.1657 -115.311
14 28 64.4994 -114.993
14 29 64.8287 -114.67
14 30 65.1538 -114.342
14 31 65.4746 -114.007
14 32 65.791 -113.668
14 33 66.1029 -113.322
14 34 66.4103 -112.972
14 35 66.7132 -112.615
14 36 67.0114 -112.254
14 37 67.3048 -111.887
14 38 67.5934 -111.515
14 39 67.8772 -111.138
14 40 68.1559 -110.756
14 41 68.4296 -110.369
14 42 68.6981 -109.977
14 43 68.9614 -109.581
14 44 69.2194 -109.18
14 45 69.6124 -107.513
14 46 69.9664 -106.954
14 47 70.3161 -106.377
14 48 70.6615 -105.783
14 49 71.0025 -105.169
14 50 71.3393 -104.537
14 51 71.6717 -103.884
14 52 71.9997 -103.21
14 53 72.3232 -102.514
14 54 72.6423 -101.796
14 55 72.9568 -101.055
14 56 73.2666 -100.289
14 57 73.5717 -99.4987
14 58 73.8719 -98.6821
14 59 74.1671 -97.8389
14 60 74.4571 -96.9679
14 61 74.7419 -96.0684
14 62 75.0213 -95.1395
14 63 75.2951 -94.1803
14 64 75.5631 -93.1899
14 65 75.8252 -92.1676
14 66 76.0812 -91.1126
14 67 76.3309 -90.0241
14 68 76.574 -88.9014
14 69 76.8105 -87.744
14 70 77.04 -86.5513
14 71 77.2624 -85.323
14 72 77.4773 -84.0587
14 73 77.6847 -82.7584
14 74 77.8843 -81.4219
14 75 78.0759 -80.0495
14 76 78.2591 -78.6416
14 77 78.4339 -77.1988
14 78 78.6 -75.7218
14 79 78.7571 -74.2117
14 80 78.9052 -72.6699
14 81 79.0439 -71.0977
14 82 79.1733 -69.4972
14 83 79.293 -67.8703
14 84 79.403 -66.2194
14 85 79.5031 -64.547
14 86 79.5933 -62.8561
14 87 79.6736 -61.1496
14 88 79.7438 -59.4307
14 89 79.8041 -57.7029
14 90 79.8544 -55.9695
14 91 79.8948 -54.2342
14 92 79.9255 -52.5006
14 93 79.9464 -50.7723
14 94 79.9579 -49.0527
14 95 79.96 -47.3455
14 96 79.953 -45.6538
14 97 79.9372 -43.9809
14 98 79.9128 -42.3298
14 99 79.8801 -40.7032
14 100 79.8393 -39.1036
14 101 79.7909 -37.5333
14 102 79.7351 -35.9943
14 103 79.6722 -34.4884
14 104 79.6027 -33.0171
14 105 79.5269 -31.5815
14 106 79.4451 -30.1827
14 107 79.3576 -28.8215
14 108 79.2649 -27.4983
14 109 79.1672 -26.2134
14 110 79.065 -24.9672
14 111 78.9584 -23.7594
14 112 78.848 -22.5899
14 113 78.7339 -21.4584
14 114 78.6165 -20.3645
14 115 78.496 -19.3077
14 116 78.3728 -18.2874
14 117 78.2472 -17.3028
14 118 78.1193 -16.3533
14 119 77.9895 -15.4381
14 120 77.858 -14.5563
14 121 77.725 -13.7072
14 122 77.5907 -12.8898
14 123 77.4554 -12.1033
14 124 77.3192 -11.3469
14 125 77.1824 -10.6197
14 126 77.0451 -9.92077
14 127 76.9074 -9.24936
14 128 76.7696 -8.60461
14 129 76.6319 -7.98571
14 130 76.4942 -7.39188
14 131 76.3569 -6.82233
14 132 76.2199 -6.27632
14 133 76.0835 -5.75313
14 134 75.9478 -5.25206
14 135 75.8129 -4.77243
14 136 75.6788 -4.31359
14 137 75.5457 -3.87491
14 138 75.4137 -3.4558
14 139 75.2828 -3.05568
14 140 75.1532 -2.67399
14 141 75.0249 -2.31021
14 142 74.898 -1.96383
14 143 74.7725 -1.63436
14 144 74.6486 -1.32135
14 145 74.5263 -1.02436
14 146 74.4057 -0.742975
14 147 74.2868 -0.476786
14 148 74.1696 -0.225421
14 149 74.0542 0.011481
14 150 73.9407 0.23426
14 151 73.8291 0.443238
14 152 73.7195 0.638723
14 153 73.6118 0.821002
14 154 73.5062 0.99035
14 155 73.4025 1.14702
14 156 73.301 1.29126
14 157 73.2016 1.4233
14 158 73.1042 1.54335
14 159 73.0091 1.65161
14 160 72.9161 1.74827
14 161 72.8253 1.8335
14 162 72.7367 1.90747
14 163 72.6503 1.97032
14 164 72.5662 2.0222
14 165 72.4843 2.06323
14 166 72.4046 2.09353
14 167 72.3272 2.1132
14 168 72.2521 2.12235
14 169 72.1792 2.12106
14 170 72.1087 2.10941
14 171 72.0404 2.08745
14 172 71.9743 2.05526
14 173 71.9105 2.01287
14 174 71.849 1.96033
14 175 71.7898 1.89767
14 176 71.7327 1.82491
14 177 71.678 1.74207
14 178 71.6254 1.64915
14 179 71.5751 1.54614
14 180 71.5269 1.43305
14 181 71.4809 1.30984
14 182 71.4371 1.1765
14 183 71.3954 1.03298
14 184 71.3559 0.879261
14 185 71.3184 0.715278
14 186 71.283 0.54098
14 187 71.2496 0.356302
14 188 71.2183 0.161176
14 189 71.1889 -0.0444782
14 190 71.1614 -0.260744
14 191 71.1359 -0.487714
14 192 71.1122 -0.725488
14 193 71.0903 -0.97417
14 194 71.0702 -1.23387
14 195 71.0518 -1.50472
14 196 71.0351 -1.78683
14 197 71.0201 -2.08034
14 198 71.0066 -2.38539
14 199 70.9946 -2.70212
14 200 70.9841 -3.03069
14 201 70.975 -3.37125
14 202 70.9672 -3.72397
14 203 70.9606 -4.08902
14 204 70.9553 -4.46657
14 205 70.951 -4.8568
14 206 70.9478 -5.2599
14 207 70.9455 -5.67606
14 208 70.944 -6.10548
14 209 70.9434 -6.54835
14 210 70.9433 -7.00488
14 211 70.9439 -7.47527
14 212 70.9448 -7.95975
14 213 70.9462 -8.45851
14 214 70.9477 -8.97178
14 215 70.9493 -9.49977
14 216 70.9509 -10.0427
14 217 70.9524 -10.6008
14 218 70.9535 -11.1742
14 219 70.9542 -11.7633
14 220 70.9542 -12.3682
14 221 70.9535 -12.989
14 222 70.9519 -13.6261
14 223 70.9492 -14.2796
14 224 70.9452 -14.9498
14 225 70.9397 -15.6367
15 1 54.8979 -121.617
15 2 55.3692 -121.389
15 3 55.7966 -121.151
15 4 56.2051 -120.905
15 5 56.6027 -120.654
15 6 56.9931 -120.396
15 7 57.3783 -120.133
15 8 57.7597 -119.865
15 9 58.1378 -119.591
15 10 58.5133 -119.311
15 11 58.8864 -119.026
15 12 59.2574 -118.734
15 13 59.6263 -118.437
15 14 59.9934 -118.133
15 15 59.6491 -117.97
15 16 60.0343 -117.672
15 17 60.4121 -117.367
15 18 60.7832 -117.056
15 19 61.1484 -116.739
15 20 61.5081 -116.416
15 21 61.8626 -116.087
15 22 62.2121 -115.751
15 23 62.5569 -115.41
15 24 62.897 -115.062
15 25 63.2326 -114.709
15 26 63.5636 -114.349
15 27 63.8902 -113.983
15 28 64.2124 -113.612
15 29 64.5301 -113.234
15 30 64.8432 -112.85
15 31 65.1518 -112.46
15 32 65.4558 -112.065
15 33 65.7552 -111.663
15 34 66.0498 -111.256
15 35 66.3397 -110.843
15 36 66.6247 -110.425
15 37 66.9047 -110.001
15 38 67.1798 -109.572
15 39 67.4497 -109.138
15 40 67.7145 -108.699
15 41 67.974 -108.255
15 42 68.2282 -107.806
15 43 68.477 -107.354
15 44 68.7203 -106.897
15 45 69.0232 -105.049
15 46 69.3584 -104.417
15 47 69.6886 -103.767
15 48 70.014 -103.099
15 49 70.3344 -102.412
15 50 70.6499 -101.706
15 51 70.9604 -100.979
15 52 71.266 -100.233
15 53 71.5664 -99.4648
15 54 71.8618 -98.6754
15 55 72.1519 -97.8639
15 56 72.4367 -97.0296
15 57 72.7161 -96.1721
15 58 72.99 -95.2908
15 59 73.2582 -94.3853
15 60 73.5207 -93.455
15 61 73.7773 -92.4995
15 62 74.0278 -91.5185
15 63 74.2721 -90.5115
15 64 74.5101 -89.4783
15 65 74.7415 -88.4186
15 66 74.9663 -87.3322
15 67 75.1843 -86.2192
15 68 75.3953 -85.0793
15 69 75.5991 -83.9128
15 70 75.7956 -82.7199
15 71 75.9846 -81.5008
15 72 76.166 -80.2559
15 73 76.3395 -78.9858
15 74 76.5051 -77.6912
15 75 76.6625 -76.3729
15 76 76.8118 -75.0319
15 77 76.9526 -73.6693
15 78 77.0849 -72.2864
15 79 77.2087 -70.8845
15 80 77.3237 -69.4652
15 81 77.43 -68.0302
15 82 77.5274 -66.5813
15 83 77.616 -65.1205
15 84 77.6957 -63.6498
15 85 77.7665 -62.1713
15 86 77.8284 -60.6873
15 87 77.8815 -59.2
15 88 77.9259 -57.7118
15 89 77.9615 -56.2249
15 90 77.9885 -54.7418
15 91 78.0071 -53.2647
15 92 78.0173 -51.7959
15 93 78.0194 -50.3376
15 94 78.0134 -48.8919
15 95 77.9997 -47.4609
15 96 77.9784 -46.0465
15 97 77.9498 -44.6505
15 98 77.914 -43.2746
15 99 77.8713 -41.9203
15 100 77.8221 -40.589
15 101 77.7665 -39.2819
15 102 77.7047 -38.0002
15 103 77.6372 -36.7448
15 104 77.5642 -35.5165
15 105 77.4858 -34.316
15 106 77.4025 -33.1438
15 107 77.3145 -32.0004
15 108 77.2221 -30.886
15 109 77.1255 -29.8008
15 110 77.025 -28.745
15 111 76.9208 -27.7184
15 112 76.8133 -26.7211
15 113 76.7026 -25.7528
15 114 76.589 -24.8133
15 115 76.4728 -23.9023
15 116 76.3541 -23.0194
15 117 76.2332 -22.1644
15 118 76.1104 -21.3367
15 119 75.9857 -20.5358
15 120 75.8594 -19.7614
15 121 75.7318 -19.0129
15 122 75.6029 -18.2897
15 123 75.473 -17.5914
15 124 75.3422 -16.9174
15 125 75.2107 -16.2671
15 126 75.0787 -15.64
15 127 74.9462 -15.0357
15 128 74.8135 -14.4534
15 129 74.6806 -13.8927
15 130 74.5477 -13.3531
15 131 74.415 -12.8341
15 132 74.2825 -12.335
15 133 74.1503 -11.8556
15 134 74.0186 -11.3952
15 135 73.8875 -10.9534
15 136 73.757 -10.5297
15 137 73.6272 -10.1238
15 138 73.4983 -9.73506
15 139 73.3703 -9.36321
15 140 73.2433 -9.00781
15 141 73.1173 -8.66848
15 142 72.9925 -8.34484
15 143 72.8689 -8.03653
15 144 72.7465 -7.74322
15 145 72.6255 -7.46456
15 146 72.5058 -7.20025
15 147 72.3876 -6.94999
15 148 72.2709 -6.71347
15 149 72.1557 -6.49044
15 150 72.042 -6.28061
15 151 71.93 -6.08375
15 152 71.8196 -5.89961
15 153 71.7109 -5.72797
15 154 71.6039 -5.5686
15 155 71.4987 -5.42131
15 156 71.3952 -5.2859
15 157 71.2935 -5.16218
15 158 71.1937 -5.04999
15 159 71.0957 -4.94917
15 160 70.9996 -4.85955
15 161 70.9053 -4.781
15 162 70.813 -4.71338
15 163 70.7225 -4.65658
15 164 70.634 -4.61046
15 165 70.5474 -4.57494
15 166 70.4627 -4.5499
15 167 70.3799 -4.53526
15 168 70.2991 -4.53094
15 169 70.2203 -4.53686
15 170 70.1433 -4.55296
15 171 70.0684 -4.57918
15 172 69.9953 -4.61547
15 173 69.9242 -4.66178
15 174 69.855 -4.71807
15 175 69.7876 -4.78432
15 176 69.7222 -4.86051
15 177 69.6587 -4.94661
15 178 69.597 -5.04262
15 179 69.5372 -5.14854
15 180 69.4792 -5.26436
15 181 69.423 -5.3901
15 182 69.3686 -5.52577
15 183 69.3159 -5.67139
15 184 69.265 -5.82699
15 185 69.2158 -5.99261
15 186 69.1682 -6.16827
15 187 69.1223 -6.35404
15 188 69.078 -6.54995
15 189 69.0352 -6.75606
15 190 68.9939 -6.97243
15 191 68.9542 -7.19913
15 192 68.9158 -7.43623
15 193 68.8788 -7.68381
15 194 68.8432 -7.94194
15 195 68.8088 -8.21072
15 196 68.7757 -8.49022
15 197 68.7437 -8.78056
15 198 68.7128 -9.08182
15 199 68.683 -9.39411
15 200 68.6541 -9.71754
15 201 68.6261 -10.0522
15 202 68.599 -10.3983
15 203 68.5726 -10.7558
15 204 68.5468 -11.125
15 205 68.5217 -11.5058
15 206 68.497 -11.8986
15 207 68.4727 -12.3033
15 208 68.4487 -12.7202
15 209 68.4249 -13.1494
15 210 68.4012 -13.5909
15 211 68.3775 -14.045
15 212 68.3536 -14.5118
15 213 68.3295 -14.9914
15 214 68.305 -15.484
15 215 68.28 -15.9897
15 216 68.2544 -16.5087
15 217 68.2279 -17.041
15 218 68.2005 -17.587
15 219 68.1721 -18.1465
15 220 68.1423 -18.72
15 221 68.1111 -19.3073
15 222 68.0784 -19.9088
15 223 68.0438 -20.5244
15 224 68.0073 -21.1544
15 225 67.9685 -21.7988
