16 110 2011 26265600
0 0.000000 180 45
0 1 -52.5378 -59.9205
0 2 -53.0231 -60.1793
0 3 -53.4552 -60.4446
0 4 -53.86 -60.7154
0 5 -54.2518 -60.9912
0 6 -54.6352 -61.272
0 7 -55.0128 -61.5579
0 8 -55.3861 -61.8489
0 9 -55.7558 -62.145
0 10 -56.1226 -62.4464
0 11 -56.4868 -62.7531
0 12 -56.8487 -63.0654
0 13 -57.2084 -63.3832
0 14 -57.566 -63.7068
0 15 -57.2095 -63.8221
0 16 -57.5876 -64.1426
0 17 -57.9578 -64.4683
0 18 -58.3211 -64.7992
0 19 -58.6781 -65.1353
0 20 -59.0293 -65.4766
0 21 -59.3752 -65.8231
0 22 -59.716 -66.1747
0 23 -60.0519 -66.5315
0 24 -60.383 -66.8934
0 25 -60.7095 -67.2604
0 26 -61.0314 -67.6325
0 27 -61.3487 -68.0096
0 28 -61.6616 -68.3916
0 29 -61.9699 -68.7785
0 30 -62.2737 -69.1703
0 31 -62.5729 -69.5667
0 32 -62.8676 -69.9678
0 33 -63.1575 -70.3734
0 34 -63.4428 -70.7835
0 35 -63.7233 -71.1977
0 36 -63.999 -71.6162
0 37 -64.2697 -72.0385
0 38 -64.5355 -72.4647
0 39 -64.7963 -72.8944
0 40 -65.052 -73.3275
0 41 -65.3025 -73.7638
0 42 -65.5478 -74.203
0 43 -65.7877 -74.6448
0 44 -66.0223 -75.089
0 45 -66.2545 -76.7292
0 46 -66.5779 -77.3355
0 47 -66.8964 -77.9554
0 48 -67.21 -78.5894
0 49 -67.5187 -79.2377
0 50 -67.8226 -79.9005
0 51 -68.1215 -80.5783
0 52 -68.4156 -81.2714
0 53 -68.7047 -81.9799
0 54 -68.9889 -82.7042
0 55 -69.2681 -83.4446
0 56 -69.5421 -84.2013
0 57 -69.8111 -84.9746
0 58 -70.0749 -85.7647
0 59 -70.3334 -86.5718
0 60 -70.5865 -87.396
0 61 -70.8342 -88.2376
0 62 -71.0763 -89.0967
0 63 -71.3128 -89.9733
0 64 -71.5436 -90.8675
0 65 -71.7685 -91.7794
0 66 -71.9876 -92.7089
0 67 -72.2006 -93.656
0 68 -72.4074 -94.6205
0 69 -72.608 -95.6022
0 70 -72.8023 -96.6011
0 71 -72.9902 -97.6168
0 72 -73.1715 -98.6489
0 73 -73.3461 -99.6971
0 74 -73.5141 -100.761
0 75 -73.6752 -101.84
0 76 -73.8294 -102.933
0 77 -73.9767 -104.041
0 78 -74.1169 -105.161
0 79 -74.25 -106.294
0 80 -74.376 -107.438
0 81 -74.4948 -108.593
0 82 -74.6063 -109.757
0 83 -74.7105 -110.93
0 84 -74.8075 -112.111
0 85 -74.8972 -113.298
0 86 -74.9796 -114.49
0 87 -75.0547 -115.685
0 88 -75.1226 -116.884
0 89 -75.1833 -118.084
0 90 -75.2369 -119.284
0 91 -75.2834 -120.483
0 92 -75.3228 -121.679
0 93 -75.3554 -122.872
0 94 -75.3811 -124.059
0 95 -75.4002 -125.24
0 96 -75.4127 -126.414
0 97 -75.4187 -127.579
0 98 -75.4184 -128.734
0 99 -75.4119 -129.878
0 100 -75.3994 -131.009
0 101 -75.3811 -132.128
0 102 -75.3572 -133.233
0 103 -75.3277 -134.323
0 104 -75.2929 -135.397
0 105 -75.253 -136.455
0 106 -75.2082 -137.495
0 107 -75.1586 -138.518
0 108 -75.1044 -139.523
0 109 -75.0459 -140.508
0 110 -74.9833 -141.475
1 1 -52.5836 -59.7942
1 2 -53.0749 -60.0172
1 3 -53.5099 -60.2463
1 4 -53.9224 -60.4802
1 5 -54.3223 -60.7187
1 6 -54.7144 -60.9617
1 7 -55.1009 -61.2092
1 8 -55.4834 -61.4613
1 9 -55.8625 -61.7179
1 10 -56.239 -61.9793
1 11 -56.613 -62.2456
1 12 -56.985 -62.5167
1 13 -57.3549 -62.7929
1 14 -57.7231 -63.0743
1 15 -57.3852 -63.1792
1 16 -57.7727 -63.458
1 17 -58.1527 -63.7416
1 18 -58.5261 -64.03
1 19 -58.8935 -64.3232
1 20 -59.2555 -64.6212
1 21 -59.6123 -64.924
1 22 -59.9643 -65.2316
1 23 -60.3116 -65.544
1 24 -60.6544 -65.8612
1 25 -60.9928 -66.1831
1 26 -61.3268 -66.5099
1 27 -61.6565 -66.8415
1 28 -61.9819 -67.1777
1 29 -62.303 -67.5187
1 30 -62.6197 -67.8643
1 31 -62.9321 -68.2145
1 32 -63.24 -68.5693
1 33 -63.5434 -68.9285
1 34 -63.8424 -69.2921
1 35 -64.1367 -69.66
1 36 -64.4264 -70.0321
1 37 -64.7113 -70.4082
1 38 -64.9915 -70.7883
1 39 -65.2667 -71.1722
1 40 -65.537 -71.5597
1 41 -65.8023 -71.9506
1 42 -66.0625 -72.3449
1 43 -66.3174 -72.7421
1 44 -66.5671 -73.1422
1 45 -66.8888 -74.6443
1 46 -67.2313 -75.1946
1 47 -67.5693 -75.7587
1 48 -67.903 -76.3371
1 49 -68.2322 -76.9302
1 50 -68.557 -77.5383
1 51 -68.8774 -78.162
1 52 -69.1935 -78.8017
1 53 -69.505 -79.4577
1 54 -69.8122 -80.1305
1 55 -70.1148 -80.8207
1 56 -70.4128 -81.5285
1 57 -70.7061 -82.2545
1 58 -70.9948 -82.9991
1 59 -71.2786 -83.7626
1 60 -71.5575 -84.5456
1 61 -71.8315 -85.3485
1 62 -72.1003 -86.1715
1 63 -72.364 -87.0151
1 64 -72.6223 -87.8796
1 65 -72.8752 -88.7654
1 66 -73.1226 -89.6727
1 67 -73.3643 -90.6017
1 68 -73.6002 -91.5527
1 69 -73.8301 -92.5259
1 70 -74.054 -93.5213
1 71 -74.2717 -94.539
1 72 -74.483 -95.579
1 73 -74.6879 -96.6412
1 74 -74.8862 -97.7255
1 75 -75.0777 -98.8316
1 76 -75.2624 -99.9592
1 77 -75.4401 -101.108
1 78 -75.6106 -102.277
1 79 -75.774 -103.466
1 80 -75.9299 -104.675
1 81 -76.0785 -105.902
1 82 -76.2195 -107.147
1 83 -76.3529 -108.408
1 84 -76.4786 -109.685
1 85 -76.5965 -110.976
1 86 -76.7065 -112.28
1 87 -76.8088 -113.595
1 88 -76.9031 -114.92
1 89 -76.9896 -116.254
1 90 -77.0681 -117.595
1 91 -77.1388 -118.94
1 92 -77.2017 -120.289
1 93 -77.2567 -121.64
1 94 -77.3041 -122.99
1 95 -77.3438 -124.339
1 96 -77.3759 -125.683
1 97 -77.4007 -127.022
1 98 -77.4182 -128.354
1 99 -77.4285 -129.676
1 100 -77.4318 -130.988
1 101 -77.4283 -132.287
1 102 -77.4181 -133.572
1 103 -77.4015 -134.842
1 104 -77.3787 -136.095
1 105 -77.3498 -137.331
1 106 -77.3151 -138.547
1 107 -77.2748 -139.743
1 108 -77.2291 -140.919
1 109 -77.1782 -142.072
1 110 -77.1224 -143.203
2 1 -52.6218 -59.6651
2 2 -53.1157 -59.8515
2 3 -53.5564 -60.0433
2 4 -53.9753 -60.2394
2 5 -54.3823 -60.4395
2 6 -54.7818 -60.6434
2 7 -55.176 -60.8513
2 8 -55.5663 -61.0632
2 9 -55.9535 -61.279
2 10 -56.3382 -61.499
2 11 -56.7207 -61.7231
2 12 -57.1012 -61.9515
2 13 -57.48 -62.1843
2 14 -57.8572 -62.4216
2 15 -57.5349 -62.515
2 16 -57.9305 -62.7501
2 17 -58.3189 -62.9895
2 18 -58.701 -63.2331
2 19 -59.0775 -63.481
2 20 -59.4487 -63.7331
2 21 -59.815 -63.9896
2 22 -60.1767 -64.2503
2 23 -60.534 -64.5153
2 24 -60.8869 -64.7846
2 25 -61.2356 -65.0583
2 26 -61.5801 -65.3363
2 27 -61.9205 -65.6186
2 28 -62.2568 -65.9052
2 29 -62.589 -66.1962
2 30 -62.917 -66.4914
2 31 -63.2408 -66.7909
2 32 -63.5604 -67.0946
2 33 -63.8756 -67.4025
2 34 -64.1865 -67.7145
2 35 -64.493 -68.0307
2 36 -64.795 -68.3508
2 37 -65.0924 -68.6748
2 38 -65.3852 -69.0027
2 39 -65.6733 -69.3344
2 40 -65.9565 -69.6696
2 41 -66.2349 -70.0083
2 42 -66.5083 -70.3504
2 43 -66.7766 -70.6957
2 44 -67.0398 -71.0439
2 45 -67.4401 -72.3738
2 46 -67.7999 -72.8563
2 47 -68.1557 -73.3521
2 48 -68.5075 -73.8617
2 49 -68.8555 -74.3856
2 50 -69.1996 -74.9242
2 51 -69.5399 -75.4782
2 52 -69.8762 -76.0481
2 53 -70.2087 -76.6344
2 54 -70.5372 -77.2376
2 55 -70.8618 -77.8585
2 56 -71.1823 -78.4975
2 57 -71.4987 -79.1554
2 58 -71.811 -79.8326
2 59 -72.119 -80.5299
2 60 -72.4227 -81.248
2 61 -72.722 -81.9874
2 62 -73.0168 -82.7489
2 63 -73.3069 -83.5331
2 64 -73.5923 -84.3407
2 65 -73.8729 -85.1723
2 66 -74.1484 -86.0286
2 67 -74.4188 -86.9103
2 68 -74.684 -87.818
2 69 -74.9437 -88.7523
2 70 -75.1978 -89.7137
2 71 -75.4462 -90.7029
2 72 -75.6888 -91.7203
2 73 -75.9252 -92.7664
2 74 -76.1555 -93.8415
2 75 -76.3793 -94.946
2 76 -76.5966 -96.08
2 77 -76.8071 -97.2438
2 78 -77.0106 -98.4374
2 79 -77.2071 -99.6606
2 80 -77.3963 -100.913
2 81 -77.578 -102.195
2 82 -77.7521 -103.506
2 83 -77.9185 -104.844
2 84 -78.0768 -106.21
2 85 -78.2271 -107.601
2 86 -78.3692 -109.018
2 87 -78.5029 -110.458
2 88 -78.6282 -111.921
2 89 -78.7449 -113.404
2 90 -78.8529 -114.905
2 91 -78.9523 -116.423
2 92 -79.0429 -117.955
2 93 -79.1248 -119.499
2 94 -79.1979 -121.052
2 95 -79.2622 -122.612
2 96 -79.3179 -124.176
2 97 -79.3649 -125.742
2 98 -79.4034 -127.306
2 99 -79.4335 -128.866
2 100 -79.4553 -130.42
2 101 -79.469 -131.964
2 102 -79.4747 -133.497
2 103 -79.4727 -135.015
2 104 -79.4632 -136.516
2 105 -79.4463 -137.998
2 106 -79.4224 -139.459
2 107 -79.3917 -140.897
2 108 -79.3545 -142.31
2 109 -79.311 -143.697
2 110 -79.2615 -145.056
3 1 -52.6527 -59.5338
3 2 -53.1491 -59.6827
3 3 -53.5944 -59.8364
3 4 -54.0188 -59.9938
3 5 -54.4316 -60.1545
3 6 -54.8372 -60.3185
3 7 -55.2377 -60.4858
3 8 -55.6345 -60.6563
3 9 -56.0284 -60.8301
3 10 -56.4199 -61.0073
3 11 -56.8094 -61.188
3 12 -57.197 -61.3722
3 13 -57.5831 -61.5601
3 14 -57.9677 -61.7517
3 15 -57.658 -61.8326
3 16 -58.0604 -62.0223
3 17 -58.4558 -62.2157
3 18 -58.8453 -62.4126
3 19 -59.2292 -62.613
3 20 -59.6081 -62.8171
3 21 -59.9823 -63.0249
3 22 -60.3521 -63.2362
3 23 -60.7176 -63.4513
3 24 -61.079 -63.67
3 25 -61.4363 -63.8924
3 26 -61.7897 -64.1185
3 27 -62.139 -64.3483
3 28 -62.4845 -64.5819
3 29 -62.8259 -64.8191
3 30 -63.1634 -65.0601
3 31 -63.4968 -65.3048
3 32 -63.8262 -65.5533
3 33 -64.1514 -65.8054
3 34 -64.4724 -66.0611
3 35 -64.7891 -66.3205
3 36 -65.1015 -66.5835
3 37 -65.4095 -66.85
3 38 -65.713 -67.12
3 39 -66.0119 -67.3934
3 40 -66.3062 -67.6702
3 41 -66.5957 -67.9502
3 42 -66.8804 -68.2334
3 43 -67.1601 -68.5196
3 44 -67.4349 -68.8087
3 45 -67.9019 -69.9334
3 46 -68.2767 -70.3363
3 47 -68.648 -70.7513
3 48 -69.0159 -71.1788
3 49 -69.3803 -71.6193
3 50 -69.7414 -72.0734
3 51 -70.0992 -72.5417
3 52 -70.4535 -73.0247
3 53 -70.8046 -73.523
3 54 -71.1522 -74.0374
3 55 -71.4965 -74.5684
3 56 -71.8372 -75.1168
3 57 -72.1746 -75.6834
3 58 -72.5083 -76.2688
3 59 -72.8385 -76.8739
3 60 -73.1649 -77.4996
3 61 -73.4877 -78.1466
3 62 -73.8065 -78.816
3 63 -74.1215 -79.5085
3 64 -74.4323 -80.2253
3 65 -74.7391 -80.9673
3 66 -75.0415 -81.7354
3 67 -75.3395 -82.5309
3 68 -75.633 -83.3547
3 69 -75.9218 -84.208
3 70 -76.2058 -85.092
3 71 -76.4847 -86.0077
3 72 -76.7585 -86.9562
3 73 -77.0269 -87.9389
3 74 -77.2898 -88.9568
3 75 -77.547 -90.0109
3 76 -77.7982 -91.1026
3 77 -78.0432 -92.2327
3 78 -78.2819 -93.4023
3 79 -78.514 -94.6123
3 80 -78.7393 -95.8635
3 81 -78.9575 -97.1566
3 82 -79.1684 -98.4922
3 83 -79.3718 -99.8706
3 84 -79.5673 -101.292
3 85 -79.7548 -102.757
3 86 -79.9341 -104.264
3 87 -80.1048 -105.814
3 88 -80.2667 -107.404
3 89 -80.4197 -109.035
3 90 -80.5634 -110.705
3 91 -80.6978 -112.411
3 92 -80.8225 -114.152
3 93 -80.9376 -115.925
3 94 -81.0427 -117.727
3 95 -81.1379 -119.554
3 96 -81.223 -121.403
3 97 -81.298 -123.269
3 98 -81.363 -125.149
3 99 -81.4178 -127.039
3 100 -81.4626 -128.933
3 101 -81.4976 -130.827
3 102 -81.5227 -132.716
3 103 -81.5383 -134.596
3 104 -81.5445 -136.461
3 105 -81.5415 -138.309
3 106 -81.5297 -140.134
3 107 -81.5093 -141.933
3 108 -81.4807 -143.703
3 109 -81.4442 -145.439
3 110 -81.4001 -147.14
4 1 -52.6767 -59.4006
4 2 -53.1752 -59.5114
4 3 -53.6241 -59.6264
4 4 -54.0528 -59.7444
4 5 -54.4701 -59.865
4 6 -54.8804 -59.9882
4 7 -55.2859 -60.114
4 8 -55.6877 -60.2422
4 9 -56.0868 -60.3731
4 10 -56.4837 -60.5065
4 11 -56.8786 -60.6426
4 12 -57.2719 -60.7815
4 13 -57.6637 -60.9231
4 14 -58.0541 -61.0677
4 15 -57.7543 -61.1355
4 16 -58.162 -61.2784
4 17 -58.563 -61.4241
4 18 -58.9581 -61.5727
4 19 -59.348 -61.7241
4 20 -59.7329 -61.8783
4 21 -60.1134 -62.0354
4 22 -60.4895 -62.1954
4 23 -60.8616 -62.3582
4 24 -61.2296 -62.524
4 25 -61.5937 -62.6927
4 26 -61.954 -62.8643
4 27 -62.3105 -63.0389
4 28 -62.6632 -63.2164
4 29 -63.012 -63.3969
4 30 -63.357 -63.5804
4 31 -63.698 -63.7669
4 32 -64.0352 -63.9564
4 33 -64.3683 -64.1488
4 34 -64.6974 -64.3442
4 35 -65.0223 -64.5426
4 36 -65.3431 -64.7439
4 37 -65.6595 -64.9482
4 38 -65.9716 -65.1553
4 39 -66.2792 -65.3652
4 40 -66.5823 -65.578
4 41 -66.8808 -65.7935
4 42 -67.1746 -66.0117
4 43 -67.4635 -66.2325
4 44 -67.7476 -66.4558
4 45 -68.2685 -67.3456
4 46 -68.6556 -67.6581
4 47 -69.0396 -67.9806
4 48 -69.4206 -68.3135
4 49 -69.7986 -68.6573
4 50 -70.1737 -69.0125
4 51 -70.546 -69.3795
4 52 -70.9153 -69.7591
4 53 -71.2818 -70.1517
4 54 -71.6455 -70.558
4 55 -72.0063 -70.9786
4 56 -72.3642 -71.4143
4 57 -72.7193 -71.8659
4 58 -73.0714 -72.334
4 59 -73.4205 -72.8196
4 60 -73.7665 -73.3236
4 61 -74.1096 -73.8468
4 62 -74.4494 -74.3903
4 63 -74.7861 -74.9552
4 64 -75.1194 -75.5425
4 65 -75.4494 -76.1535
4 66 -75.7759 -76.7894
4 67 -76.0988 -77.4515
4 68 -76.418 -78.1413
4 69 -76.7335 -78.8603
4 70 -77.045 -79.61
4 71 -77.3524 -80.3921
4 72 -77.6556 -81.2083
4 73 -77.9545 -82.0605
4 74 -78.2488 -82.9506
4 75 -78.5384 -83.8807
4 76 -78.823 -84.8527
4 77 -79.1025 -85.869
4 78 -79.3767 -86.9318
4 79 -79.6453 -88.0433
4 80 -79.9081 -89.2061
4 81 -80.1648 -90.4225
4 82 -80.4151 -91.6949
4 83 -80.6587 -93.0257
4 84 -80.8953 -94.4173
4 85 -81.1246 -95.872
4 86 -81.3463 -97.3919
4 87 -81.5599 -98.9788
4 88 -81.7652 -100.634
4 89 -81.9617 -102.36
4 90 -82.149 -104.156
4 91 -82.3268 -106.024
4 92 -82.4947 -107.962
4 93 -82.6522 -109.971
4 94 -82.799 -112.047
4 95 -82.9348 -114.188
4 96 -83.0592 -116.391
4 97 -83.1718 -118.651
4 98 -83.2725 -120.962
4 99 -83.3611 -123.318
4 100 -83.4373 -125.711
4 101 -83.5011 -128.133
4 102 -83.5525 -130.575
4 103 -83.5915 -133.027
4 104 -83.6182 -135.48
4 105 -83.6329 -137.924
4 106 -83.6358 -140.349
4 107 -83.6272 -142.747
4 108 -83.6076 -145.108
4 109 -83.5773 -147.425
4 110 -83.537 -149.691
5 1 -52.6939 -59.2661
5 2 -53.1939 -59.3383
5 3 -53.6454 -59.414
5 4 -54.0771 -59.4921
5 5 -54.4977 -59.5721
5 6 -54.9114 -59.6539
5 7 -55.3204 -59.7375
5 8 -55.7259 -59.8228
5 9 -56.1287 -59.9099
5 10 -56.5294 -59.9988
5 11 -56.9283 -60.0895
5 12 -57.3256 -60.1821
5 13 -57.7215 -60.2766
5 14 -58.116 -60.3731
5 15 -57.8234 -60.4273
5 16 -58.2349 -60.5222
5 17 -58.6399 -60.6192
5 18 -59.0391 -60.7182
5 19 -59.4332 -60.8192
5 20 -59.8225 -60.9221
5 21 -60.2075 -61.0271
5 22 -60.5882 -61.134
5 23 -60.9649 -61.243
5 24 -61.3378 -61.354
5 25 -61.7069 -61.467
5 26 -62.0722 -61.5821
5 27 -62.4338 -61.6993
5 28 -62.7917 -61.8185
5 29 -63.1458 -61.9399
5 30 -63.4962 -62.0633
5 31 -63.8429 -62.1888
5 32 -64.1857 -62.3164
5 33 -64.5245 -62.4462
5 34 -64.8595 -62.578
5 35 -65.1904 -62.712
5 36 -65.5172 -62.848
5 37 -65.8398 -62.9862
5 38 -66.1581 -63.1264
5 39 -66.4721 -63.2686
5 40 -66.7817 -63.4129
5 41 -67.0867 -63.5592
5 42 -67.3872 -63.7075
5 43 -67.6829 -63.8577
5 44 -67.9739 -64.0098
5 45 -68.5346 -64.6396
5 46 -68.9308 -64.8527
5 47 -69.3243 -65.0729
5 48 -69.7151 -65.3006
5 49 -70.1033 -65.5361
5 50 -70.4889 -65.7799
5 51 -70.872 -66.0323
5 52 -71.2527 -66.2938
5 53 -71.6309 -66.5649
5 54 -72.0067 -66.846
5 55 -72.3801 -67.1378
5 56 -72.751 -67.4407
5 57 -73.1196 -67.7555
5 58 -73.4858 -68.0827
5 59 -73.8495 -68.4231
5 60 -74.2108 -68.7774
5 61 -74.5696 -69.1465
5 62 -74.9259 -69.5312
5 63 -75.2797 -69.9325
5 64 -75.6308 -70.3514
5 65 -75.9793 -70.789
5 66 -76.3251 -71.2465
5 67 -76.6681 -71.7252
5 68 -77.0083 -72.2265
5 69 -77.3456 -72.7518
5 70 -77.6799 -73.3028
5 71 -78.0112 -73.8812
5 72 -78.3392 -74.4891
5 73 -78.664 -75.1283
5 74 -78.9854 -75.8012
5 75 -79.3033 -76.5102
5 76 -79.6175 -77.2581
5 77 -79.9279 -78.0476
5 78 -80.2343 -78.8819
5 79 -80.5366 -79.7645
5 80 -80.8345 -80.699
5 81 -81.1279 -81.6894
5 82 -81.4164 -82.7403
5 83 -81.7 -83.8562
5 84 -81.9782 -85.0423
5 85 -82.2508 -86.3041
5 86 -82.5174 -87.6474
5 87 -82.7776 -89.0787
5 88 -83.0311 -90.6044
5 89 -83.2773 -92.2316
5 90 -83.5159 -93.9674
5 91 -83.7462 -95.8193
5 92 -83.9676 -97.7945
5 93 -84.1796 -99.9001
5 94 -84.3814 -102.143
5 95 -84.5723 -104.528
5 96 -84.7516 -107.06
5 97 -84.9184 -109.741
5 98 -85.0719 -112.572
5 99 -85.2112 -115.55
5 100 -85.3358 -118.667
5 101 -85.4446 -121.914
5 102 -85.5373 -125.276
5 103 -85.6131 -128.733
5 104 -85.6719 -132.263
5 105 -85.7133 -135.839
5 106 -85.7374 -139.432
5 107 -85.7445 -143.014
5 108 -85.735 -146.555
5 109 -85.7095 -150.028
5 110 -85.6688 -153.41
6 1 -52.7045 -59.1307
6 2 -53.2052 -59.164
6 3 -53.6583 -59.2001
6 4 -54.0917 -59.2379
6 5 -54.5143 -59.2768
6 6 -54.93 -59.3169
6 7 -55.3411 -59.3579
6 8 -55.7488 -59.3998
6 9 -56.1538 -59.4427
6 10 -56.5568 -59.4865
6 11 -56.958 -59.5313
6 12 -57.3577 -59.577
6 13 -57.756 -59.6237
6 14 -58.1531 -59.6713
6 15 -57.8651 -59.7116
6 16 -58.2789 -59.7579
6 17 -58.6863 -59.8053
6 18 -59.088 -59.8538
6 19 -59.4846 -59.9035
6 20 -59.8765 -59.9542
6 21 -60.2641 -60.006
6 22 -60.6476 -60.0589
6 23 -61.0272 -60.1128
6 24 -61.4029 -60.1678
6 25 -61.7749 -60.2239
6 26 -62.1433 -60.2811
6 27 -62.508 -60.3394
6 28 -62.869 -60.3987
6 29 -63.2264 -60.4592
6 30 -63.5801 -60.5208
6 31 -63.93 -60.5834
6 32 -64.2762 -60.6472
6 33 -64.6186 -60.7121
6 34 -64.9571 -60.7782
6 35 -65.2916 -60.8453
6 36 -65.6221 -60.9136
6 37 -65.9484 -60.9829
6 38 -66.2706 -61.0534
6 39 -66.5885 -61.125
6 40 -66.902 -61.1977
6 41 -67.211 -61.2715
6 42 -67.5156 -61.3464
6 43 -67.8154 -61.4223
6 44 -68.1106 -61.4993
6 45 -68.6966 -61.851
6 46 -69.0984 -61.958
6 47 -69.4976 -62.0688
6 48 -69.8944 -62.1835
6 49 -70.2888 -62.3024
6 50 -70.6809 -62.4256
6 51 -71.0708 -62.5533
6 52 -71.4585 -62.6859
6 53 -71.8439 -62.8236
6 54 -72.2273 -62.9666
6 55 -72.6085 -63.1153
6 56 -72.9877 -63.27
6 57 -73.3648 -63.431
6 58 -73.7399 -63.5987
6 59 -74.1128 -63.7736
6 60 -74.4838 -63.9561
6 61 -74.8526 -64.1466
6 62 -75.2194 -64.3456
6 63 -75.5842 -64.5538
6 64 -75.9468 -64.7718
6 65 -76.3073 -65.0002
6 66 -76.6657 -65.2397
6 67 -77.0219 -65.4912
6 68 -77.3759 -65.7555
6 69 -77.7277 -66.0336
6 70 -78.0773 -66.3266
6 71 -78.4245 -66.6356
6 72 -78.7695 -66.9619
6 73 -79.112 -67.307
6 74 -79.4521 -67.6724
6 75 -79.7898 -68.0599
6 76 -80.1248 -68.4714
6 77 -80.4573 -68.9092
6 78 -80.7871 -69.3758
6 79 -81.1142 -69.8738
6 80 -81.4384 -70.4065
6 81 -81.7597 -70.9774
6 82 -82.0779 -71.5905
6 83 -82.393 -72.2504
6 84 -82.7048 -72.9623
6 85 -83.0132 -73.7323
6 86 -83.318 -74.5673
6 87 -83.619 -75.4752
6 88 -83.916 -76.4653
6 89 -84.2087 -77.5485
6 90 -84.4969 -78.7372
6 91 -84.7803 -80.0463
6 92 -85.0583 -81.493
6 93 -85.3306 -83.0977
6 94 -85.5965 -84.8842
6 95 -85.8553 -86.8807
6 96 -86.1063 -89.1201
6 97 -86.3483 -91.6405
6 98 -86.5802 -94.4857
6 99 -86.8005 -97.7048
6 100 -87.0072 -101.351
6 101 -87.1983 -105.477
6 102 -87.3711 -110.131
6 103 -87.5228 -115.345
6 104 -87.6501 -121.124
6 105 -87.75 -127.424
6 106 -87.8198 -134.147
6 107 -87.8575 -141.134
6 108 -87.8626 -148.185
6 109 -87.8358 -155.088
6 110 -87.7792 -161.655
7 1 -52.7086 -58.9949
7 2 -53.2093 -58.9891
7 3 -53.6628 -58.9855
7 4 -54.0967 -58.9827
7 5 -54.5199 -58.9805
7 6 -54.9362 -58.9785
7 7 -55.3479 -58.9767
7 8 -55.7563 -58.975
7 9 -56.1621 -58.9735
7 10 -56.5658 -58.9719
7 11 -56.9677 -58.9704
7 12 -57.3682 -58.969
7 13 -57.7673 -58.9675
7 14 -58.1652 -58.9661
7 15 -57.8794 -58.9922
7 16 -58.2939 -58.9894
7 17 -58.702 -58.9869
7 18 -59.1044 -58.9846
7 19 -59.5018 -58.9825
7 20 -59.8946 -58.9805
7 21 -60.283 -58.9786
7 22 -60.6674 -58.9768
7 23 -61.0478 -58.9751
7 24 -61.4245 -58.9736
7 25 -61.7975 -58.972
7 26 -62.1668 -58.9706
7 27 -62.5325 -58.9692
7 28 -62.8946 -58.9679
7 29 -63.253 -58.9667
7 30 -63.6078 -58.9655
7 31 -63.9588 -58.9644
7 32 -64.3061 -58.9633
7 33 -64.6497 -58.9623
7 34 -64.9893 -58.9614
7 35 -65.325 -58.9605
7 36 -65.6567 -58.9597
7 37 -65.9843 -58.9589
7 38 -66.3077 -58.9582
7 39 -66.6269 -58.9576
7 40 -66.9417 -58.9571
7 41 -67.2521 -58.9566
7 42 -67.558 -58.9563
7 43 -67.8592 -58.956
7 44 -68.1558 -58.9559
7 45 -68.7519 -59.0199
7 46 -69.1555 -59.0174
7 47 -69.5566 -59.015
7 48 -69.9554 -59.0126
7 49 -70.3519 -59.0102
7 50 -70.7461 -59.008
7 51 -71.1382 -59.0058
7 52 -71.5282 -59.0036
7 53 -71.9161 -59.0015
7 54 -72.302 -58.9994
7 55 -72.6858 -58.9973
7 56 -73.0678 -58.9953
7 57 -73.4477 -58.9934
7 58 -73.8258 -58.9914
7 59 -74.2019 -58.9896
7 60 -74.5761 -58.9877
7 61 -74.9483 -58.9859
7 62 -75.3187 -58.9841
7 63 -75.6872 -58.9824
7 64 -76.0538 -58.9806
7 65 -76.4184 -58.979
7 66 -76.7811 -58.9773
7 67 -77.1419 -58.9758
7 68 -77.5008 -58.9742
7 69 -77.8576 -58.9727
7 70 -78.2125 -58.9713
7 71 -78.5655 -58.9699
7 72 -78.9164 -58.9686
7 73 -79.2652 -58.9673
7 74 -79.6121 -58.9661
7 75 -79.9569 -58.965
7 76 -80.2995 -58.964
7 77 -80.6401 -58.963
7 78 -80.9786 -58.9622
7 79 -81.3149 -58.9615
7 80 -81.649 -58.961
7 81 -81.9809 -58.9606
7 82 -82.3106 -58.9604
7 83 -82.6381 -58.9604
7 84 -82.9633 -58.9606
7 85 -83.2862 -58.9611
7 86 -83.6067 -58.9619
7 87 -83.9249 -58.963
7 88 -84.2408 -58.9646
7 89 -84.5542 -58.9666
7 90 -84.8653 -58.9692
7 91 -85.1739 -58.9725
7 92 -85.48 -58.9767
7 93 -85.7836 -58.9818
7 94 -86.0847 -58.9881
7 95 -86.3832 -58.996
7 96 -86.6792 -59.0058
7 97 -86.9725 -59.018
7 98 -87.2633 -59.0334
7 99 -87.5513 -59.0531
7 100 -87.8368 -59.0788
7 101 -88.1195 -59.1131
7 102 -88.3995 -59.1603
7 103 -88.6767 -59.2283
7 104 -88.9512 -59.3333
7 105 -89.2228 -59.513
7 106 -89.4917 -59.8847
7 107 -89.7576 -61.0734
7 108 -89.9769 145.934
7 109 -89.7186 123.181
7 110 -89.4613 122.247
8 1 -52.7061 -58.8592
8 2 -53.2061 -58.8143
8 3 -53.6588 -58.7709
8 4 -54.092 -58.7276
8 5 -54.5144 -58.6842
8 6 -54.93 -58.6402
8 7 -55.3409 -58.5956
8 8 -55.7485 -58.5503
8 9 -56.1534 -58.5043
8 10 -56.5563 -58.4574
8 11 -56.9574 -58.4097
8 12 -57.357 -58.361
8 13 -57.7552 -58.3115
8 14 -58.1522 -58.2609
8 15 -57.8662 -58.2729
8 16 -58.2797 -58.2211
8 17 -58.6869 -58.1687
8 18 -59.0884 -58.1155
8 19 -59.4848 -58.0616
8 20 -59.8766 -58.0069
8 21 -60.2641 -57.9514
8 22 -60.6475 -57.895
8 23 -61.0269 -57.8377
8 24 -61.4025 -57.7795
8 25 -61.7744 -57.7204
8 26 -62.1427 -57.6603
8 27 -62.5072 -57.5993
8 28 -62.8682 -57.5374
8 29 -63.2255 -57.4744
8 30 -63.5791 -57.4105
8 31 -63.929 -57.3456
8 32 -64.2751 -57.2797
8 33 -64.6174 -57.2128
8 34 -64.9558 -57.1449
8 35 -65.2903 -57.076
8 36 -65.6207 -57.0062
8 37 -65.947 -56.9353
8 38 -66.2691 -56.8635
8 39 -66.5869 -56.7907
8 40 -66.9004 -56.7169
8 41 -67.2094 -56.6423
8 42 -67.5139 -56.5667
8 43 -67.8138 -56.4903
8 44 -68.1089 -56.413
8 45 -68.6997 -56.189
8 46 -69.1013 -56.0769
8 47 -69.5004 -55.9613
8 48 -69.897 -55.8418
8 49 -70.2912 -55.7183
8 50 -70.6831 -55.5906
8 51 -71.0728 -55.4584
8 52 -71.4603 -55.3215
8 53 -71.8456 -55.1796
8 54 -72.2288 -55.0325
8 55 -72.6099 -54.8797
8 56 -72.989 -54.7211
8 57 -73.3659 -54.5562
8 58 -73.7408 -54.3846
8 59 -74.1137 -54.206
8 60 -74.4844 -54.0199
8 61 -74.8532 -53.8259
8 62 -75.2198 -53.6233
8 63 -75.5844 -53.4117
8 64 -75.9469 -53.1904
8 65 -76.3073 -52.9588
8 66 -76.6656 -52.7161
8 67 -77.0217 -52.4615
8 68 -77.3756 -52.1942
8 69 -77.7273 -51.9132
8 70 -78.0768 -51.6175
8 71 -78.4239 -51.3058
8 72 -78.7688 -50.977
8 73 -79.1112 -50.6296
8 74 -79.4512 -50.262
8 75 -79.7888 -49.8725
8 76 -80.1238 -49.4591
8 77 -80.4562 -49.0197
8 78 -80.786 -48.5518
8 79 -81.113 -48.0526
8 80 -81.4372 -47.5191
8 81 -81.7584 -46.9477
8 82 -82.0767 -46.3345
8 83 -82.3917 -45.6749
8 84 -82.7036 -44.9637
8 85 -83.012 -44.195
8 86 -83.3169 -43.3619
8 87 -83.618 -42.4565
8 88 -83.9151 -41.4696
8 89 -84.208 -40.3905
8 90 -84.4964 -39.2068
8 91 -84.78 -37.9038
8 92 -85.0583 -36.4644
8 93 -85.3309 -34.8683
8 94 -85.5972 -33.0917
8 95 -85.8566 -31.1067
8 96 -86.1081 -28.8804
8 97 -86.3509 -26.3746
8 98 -86.5837 -23.5453
8 99 -86.8049 -20.343
8 100 -87.0128 -16.7142
8 101 -87.2052 -12.6041
8 102 -87.3796 -7.96262
8 103 -87.5329 -2.75465
8 104 -87.6622 3.02651
8 105 -87.7641 9.34259
8 106 -87.8359 16.097
8 107 -87.8756 23.1321
8 108 -87.8824 30.2448
8 109 -87.8571 37.2183
8 110 -87.8019 43.8596
9 1 -52.6971 -58.7241
9 2 -53.1956 -58.6401
9 3 -53.6465 -58.5571
9 4 -54.0777 -58.4736
9 5 -54.4979 -58.3891
9 6 -54.9113 -58.3033
9 7 -55.3201 -58.2162
9 8 -55.7253 -58.1275
9 9 -56.1279 -58.0372
9 10 -56.5284 -57.9453
9 11 -56.9271 -57.8516
9 12 -57.3241 -57.7561
9 13 -57.7198 -57.6588
9 14 -58.1142 -57.5594
9 15 -57.8255 -57.5576
9 16 -58.2365 -57.4572
9 17 -58.6411 -57.3552
9 18 -59.04 -57.2516
9 19 -59.4338 -57.1464
9 20 -59.8228 -57.0395
9 21 -60.2075 -56.9308
9 22 -60.5879 -56.8203
9 23 -60.9644 -56.708
9 24 -61.3371 -56.5939
9 25 -61.7059 -56.4779
9 26 -62.071 -56.36
9 27 -62.4324 -56.2401
9 28 -62.7901 -56.1183
9 29 -63.1441 -55.9946
9 30 -63.4944 -55.8688
9 31 -63.8408 -55.7411
9 32 -64.1834 -55.6114
9 33 -64.5222 -55.4797
9 34 -64.857 -55.3461
9 35 -65.1878 -55.2104
9 36 -65.5144 -55.0728
9 37 -65.8369 -54.9333
9 38 -66.1552 -54.7918
9 39 -66.4691 -54.6484
9 40 -66.7786 -54.5031
9 41 -67.0836 -54.356
9 42 -67.384 -54.2071
9 43 -67.6797 -54.0565
9 44 -67.9706 -53.9041
9 45 -68.541 -53.4008
9 46 -68.9368 -53.1827
9 47 -69.3299 -52.9576
9 48 -69.7203 -52.7252
9 49 -70.1081 -52.4851
9 50 -70.4934 -52.2368
9 51 -70.8762 -51.9801
9 52 -71.2565 -51.7143
9 53 -71.6344 -51.4391
9 54 -72.0099 -51.1539
9 55 -72.383 -50.8582
9 56 -72.7537 -50.5515
9 57 -73.122 -50.233
9 58 -73.4878 -49.9021
9 59 -73.8513 -49.5581
9 60 -74.2123 -49.2003
9 61 -74.5709 -48.8278
9 62 -74.9269 -48.4398
9 63 -75.2804 -48.0353
9 64 -75.6313 -47.6132
9 65 -75.9796 -47.1726
9 66 -76.3252 -46.7122
9 67 -76.668 -46.2307
9 68 -77.008 -45.7268
9 69 -77.3451 -45.1989
9 70 -77.6792 -44.6455
9 71 -78.0102 -44.0648
9 72 -78.3381 -43.4549
9 73 -78.6627 -42.8137
9 74 -78.984 -42.139
9 75 -79.3017 -41.4284
9 76 -79.6158 -40.6793
9 77 -79.9261 -39.8887
9 78 -80.2324 -39.0535
9 79 -80.5347 -38.1704
9 80 -80.8326 -37.2356
9 81 -81.1259 -36.2452
9 82 -81.4145 -35.1948
9 83 -81.6981 -34.0797
9 84 -81.9764 -32.8948
9 85 -82.2491 -31.6347
9 86 -82.5158 -30.2934
9 87 -82.7763 -28.8648
9 88 -83.03 -27.3422
9 89 -83.2766 -25.7186
9 90 -83.5155 -23.9868
9 91 -83.7463 -22.1396
9 92 -83.9682 -20.1694
9 93 -84.1808 -18.0693
9 94 -84.3833 -15.8325
9 95 -84.575 -13.4532
9 96 -84.7551 -10.927
9 97 -84.9229 -8.25105
9 98 -85.0775 -5.4251
9 99 -85.2181 -2.45172
9 100 -85.3439 0.662968
9 101 -85.4542 3.9088
9 102 -85.5483 7.27132
9 103 -85.6257 10.7318
9 104 -85.6861 14.2673
9 105 -85.7292 17.8519
9 106 -85.755 21.457
9 107 -85.7639 25.0533
9 108 -85.756 28.6117
9 109 -85.7323 32.1049
9 110 -85.6933 35.5084
10 1 -52.6815 -58.5901
10 2 -53.1778 -58.4673
10 3 -53.6257 -58.345
10 4 -54.0537 -58.2216
10 5 -54.4705 -58.0964
10 6 -54.8804 -57.9693
10 7 -55.2854 -57.84
10 8 -55.6869 -57.7084
10 9 -56.0857 -57.5744
10 10 -56.4822 -57.438
10 11 -56.8769 -57.2989
10 12 -57.2698 -57.1572
10 13 -57.6613 -57.0127
10 14 -58.0514 -56.8653
10 15 -57.7575 -56.8501
10 16 -58.1645 -56.7017
10 17 -58.5649 -56.551
10 18 -58.9595 -56.3978
10 19 -59.3489 -56.2422
10 20 -59.7334 -56.084
10 21 -60.1134 -55.9233
10 22 -60.4892 -55.7598
10 23 -60.8609 -55.5937
10 24 -61.2286 -55.4249
10 25 -61.5924 -55.2533
10 26 -61.9524 -55.0789
10 27 -62.3086 -54.9017
10 28 -62.6609 -54.7217
10 29 -63.0095 -54.5388
10 30 -63.3542 -54.3531
10 31 -63.6951 -54.1645
10 32 -64.032 -53.973
10 33 -64.3649 -53.7787
10 34 -64.6938 -53.5816
10 35 -65.0186 -53.3816
10 36 -65.3391 -53.1788
10 37 -65.6554 -52.9732
10 38 -65.9674 -52.7649
10 39 -66.2749 -52.5539
10 40 -66.5779 -52.3403
10 41 -66.8763 -52.1241
10 42 -67.17 -51.9054
10 43 -67.4589 -51.6843
10 44 -67.743 -51.4608
10 45 -68.2783 -50.6953
10 46 -68.6648 -50.3778
10 47 -69.0482 -50.0505
10 48 -69.4287 -49.713
10 49 -69.8062 -49.3647
10 50 -70.1808 -49.0052
10 51 -70.5525 -48.6339
10 52 -70.9214 -48.2502
10 53 -71.2875 -47.8536
10 54 -71.6507 -47.4434
10 55 -72.011 -47.019
10 56 -72.3685 -46.5796
10 57 -72.7231 -46.1245
10 58 -73.0748 -45.6528
10 59 -73.4235 -45.1638
10 60 -73.7692 -44.6566
10 61 -74.1118 -44.1302
10 62 -74.4513 -43.5837
10 63 -74.7876 -43.0159
10 64 -75.1207 -42.4257
10 65 -75.4503 -41.8121
10 66 -75.7765 -41.1736
10 67 -76.0991 -40.509
10 68 -76.4181 -39.8169
10 69 -76.7332 -39.0958
10 70 -77.0445 -38.3441
10 71 -77.3517 -37.5602
10 72 -77.6547 -36.7423
10 73 -77.9534 -35.8887
10 74 -78.2475 -34.9973
10 75 -78.5369 -34.0662
10 76 -78.8214 -33.0933
10 77 -79.1009 -32.0764
10 78 -79.375 -31.0133
10 79 -79.6435 -29.9017
10 80 -79.9063 -28.7391
10 81 -80.163 -27.5232
10 82 -80.4134 -26.2515
10 83 -80.6571 -24.9217
10 84 -80.8939 -23.5314
10 85 -81.1234 -22.0783
10 86 -81.3454 -20.5604
10 87 -81.5593 -18.9756
10 88 -81.765 -17.3224
10 89 -81.962 -15.5994
10 90 -82.1498 -13.8058
10 91 -82.3282 -11.9412
10 92 -82.4967 -10.0058
10 93 -82.655 -8.00053
10 94 -82.8027 -5.92723
10 95 -82.9394 -3.78847
10 96 -83.0647 -1.5878
10 97 -83.1785 0.670243
10 98 -83.2804 2.98014
10 99 -83.3702 5.3354
10 100 -83.4477 7.72861
10 101 -83.5129 10.1516
10 102 -83.5658 12.5954
10 103 -83.6063 15.0508
10 104 -83.6346 17.508
10 105 -83.6509 19.9575
10 106 -83.6555 22.3895
10 107 -83.6486 24.795
10 108 -83.6307 27.1653
10 109 -83.6023 29.4925
10 110 -83.5637 31.7697
11 1 -52.6594 -58.4575
11 2 -53.1528 -58.2965
11 3 -53.5967 -58.1354
11 4 -54.0201 -57.9725
11 5 -54.4322 -57.8073
11 6 -54.8372 -57.6393
11 7 -55.2371 -57.4686
11 8 -55.6334 -57.2948
11 9 -56.0269 -57.1178
11 10 -56.418 -56.9376
11 11 -56.807 -56.7541
11 12 -57.1943 -56.567
11 13 -57.58 -56.3764
11 14 -57.9641 -56.182
11 15 -57.6625 -56.154
11 16 -58.064 -55.9588
11 17 -58.4587 -55.7605
11 18 -58.8474 -55.559
11 19 -59.2306 -55.3543
11 20 -59.6089 -55.1463
11 21 -59.9826 -54.935
11 22 -60.3519 -54.7202
11 23 -60.7169 -54.5019
11 24 -61.0778 -54.2802
11 25 -61.4347 -54.055
11 26 -61.7876 -53.8262
11 27 -62.1366 -53.5938
11 28 -62.4817 -53.3578
11 29 -62.8228 -53.1183
11 30 -63.1599 -52.8752
11 31 -63.4931 -52.6285
11 32 -63.8221 -52.3782
11 33 -64.1471 -52.1243
11 34 -64.4678 -51.8669
11 35 -64.7844 -51.6061
11 36 -65.0966 -51.3418
11 37 -65.4044 -51.074
11 38 -65.7077 -50.803
11 39 -66.0065 -50.5287
11 40 -66.3006 -50.2512
11 41 -66.59 -49.9706
11 42 -66.8746 -49.6871
11 43 -67.1543 -49.4007
11 44 -67.4291 -49.1116
11 45 -67.9156 -48.1081
11 46 -68.2896 -47.7003
11 47 -68.6602 -47.2807
11 48 -69.0273 -46.8487
11 49 -69.391 -46.4038
11 50 -69.7514 -45.9454
11 51 -70.1085 -45.473
11 52 -70.4622 -44.9861
11 53 -70.8127 -44.4838
11 54 -71.1597 -43.9658
11 55 -71.5034 -43.4311
11 56 -71.8436 -42.8792
11 57 -72.1804 -42.3093
11 58 -72.5136 -41.7206
11 59 -72.8433 -41.1123
11 60 -73.1692 -40.4837
11 61 -73.4915 -39.8337
11 62 -73.8099 -39.1616
11 63 -74.1244 -38.4664
11 64 -74.4349 -37.7472
11 65 -74.7412 -37.0028
11 66 -75.0432 -36.2324
11 67 -75.3409 -35.4349
11 68 -75.6341 -34.6091
11 69 -75.9226 -33.754
11 70 -76.2062 -32.8685
11 71 -76.4849 -31.9514
11 72 -76.7585 -31.0015
11 73 -77.0267 -30.0178
11 74 -77.2894 -28.999
11 75 -77.5464 -27.9442
11 76 -77.7975 -26.852
11 77 -78.0425 -25.7216
11 78 -78.2811 -24.5519
11 79 -78.5132 -23.3421
11 80 -78.7386 -22.0912
11 81 -78.9569 -20.7986
11 82 -79.1679 -19.4637
11 83 -79.3715 -18.0862
11 84 -79.5673 -16.6657
11 85 -79.7551 -15.2024
11 86 -79.9347 -13.6965
11 87 -80.1059 -12.1485
11 88 -80.2683 -10.5592
11 89 -80.4218 -8.92976
11 90 -80.5662 -7.26172
11 91 -80.7013 -5.55691
11 92 -80.8268 -3.81754
11 93 -80.9427 -2.04619
11 94 -81.0488 -0.245804
11 95 -81.145 1.58031
11 96 -81.2312 3.42853
11 97 -81.3074 5.29492
11 98 -81.3735 7.17533
11 99 -81.4297 9.06536
11 100 -81.4759 10.9605
11 101 -81.5122 12.8561
11 102 -81.5389 14.7475
11 103 -81.556 16.6302
11 104 -81.5638 18.4997
11 105 -81.5625 20.3515
11 106 -81.5523 22.1817
11 107 -81.5337 23.9864
11 108 -81.5069 25.762
11 109 -81.4722 27.5053
11 110 -81.43 29.2135
12 1 -52.6306 -58.3271
12 2 -53.1205 -58.1283
12 3 -53.5593 -57.9291
12 4 -53.9771 -57.7274
12 5 -54.3832 -57.5228
12 6 -54.7818 -57.3149
12 7 -55.1754 -57.1035
12 8 -55.5651 -56.8884
12 9 -55.9517 -56.6695
12 10 -56.3359 -56.4466
12 11 -56.7178 -56.2196
12 12 -57.0979 -55.9884
12 13 -57.4762 -55.7529
12 14 -57.8528 -55.5129
12 15 -57.5409 -55.4728
12 16 -57.9353 -55.2322
12 17 -58.3228 -54.9879
12 18 -58.704 -54.7398
12 19 -59.0796 -54.4877
12 20 -59.45 -54.2317
12 21 -59.8157 -53.9717
12 22 -60.1767 -53.7077
12 23 -60.5333 -53.4395
12 24 -60.8857 -53.1672
12 25 -61.2339 -52.8908
12 26 -61.5779 -52.6102
12 27 -61.9178 -52.3255
12 28 -62.2537 -52.0366
12 29 -62.5854 -51.7435
12 30 -62.913 -51.4462
12 31 -63.2365 -51.1449
12 32 -63.5557 -50.8394
12 33 -63.8706 -50.5299
12 34 -64.1812 -50.2164
12 35 -64.4875 -49.8989
12 36 -64.7892 -49.5776
12 37 -65.0864 -49.2525
12 38 -65.379 -48.9237
12 39 -65.6669 -48.5913
12 40 -65.95 -48.2555
12 41 -66.2282 -47.9164
12 42 -66.5016 -47.574
12 43 -66.7699 -47.2287
12 44 -67.0331 -46.8806
12 45 -67.4582 -45.6685
12 46 -67.8169 -45.1812
12 47 -68.1718 -44.6809
12 48 -68.5227 -44.1668
12 49 -68.8698 -43.6387
12 50 -69.2131 -43.0959
12 51 -69.5525 -42.5379
12 52 -69.8881 -41.9642
12 53 -70.2198 -41.3742
12 54 -70.5476 -40.7674
12 55 -70.8714 -40.1431
12 56 -71.1913 -39.5008
12 57 -71.507 -38.8398
12 58 -71.8187 -38.1595
12 59 -72.1261 -37.4593
12 60 -72.4292 -36.7385
12 61 -72.728 -35.9964
12 62 -73.0222 -35.2324
12 63 -73.3119 -34.4459
12 64 -73.5968 -33.6361
12 65 -73.8769 -32.8024
12 66 -74.152 -31.9441
12 67 -74.422 -31.0606
12 68 -74.6868 -30.1513
12 69 -74.9462 -29.2155
12 70 -75.2 -28.2527
12 71 -75.4481 -27.2624
12 72 -75.6904 -26.244
12 73 -75.9267 -25.1971
12 74 -76.1568 -24.1213
12 75 -76.3805 -23.0163
12 76 -76.5977 -21.8819
12 77 -76.8082 -20.7179
12 78 -77.0118 -19.5243
12 79 -77.2083 -18.3012
12 80 -77.3976 -17.0487
12 81 -77.5795 -15.7673
12 82 -77.7538 -14.4573
12 83 -77.9204 -13.1195
12 84 -78.0792 -11.7546
12 85 -78.2299 -10.3636
12 86 -78.3724 -8.9477
12 87 -78.5066 -7.50818
12 88 -78.6325 -6.04655
12 89 -78.7499 -4.56452
12 90 -78.8587 -3.06393
12 91 -78.9588 -1.54682
12 92 -79.0503 -0.0153728
12 93 -79.1331 1.5281
12 94 -79.2072 3.08116
12 95 -79.2727 4.64126
12 96 -79.3295 6.20577
12 97 -79.3777 7.77203
12 98 -79.4175 9.33733
12 99 -79.449 10.899
12 100 -79.4722 12.4542
12 101 -79.4873 14.0005
12 102 -79.4946 15.5352
12 103 -79.4942 17.0559
12 104 -79.4863 18.5602
12 105 -79.4711 20.046
12 106 -79.449 21.511
12 107 -79.4201 22.9536
12 108 -79.3847 24.3718
12 109 -79.3431 25.7642
12 110 -79.2956 27.1294
13 1 -52.5949 -58.1991
13 2 -53.0809 -57.9634
13 3 -53.5137 -57.7267
13 4 -53.9246 -57.4872
13 5 -54.3235 -57.2442
13 6 -54.7146 -56.9973
13 7 -55.1004 -56.7463
13 8 -55.4821 -56.491
13 9 -55.8605 -56.2313
13 10 -56.2363 -55.967
13 11 -56.6097 -55.698
13 12 -56.981 -55.4241
13 13 -57.3504 -55.1452
13 14 -57.7179 -54.8612
13 15 -57.393 -54.8101
13 16 -57.779 -54.5258
13 17 -58.1578 -54.2373
13 18 -58.5301 -53.9444
13 19 -58.8965 -53.6471
13 20 -59.2575 -53.3454
13 21 -59.6135 -53.0391
13 22 -59.9647 -52.7282
13 23 -60.3113 -52.4128
13 24 -60.6534 -52.0927
13 25 -60.9912 -51.7681
13 26 -61.3246 -51.4388
13 27 -61.6538 -51.105
13 28 -61.9786 -50.7665
13 29 -62.2992 -50.4235
13 30 -62.6155 -50.076
13 31 -62.9274 -49.7241
13 32 -63.2349 -49.3677
13 33 -63.538 -49.007
13 34 -63.8366 -48.6421
13 35 -64.1306 -48.273
13 36 -64.42 -47.8999
13 37 -64.7047 -47.5228
13 38 -64.9847 -47.142
13 39 -65.2598 -46.7576
13 40 -65.5299 -46.3696
13 41 -65.7951 -45.9784
13 42 -66.0552 -45.5842
13 43 -66.3102 -45.187
13 44 -66.5599 -44.7872
13 45 -66.9119 -43.3988
13 46 -67.2532 -42.8438
13 47 -67.5901 -42.2752
13 48 -67.9226 -41.6925
13 49 -68.2507 -41.0952
13 50 -68.5745 -40.4831
13 51 -68.894 -39.8556
13 52 -69.2091 -39.2123
13 53 -69.5198 -38.5527
13 54 -69.826 -37.8764
13 55 -70.1278 -37.1831
13 56 -70.425 -36.4721
13 57 -70.7176 -35.7431
13 58 -71.0056 -34.9957
13 59 -71.2887 -34.2295
13 60 -71.567 -33.4439
13 61 -71.8403 -32.6387
13 62 -72.1086 -31.8134
13 63 -72.3717 -30.9676
13 64 -72.6295 -30.1011
13 65 -72.8819 -29.2134
13 66 -73.1288 -28.3044
13 67 -73.3701 -27.3738
13 68 -73.6056 -26.4213
13 69 -73.8352 -25.4469
13 70 -74.0588 -24.4503
13 71 -74.2762 -23.4316
13 72 -74.4873 -22.3907
13 73 -74.692 -21.3277
13 74 -74.8902 -20.2429
13 75 -75.0816 -19.1363
13 76 -75.2663 -18.0083
13 77 -75.444 -16.8594
13 78 -75.6146 -15.6899
13 79 -75.7781 -14.5006
13 80 -75.9342 -13.292
13 81 -76.083 -12.0651
13 82 -76.2243 -10.8206
13 83 -76.3581 -9.55957
13 84 -76.4842 -8.28315
13 85 -76.6026 -6.9925
13 86 -76.7132 -5.68894
13 87 -76.8161 -4.37384
13 88 -76.9111 -3.04869
13 89 -76.9983 -1.71504
13 90 -77.0777 -0.374501
13 91 -77.1492 0.971242
13 92 -77.213 2.32046
13 93 -77.2691 3.67141
13 94 -77.3175 5.02229
13 95 -77.3584 6.37131
13 96 -77.3918 7.71669
13 97 -77.4179 9.05666
13 98 -77.4367 10.3895
13 99 -77.4484 11.7134
13 100 -77.4532 13.0269
13 101 -77.4512 14.3282
13 102 -77.4427 15.616
13 103 -77.4278 16.8888
13 104 -77.4067 18.1452
13 105 -77.3795 19.384
13 106 -77.3467 20.604
13 107 -77.3082 21.8043
13 108 -77.2645 22.9838
13 109 -77.2156 24.1418
13 110 -77.1619 25.2774
14 1 -52.552 -58.0742
14 2 -53.0341 -57.8022
14 3 -53.4599 -57.5292
14 4 -53.8629 -57.2528
14 5 -54.2533 -56.9724
14 6 -54.6357 -56.6876
14 7 -55.0123 -56.3983
14 8 -55.3847 -56.1041
14 9 -55.7536 -55.805
14 10 -56.1197 -55.5008
14 11 -56.4831 -55.1913
14 12 -56.8443 -54.8765
14 13 -57.2033 -54.556
14 14 -57.5603 -54.2299
14 15 -57.2194 -54.169
14 16 -57.5957 -53.8431
14 17 -57.9644 -53.5125
14 18 -58.3264 -53.1771
14 19 -58.6822 -52.837
14 20 -59.0324 -52.4919
14 21 -59.3773 -52.142
14 22 -59.7171 -51.7872
14 23 -60.0521 -51.4274
14 24 -60.3825 -51.0628
14 25 -60.7082 -50.6932
14 26 -61.0294 -50.3188
14 27 -61.3461 -49.9395
14 28 -61.6584 -49.5554
14 29 -61.9662 -49.1666
14 30 -62.2694 -48.7731
14 31 -62.5682 -48.3751
14 32 -62.8624 -47.9725
14 33 -63.1519 -47.5656
14 34 -63.4368 -47.1544
14 35 -63.717 -46.7391
14 36 -63.9924 -46.3198
14 37 -64.2629 -45.8967
14 38 -64.5285 -45.47
14 39 -64.7892 -45.0398
14 40 -65.0447 -44.6065
14 41 -65.2952 -44.1701
14 42 -65.5404 -43.731
14 43 -65.7804 -43.2895
14 44 -66.0151 -42.8457
14 45 -66.2834 -41.3146
14 46 -66.6054 -40.7038
14 47 -66.9226 -40.0794
14 48 -67.2349 -39.4412
14 49 -67.5423 -38.7889
14 50 -67.845 -38.1221
14 51 -68.1428 -37.4406
14 52 -68.4358 -36.744
14 53 -68.7239 -36.0321
14 54 -69.0071 -35.3045
14 55 -69.2853 -34.561
14 56 -69.5585 -33.8013
14 57 -69.8266 -33.0252
14 58 -70.0896 -32.2325
14 59 -70.3473 -31.4229
14 60 -70.5997 -30.5962
14 61 -70.8467 -29.7524
14 62 -71.0882 -28.8912
14 63 -71.3241 -28.0126
14 64 -71.5543 -27.1165
14 65 -71.7788 -26.2029
14 66 -71.9973 -25.2718
14 67 -72.2099 -24.3233
14 68 -72.4164 -23.3575
14 69 -72.6166 -22.3745
14 70 -72.8106 -21.3745
14 71 -72.9982 -20.3579
14 72 -73.1793 -19.3249
14 73 -73.3539 -18.2759
14 74 -73.5217 -17.2114
14 75 -73.6828 -16.1319
14 76 -73.8371 -15.038
14 77 -73.9844 -13.9304
14 78 -74.1248 -12.8096
14 79 -74.2581 -11.6766
14 80 -74.3843 -10.5321
14 81 -74.5034 -9.37711
14 82 -74.6153 -8.21255
14 83 -74.72 -7.03945
14 84 -74.8174 -5.85888
14 85 -74.9077 -4.67197
14 86 -74.9907 -3.47988
14 87 -75.0666 -2.28383
14 88 -75.1352 -1.08505
14 89 -75.1968 0.115216
14 90 -75.2512 1.31568
14 91 -75.2987 2.51506
14 92 -75.3392 3.71207
14 93 -75.3729 4.90543
14 94 -75.3998 6.09387
14 95 -75.4201 7.27615
14 96 -75.4339 8.45105
14 97 -75.4412 9.61738
14 98 -75.4424 10.774
14 99 -75.4374 11.9198
14 100 -75.4265 13.0538
14 101 -75.4099 14.1749
14 102 -75.3876 15.2822
14 103 -75.3599 16.3749
14 104 -75.3269 17.4521
14 105 -75.2889 18.513
14 106 -75.2459 19.5571
14 107 -75.1983 20.5837
14 108 -75.1463 21.5922
14 109 -75.0899 22.5821
14 110 -75.0294 23.5531
15 1 -52.5016 -57.9527
15 2 -52.9765 -57.6459
15 3 -53.3979 -57.3371
15 4 -53.792 -57.025
15 5 -54.1729 -56.7085
15 6 -54.5452 -56.3872
15 7 -54.9116 -56.0609
15 8 -55.2734 -55.7294
15 9 -55.6315 -55.3925
15 10 -55.9864 -55.0501
15 11 -56.3386 -54.7019
15 12 -56.6882 -54.3479
15 13 -57.0355 -53.988
15 14 -57.3805 -53.622
15 15 -57.0205 -53.5525
15 16 -57.386 -53.1872
15 17 -57.7434 -52.8169
15 18 -58.0938 -52.4415
15 19 -58.4377 -52.0611
15 20 -58.7756 -51.6757
15 21 -59.108 -51.2851
15 22 -59.4351 -50.8894
15 23 -59.7571 -50.4886
15 24 -60.0743 -50.0827
15 25 -60.3866 -49.6719
15 26 -60.6941 -49.256
15 27 -60.997 -48.8353
15 28 -61.2951 -48.4098
15 29 -61.5887 -47.9795
15 30 -61.8775 -47.5446
15 31 -62.1616 -47.1052
15 32 -62.4409 -46.6615
15 33 -62.7155 -46.2135
15 34 -62.9852 -45.7615
15 35 -63.2501 -45.3056
15 36 -63.51 -44.846
15 37 -63.7649 -44.3829
15 38 -64.0147 -43.9166
15 39 -64.2595 -43.4473
15 40 -64.499 -42.9752
15 41 -64.7333 -42.5007
15 42 -64.9624 -42.024
15 43 -65.186 -41.5455
15 44 -65.4043 -41.0654
15 45 -65.5794 -39.4251
15 46 -65.8808 -38.7697
15 47 -66.177 -38.1016
15 48 -66.4678 -37.4204
15 49 -66.7534 -36.7261
15 50 -67.0338 -36.0184
15 51 -67.3089 -35.2971
15 52 -67.5787 -34.5621
15 53 -67.8432 -33.8132
15 54 -68.1025 -33.0503
15 55 -68.3563 -32.2733
15 56 -68.6048 -31.4821
15 57 -68.8478 -30.6765
15 58 -69.0852 -29.8567
15 59 -69.3171 -29.0225
15 60 -69.5433 -28.1739
15 61 -69.7638 -27.3111
15 62 -69.9785 -26.434
15 63 -70.1873 -25.5428
15 64 -70.3902 -24.6377
15 65 -70.5871 -23.7188
15 66 -70.7778 -22.7863
15 67 -70.9624 -21.8406
15 68 -71.1408 -20.8818
15 69 -71.3128 -19.9105
15 70 -71.4785 -18.9269
15 71 -71.6377 -17.9316
15 72 -71.7904 -16.9249
15 73 -71.9366 -15.9075
15 74 -72.0761 -14.8799
15 75 -72.209 -13.8428
15 76 -72.3352 -12.7968
15 77 -72.4547 -11.7427
15 78 -72.5674 -10.6811
15 79 -72.6734 -9.61294
15 80 -72.7726 -8.53898
15 81 -72.865 -7.46009
15 82 -72.9506 -6.37716
15 83 -73.0295 -5.2911
15 84 -73.1016 -4.20286
15 85 -73.167 -3.11339
15 86 -73.2258 -2.02364
15 87 -73.278 -0.934609
15 88 -73.3237 0.152741
15 89 -73.3629 1.23743
15 90 -73.3957 2.31849
15 91 -73.4222 3.39496
15 92 -73.4426 4.4659
15 93 -73.4568 5.53037
15 94 -73.465 6.58749
15 95 -73.4674 7.63638
15 96 -73.4641 8.6762
15 97 -73.4551 9.70614
15 98 -73.4407 10.7254
15 99 -73.421 11.7333
15 100 -73.3961 12.7292
15 101 -73.3662 13.7123
15 102 -73.3314 14.6821
15 103 -73.292 15.638
15 104 -73.248 16.5795
15 105 -73.1996 17.5062
15 106 -73.1471 18.4176
15 107 -73.0905 19.3133
15 108 -73.0301 20.193
15 109 -72.9659 21.0565
15 110 -72.8983 21.9034
