24 110 2999 31556736
0 0.000000 180 45
0 1 44.3153 -120.27
0 2 44.7735 -119.957
0 3 45.1931 -119.714
0 4 45.598 -119.494
0 5 45.9947 -119.287
0 6 46.3862 -119.086
0 7 46.7741 -118.888
0 8 47.1593 -118.693
0 9 47.5422 -118.497
0 10 47.9232 -118.302
0 11 48.3026 -118.105
0 12 48.6805 -117.907
0 13 49.0569 -117.708
0 14 49.4321 -117.507
0 15 49.2707 -118.182
0 16 49.6558 -117.943
0 17 50.0355 -117.71
0 18 50.4103 -117.481
0 19 50.7806 -117.255
0 20 51.1469 -117.033
0 21 51.5093 -116.812
0 22 51.868 -116.593
0 23 52.2232 -116.375
0 24 52.5748 -116.159
0 25 52.9229 -115.943
0 26 53.2677 -115.727
0 27 53.609 -115.512
0 28 53.9468 -115.297
0 29 54.2812 -115.083
0 30 54.612 -114.869
0 31 54.9393 -114.655
0 32 55.2631 -114.442
0 33 55.5831 -114.228
0 34 55.8995 -114.016
0 35 56.2121 -113.804
0 36 56.5209 -113.592
0 37 56.8257 -113.381
0 38 57.1267 -113.171
0 39 57.4236 -112.962
0 40 57.7164 -112.754
0 41 58.005 -112.548
0 42 58.2895 -112.343
0 43 58.5696 -112.139
0 44 58.8454 -111.938
0 45 59.6635 -112.675
0 46 60.0294 -112.33
0 47 60.3926 -111.983
0 48 60.7532 -111.633
0 49 61.1112 -111.28
0 50 61.4668 -110.923
0 51 61.8198 -110.562
0 52 62.1704 -110.198
0 53 62.5186 -109.829
0 54 62.8644 -109.455
0 55 63.2077 -109.077
0 56 63.5486 -108.693
0 57 63.8872 -108.305
0 58 64.2233 -107.911
0 59 64.5569 -107.511
0 60 64.8882 -107.105
0 61 65.217 -106.693
0 62 65.5433 -106.274
0 63 65.8671 -105.849
0 64 66.1884 -105.417
0 65 66.5071 -104.978
0 66 66.8233 -104.532
0 67 67.1368 -104.079
0 68 67.4477 -103.618
0 69 67.7559 -103.149
0 70 68.0614 -102.672
0 71 68.3642 -102.187
0 72 68.6642 -101.693
0 73 68.9613 -101.191
0 74 69.2556 -100.68
0 75 69.547 -100.16
0 76 69.8354 -99.6305
0 77 70.1209 -99.0917
0 78 70.4034 -98.5433
0 79 70.6827 -97.9852
0 80 70.959 -97.417
0 81 71.2321 -96.8387
0 82 71.502 -96.25
0 83 71.7687 -95.6507
0 84 72.0321 -95.0408
0 85 72.2922 -94.4201
0 86 72.549 -93.7883
0 87 72.8023 -93.1453
0 88 73.0522 -92.491
0 89 73.2986 -91.8253
0 90 73.5415 -91.1481
0 91 73.7808 -90.4592
0 92 74.0166 -89.7584
0 93 74.2487 -89.0459
0 94 74.4771 -88.3214
0 95 74.7019 -87.5849
0 96 74.9229 -86.8364
0 97 75.1402 -86.0758
0 98 75.3537 -85.3031
0 99 75.5633 -84.5184
0 100 75.7691 -83.7217
0 101 75.9711 -82.913
0 102 76.1692 -82.0925
0 103 76.3634 -81.2601
0 104 76.5537 -80.4161
0 105 76.74 -79.5605
0 106 76.9225 -78.6937
0 107 77.101 -77.8157
0 108 77.2756 -76.9268
0 109 77.4462 -76.0274
0 110 77.6129 -75.1175
1 1 44.3046 -120.117
1 2 44.7479 -119.787
1 3 45.1573 -119.518
1 4 45.5529 -119.27
1 5 45.9409 -119.032
1 6 46.3239 -118.801
1 7 46.7033 -118.572
1 8 47.0799 -118.344
1 9 47.4543 -118.116
1 10 47.8268 -117.887
1 11 48.1975 -117.658
1 12 48.5667 -117.426
1 13 48.9344 -117.193
1 14 49.3006 -116.957
1 15 49.1542 -117.582
1 16 49.5293 -117.311
1 17 49.899 -117.045
1 18 50.2641 -116.783
1 19 50.6248 -116.524
1 20 50.9814 -116.266
1 21 51.3342 -116.011
1 22 51.6833 -115.756
1 23 52.0288 -115.502
1 24 52.3709 -115.249
1 25 52.7094 -114.996
1 26 53.0445 -114.743
1 27 53.3761 -114.491
1 28 53.7042 -114.238
1 29 54.0289 -113.986
1 30 54.35 -113.733
1 31 54.6675 -113.481
1 32 54.9814 -113.228
1 33 55.2917 -112.976
1 34 55.5982 -112.724
1 35 55.9009 -112.472
1 36 56.1998 -112.22
1 37 56.4948 -111.97
1 38 56.7859 -111.719
1 39 57.0729 -111.47
1 40 57.3558 -111.221
1 41 57.6346 -110.974
1 42 57.9092 -110.728
1 43 58.1796 -110.484
1 44 58.4456 -110.242
1 45 59.2604 -110.699
1 46 59.6112 -110.303
1 47 59.9592 -109.905
1 48 60.3043 -109.502
1 49 60.6468 -109.096
1 50 60.9866 -108.685
1 51 61.3237 -108.27
1 52 61.6581 -107.85
1 53 61.99 -107.425
1 54 62.3191 -106.995
1 55 62.6457 -106.559
1 56 62.9696 -106.117
1 57 63.2908 -105.669
1 58 63.6094 -105.216
1 59 63.9253 -104.756
1 60 64.2385 -104.289
1 61 64.549 -103.816
1 62 64.8567 -103.335
1 63 65.1616 -102.848
1 64 65.4638 -102.353
1 65 65.763 -101.851
1 66 66.0594 -101.342
1 67 66.3529 -100.824
1 68 66.6435 -100.299
1 69 66.931 -99.7652
1 70 67.2155 -99.2234
1 71 67.497 -98.6733
1 72 67.7753 -98.1146
1 73 68.0505 -97.5473
1 74 68.3225 -96.9712
1 75 68.5913 -96.3862
1 76 68.8568 -95.7922
1 77 69.1189 -95.1891
1 78 69.3777 -94.5767
1 79 69.6331 -93.9551
1 80 69.8851 -93.324
1 81 70.1336 -92.6835
1 82 70.3785 -92.0335
1 83 70.6199 -91.3739
1 84 70.8577 -90.7047
1 85 71.0919 -90.0259
1 86 71.3223 -89.3375
1 87 71.5491 -88.6394
1 88 71.7721 -87.9317
1 89 71.9913 -87.2144
1 90 72.2068 -86.4876
1 91 72.4183 -85.7513
1 92 72.626 -85.0056
1 93 72.8299 -84.2506
1 94 73.0298 -83.4864
1 95 73.2258 -82.7133
1 96 73.4178 -81.9312
1 97 73.6059 -81.1405
1 98 73.79 -80.3412
1 99 73.9701 -79.5337
1 100 74.1462 -78.7182
1 101 74.3184 -77.8948
1 102 74.4865 -77.064
1 103 74.6507 -76.226
1 104 74.8109 -75.3812
1 105 74.9672 -74.5298
1 106 75.1195 -73.6723
1 107 75.2678 -72.8091
1 108 75.4123 -71.9405
1 109 75.553 -71.0669
1 110 75.6898 -70.1889
2 1 44.2853 -119.974
2 2 44.7144 -119.624
2 3 45.1127 -119.328
2 4 45.4982 -119.052
2 5 45.8763 -118.785
2 6 46.2495 -118.524
2 7 46.6192 -118.264
2 8 46.9861 -118.005
2 9 47.3506 -117.746
2 10 47.7132 -117.485
2 11 48.074 -117.223
2 12 48.4331 -116.959
2 13 48.7907 -116.692
2 14 49.1466 -116.423
2 15 49.0115 -117.004
2 16 49.3754 -116.702
2 17 49.7342 -116.405
2 18 50.0882 -116.11
2 19 50.4379 -115.818
2 20 50.7836 -115.528
2 21 51.1254 -115.238
2 22 51.4636 -114.95
2 23 51.7981 -114.662
2 24 52.1291 -114.374
2 25 52.4565 -114.086
2 26 52.7805 -113.798
2 27 53.101 -113.51
2 28 53.4179 -113.222
2 29 53.7314 -112.934
2 30 54.0412 -112.645
2 31 54.3474 -112.357
2 32 54.65 -112.068
2 33 54.9489 -111.779
2 34 55.244 -111.49
2 35 55.5354 -111.202
2 36 55.8228 -110.914
2 37 56.1064 -110.626
2 38 56.386 -110.339
2 39 56.6615 -110.052
2 40 56.933 -109.767
2 41 57.2004 -109.483
2 42 57.4635 -109.2
2 43 57.7225 -108.918
2 44 57.9772 -108.639
2 45 58.7742 -108.844
2 46 59.1081 -108.404
2 47 59.4391 -107.96
2 48 59.767 -107.511
2 49 60.0921 -107.058
2 50 60.4143 -106.601
2 51 60.7336 -106.138
2 52 61.0501 -105.671
2 53 61.3636 -105.197
2 54 61.6744 -104.719
2 55 61.9822 -104.234
2 56 62.2872 -103.744
2 57 62.5892 -103.247
2 58 62.8884 -102.744
2 59 63.1846 -102.235
2 60 63.4778 -101.719
2 61 63.7681 -101.196
2 62 64.0553 -100.667
2 63 64.3395 -100.13
2 64 64.6206 -99.5861
2 65 64.8986 -99.0349
2 66 65.1735 -98.4764
2 67 65.4451 -97.9104
2 68 65.7135 -97.3368
2 69 65.9787 -96.7555
2 70 66.2405 -96.1664
2 71 66.499 -95.5696
2 72 66.7541 -94.9649
2 73 67.0058 -94.3522
2 74 67.254 -93.7316
2 75 67.4987 -93.103
2 76 67.7399 -92.4663
2 77 67.9775 -91.8217
2 78 68.2115 -91.169
2 79 68.4418 -90.5083
2 80 68.6684 -89.8396
2 81 68.8914 -89.163
2 82 69.1105 -88.4785
2 83 69.3259 -87.7861
2 84 69.5375 -87.0861
2 85 69.7452 -86.3783
2 86 69.949 -85.6631
2 87 70.149 -84.9404
2 88 70.3451 -84.2105
2 89 70.5372 -83.4735
2 90 70.7253 -82.7295
2 91 70.9096 -81.9788
2 92 71.0898 -81.2215
2 93 71.266 -80.4579
2 94 71.4383 -79.6882
2 95 71.6066 -78.9127
2 96 71.7709 -78.1317
2 97 71.9312 -77.3454
2 98 72.0875 -76.5541
2 99 72.2399 -75.7581
2 100 72.3883 -74.9579
2 101 72.5328 -74.1536
2 102 72.6734 -73.3458
2 103 72.8101 -72.5347
2 104 72.943 -71.7207
2 105 73.072 -70.9043
2 106 73.1973 -70.0858
2 107 73.3188 -69.2656
2 108 73.4367 -68.4443
2 109 73.5509 -67.6221
2 110 73.6616 -66.7996
3 1 44.2585 -119.838
3 2 44.6734 -119.468
3 3 45.0598 -119.146
3 4 45.4341 -118.842
3 5 45.8012 -118.546
3 6 46.1635 -118.255
3 7 46.5223 -117.966
3 8 46.8782 -117.677
3 9 47.2317 -117.387
3 10 47.5831 -117.096
3 11 47.9327 -116.802
3 12 48.2804 -116.507
3 13 48.6264 -116.209
3 14 48.9708 -115.908
3 15 48.8441 -116.45
3 16 49.1957 -116.118
3 17 49.5421 -115.79
3 18 49.8839 -115.465
3 19 50.2215 -115.142
3 20 50.5549 -114.82
3 21 50.8845 -114.498
3 22 51.2103 -114.178
3 23 51.5325 -113.857
3 24 51.8512 -113.537
3 25 52.1662 -113.217
3 26 52.4777 -112.896
3 27 52.7857 -112.575
3 28 53.0901 -112.254
3 29 53.3909 -111.932
3 30 53.6881 -111.61
3 31 53.9816 -111.288
3 32 54.2715 -110.966
3 33 54.5576 -110.644
3 34 54.8399 -110.322
3 35 55.1184 -110
3 36 55.393 -109.678
3 37 55.6637 -109.357
3 38 55.9304 -109.036
3 39 56.1931 -108.716
3 40 56.4518 -108.398
3 41 56.7063 -108.08
3 42 56.9566 -107.764
3 43 57.2028 -107.45
3 44 57.4447 -107.138
3 45 58.2115 -107.119
3 46 58.5271 -106.64
3 47 58.8396 -106.156
3 48 59.1489 -105.668
3 49 59.455 -105.175
3 50 59.7581 -104.678
3 51 60.0581 -104.176
3 52 60.3551 -103.668
3 53 60.6489 -103.155
3 54 60.9397 -102.637
3 55 61.2273 -102.112
3 56 61.5119 -101.582
3 57 61.7933 -101.046
3 58 62.0716 -100.504
3 59 62.3467 -99.9561
3 60 62.6186 -99.4016
3 61 62.8873 -98.8407
3 62 63.1528 -98.2733
3 63 63.4149 -97.6994
3 64 63.6737 -97.1188
3 65 63.9292 -96.5316
3 66 64.1813 -95.9377
3 67 64.43 -95.337
3 68 64.6752 -94.7296
3 69 64.9169 -94.1154
3 70 65.1551 -93.4943
3 71 65.3898 -92.8665
3 72 65.6209 -92.2319
3 73 65.8483 -91.5906
3 74 66.0721 -90.9425
3 75 66.2922 -90.2878
3 76 66.5085 -89.6265
3 77 66.7211 -88.9587
3 78 66.93 -88.2844
3 79 67.135 -87.6038
3 80 67.3362 -86.9169
3 81 67.5336 -86.224
3 82 67.727 -85.5251
3 83 67.9166 -84.8203
3 84 68.1023 -84.11
3 85 68.284 -83.3941
3 86 68.4618 -82.673
3 87 68.6357 -81.9467
3 88 68.8056 -81.2156
3 89 68.9715 -80.4799
3 90 69.1335 -79.7398
3 91 69.2916 -78.9955
3 92 69.4457 -78.2473
3 93 69.5958 -77.4956
3 94 69.742 -76.7405
3 95 69.8843 -75.9824
3 96 70.0227 -75.2216
3 97 70.1573 -74.4585
3 98 70.288 -73.6932
3 99 70.4148 -72.9263
3 100 70.5379 -72.1579
3 101 70.6572 -71.3886
3 102 70.7729 -70.6186
3 103 70.8848 -69.8482
3 104 70.9932 -69.0779
3 105 71.0979 -68.308
3 106 71.1992 -67.539
3 107 71.297 -66.7711
3 108 71.3913 -66.0047
3 109 71.4824 -65.2402
3 110 71.5702 -64.478
4 1 44.2249 -119.711
4 2 44.6253 -119.318
4 3 44.9991 -118.97
4 4 45.3611 -118.639
4 5 45.7161 -118.316
4 6 46.0664 -117.997
4 7 46.413 -117.679
4 8 46.7567 -117.361
4 9 47.098 -117.042
4 10 47.4371 -116.721
4 11 47.7741 -116.398
4 12 48.1092 -116.072
4 13 48.4425 -115.744
4 14 48.7741 -115.413
4 15 48.653 -115.92
4 16 48.9912 -115.56
4 17 49.3243 -115.203
4 18 49.6527 -114.849
4 19 49.9768 -114.496
4 20 50.2969 -114.144
4 21 50.613 -113.793
4 22 50.9253 -113.442
4 23 51.234 -113.092
4 24 51.539 -112.741
4 25 51.8403 -112.39
4 26 52.1381 -112.039
4 27 52.4323 -111.688
4 28 52.7228 -111.336
4 29 53.0098 -110.984
4 30 53.293 -110.632
4 31 53.5726 -110.279
4 32 53.8485 -109.927
4 33 54.1205 -109.574
4 34 54.3888 -109.222
4 35 54.6532 -108.87
4 36 54.9137 -108.518
4 37 55.1703 -108.167
4 38 55.423 -107.816
4 39 55.6716 -107.467
4 40 55.9161 -107.119
4 41 56.1566 -106.772
4 42 56.3929 -106.427
4 43 56.625 -106.084
4 44 56.853 -105.743
4 45 57.5791 -105.529
4 46 57.8752 -105.016
4 47 58.1679 -104.499
4 48 58.4573 -103.978
4 49 58.7433 -103.452
4 50 59.0261 -102.922
4 51 59.3057 -102.387
4 52 59.5819 -101.847
4 53 59.8549 -101.302
4 54 60.1246 -100.751
4 55 60.3909 -100.196
4 56 60.654 -99.635
4 57 60.9138 -99.0686
4 58 61.1702 -98.4966
4 59 61.4232 -97.9191
4 60 61.6729 -97.3359
4 61 61.9191 -96.747
4 62 62.1619 -96.1523
4 63 62.4012 -95.5519
4 64 62.637 -94.9457
4 65 62.8693 -94.3338
4 66 63.098 -93.7161
4 67 63.3231 -93.0927
4 68 63.5447 -92.4636
4 69 63.7625 -91.8288
4 70 63.9767 -91.1885
4 71 64.1873 -90.5426
4 72 64.394 -89.8913
4 73 64.5971 -89.2346
4 74 64.7963 -88.5727
4 75 64.9918 -87.9056
4 76 65.1835 -87.2334
4 77 65.3713 -86.5564
4 78 65.5552 -85.8746
4 79 65.7353 -85.1883
4 80 65.9115 -84.4975
4 81 66.0839 -83.8024
4 82 66.2523 -83.1033
4 83 66.4168 -82.4003
4 84 66.5774 -81.6937
4 85 66.7342 -80.9836
4 86 66.887 -80.2704
4 87 67.0359 -79.5541
4 88 67.1809 -78.8352
4 89 67.322 -78.1138
4 90 67.4592 -77.3902
4 91 67.5926 -76.6646
4 92 67.7222 -75.9374
4 93 67.848 -75.2089
4 94 67.9699 -74.4793
4 95 68.0882 -73.7489
4 96 68.2027 -73.0181
4 97 68.3135 -72.2871
4 98 68.4207 -71.5563
4 99 68.5242 -70.8259
4 100 68.6243 -70.0963
4 101 68.7208 -69.3678
4 102 68.8138 -68.6408
4 103 68.9035 -67.9155
4 104 68.9898 -67.1922
4 105 69.0728 -66.4713
4 106 69.1526 -65.7531
4 107 69.2292 -65.0379
4 108 69.3028 -64.326
4 109 69.3733 -63.6177
4 110 69.4409 -62.9133
5 1 44.185 -119.59
5 2 44.5705 -119.175
5 3 44.9307 -118.802
5 4 45.2795 -118.445
5 5 45.6214 -118.095
5 6 45.9585 -117.749
5 7 46.2919 -117.403
5 8 46.6223 -117.057
5 9 46.9502 -116.71
5 10 47.2757 -116.362
5 11 47.5991 -116.01
5 12 47.9204 -115.657
5 13 48.2398 -115.3
5 14 48.5572 -114.94
5 15 48.4395 -115.417
5 16 48.7633 -115.03
5 17 49.0819 -114.645
5 18 49.3959 -114.264
5 19 49.7055 -113.883
5 20 50.011 -113.504
5 21 50.3125 -113.125
5 22 50.6102 -112.746
5 23 50.9041 -112.368
5 24 51.1943 -111.989
5 25 51.4809 -111.611
5 26 51.7638 -111.232
5 27 52.043 -110.852
5 28 52.3186 -110.473
5 29 52.5905 -110.093
5 30 52.8587 -109.713
5 31 53.1232 -109.334
5 32 53.3839 -108.954
5 33 53.6408 -108.574
5 34 53.8939 -108.195
5 35 54.1432 -107.816
5 36 54.3885 -107.437
5 37 54.6299 -107.06
5 38 54.8673 -106.684
5 39 55.1008 -106.308
5 40 55.3302 -105.935
5 41 55.5555 -105.563
5 42 55.7768 -105.193
5 43 55.9939 -104.825
5 44 56.2069 -104.459
5 45 56.8835 -104.075
5 46 57.159 -103.535
5 47 57.431 -102.99
5 48 57.6995 -102.442
5 49 57.9646 -101.89
5 50 58.2262 -101.333
5 51 58.4843 -100.772
5 52 58.739 -100.207
5 53 58.9903 -99.6372
5 54 59.2381 -99.0627
5 55 59.4825 -98.4834
5 56 59.7234 -97.8995
5 57 59.9608 -97.3107
5 58 60.1946 -96.7171
5 59 60.425 -96.1187
5 60 60.6518 -95.5154
5 61 60.8751 -94.9074
5 62 61.0948 -94.2945
5 63 61.3109 -93.6768
5 64 61.5233 -93.0543
5 65 61.7321 -92.4272
5 66 61.9372 -91.7954
5 67 62.1387 -91.159
5 68 62.3364 -90.5182
5 69 62.5304 -89.8729
5 70 62.7206 -89.2234
5 71 62.9071 -88.5697
5 72 63.0898 -87.9118
5 73 63.2687 -87.2501
5 74 63.4438 -86.5846
5 75 63.615 -85.9154
5 76 63.7824 -85.2427
5 77 63.946 -84.5667
5 78 64.1057 -83.8876
5 79 64.2616 -83.2055
5 80 64.4136 -82.5206
5 81 64.5618 -81.8333
5 82 64.7061 -81.1435
5 83 64.8466 -80.4517
5 84 64.9833 -79.7579
5 85 65.1161 -79.0625
5 86 65.2452 -78.3657
5 87 65.3704 -77.6677
5 88 65.4919 -76.9688
5 89 65.6097 -76.2692
5 90 65.7237 -75.5691
5 91 65.8341 -74.869
5 92 65.9408 -74.169
5 93 66.0438 -73.4693
5 94 66.1433 -72.7703
5 95 66.2393 -72.0723
5 96 66.3318 -71.3755
5 97 66.4208 -70.6802
5 98 66.5064 -69.9866
5 99 66.5886 -69.2951
5 100 66.6676 -68.6059
5 101 66.7433 -67.9193
5 102 66.8159 -67.2355
5 103 66.8853 -66.5549
5 104 66.9517 -65.8776
5 105 67.0151 -65.204
5 106 67.0756 -64.5343
5 107 67.1332 -63.8688
5 108 67.188 -63.2076
5 109 67.2401 -62.5511
5 110 67.2897 -61.8995
6 1 44.1394 -119.476
6 2 44.5094 -119.039
6 3 44.8552 -118.641
6 4 45.1898 -118.259
6 5 45.5175 -117.884
6 6 45.8403 -117.512
6 7 46.1595 -117.14
6 8 46.4755 -116.768
6 9 46.7888 -116.395
6 10 47.0997 -116.019
6 11 47.4083 -115.642
6 12 47.7147 -115.261
6 13 48.0191 -114.878
6 14 48.3213 -114.491
6 15 48.2049 -114.941
6 16 48.5132 -114.528
6 17 48.8164 -114.119
6 18 49.1149 -113.711
6 19 49.409 -113.305
6 20 49.6989 -112.9
6 21 49.9848 -112.496
6 22 50.2667 -112.092
6 23 50.5449 -111.688
6 24 50.8193 -111.284
6 25 51.09 -110.88
6 26 51.357 -110.476
6 27 51.6203 -110.071
6 28 51.8798 -109.667
6 29 52.1357 -109.262
6 30 52.3878 -108.858
6 31 52.6362 -108.454
6 32 52.8808 -108.05
6 33 53.1215 -107.646
6 34 53.3585 -107.243
6 35 53.5916 -106.841
6 36 53.8208 -106.439
6 37 54.0461 -106.039
6 38 54.2674 -105.64
6 39 54.4848 -105.243
6 40 54.6982 -104.847
6 41 54.9075 -104.454
6 42 55.1129 -104.063
6 43 55.3142 -103.674
6 44 55.5114 -103.288
6 45 56.1309 -102.76
6 46 56.3851 -102.197
6 47 56.6357 -101.631
6 48 56.8827 -101.061
6 49 57.1261 -100.488
6 50 57.3658 -99.9115
6 51 57.602 -99.331
6 52 57.8346 -98.7466
6 53 58.0636 -98.1584
6 54 58.289 -97.5662
6 55 58.5109 -96.9701
6 56 58.7292 -96.3699
6 57 58.9438 -95.7659
6 58 59.1548 -95.1578
6 59 59.3623 -94.5458
6 60 59.566 -93.9299
6 61 59.7661 -93.3102
6 62 59.9626 -92.6866
6 63 60.1553 -92.0593
6 64 60.3444 -91.4283
6 65 60.5297 -90.7937
6 66 60.7114 -90.1556
6 67 60.8892 -89.5141
6 68 61.0634 -88.8693
6 69 61.2337 -88.2214
6 70 61.4003 -87.5705
6 71 61.5632 -86.9166
6 72 61.7222 -86.2601
6 73 61.8774 -85.6009
6 74 62.0289 -84.9393
6 75 62.1766 -84.2755
6 76 62.3205 -83.6096
6 77 62.4606 -82.9419
6 78 62.5969 -82.2724
6 79 62.7294 -81.6014
6 80 62.8582 -80.9292
6 81 62.9832 -80.2558
6 82 63.1045 -79.5817
6 83 63.2221 -78.9068
6 84 63.336 -78.2316
6 85 63.4462 -77.5561
6 86 63.5528 -76.8807
6 87 63.6557 -76.2056
6 88 63.7551 -75.5309
6 89 63.8509 -74.8571
6 90 63.9432 -74.1842
6 91 64.032 -73.5125
6 92 64.1174 -72.8423
6 93 64.1993 -72.1739
6 94 64.278 -71.5073
6 95 64.3533 -70.843
6 96 64.4254 -70.1811
6 97 64.4943 -69.5219
6 98 64.56 -68.8656
6 99 64.6227 -68.2124
6 100 64.6823 -67.5626
6 101 64.739 -66.9164
6 102 64.7928 -66.274
6 103 64.8437 -65.6357
6 104 64.8919 -65.0016
6 105 64.9374 -64.3719
6 106 64.9802 -63.7469
6 107 65.0206 -63.1268
6 108 65.0584 -62.5117
6 109 65.0938 -61.9018
6 110 65.1269 -61.2974
7 1 44.0884 -119.369
7 2 44.4423 -118.91
7 3 44.7728 -118.489
7 4 45.0922 -118.083
7 5 45.4048 -117.683
7 6 45.7124 -117.286
7 7 46.0162 -116.89
7 8 46.3168 -116.494
7 9 46.6146 -116.095
7 10 46.9098 -115.695
7 11 47.2026 -115.293
7 12 47.4931 -114.887
7 13 47.7813 -114.479
7 14 48.0673 -114.067
7 15 47.9504 -114.493
7 16 48.2423 -114.057
7 17 48.5292 -113.624
7 18 48.8112 -113.194
7 19 49.0888 -112.764
7 20 49.3622 -112.336
7 21 49.6314 -111.908
7 22 49.8968 -111.481
7 23 50.1582 -111.054
7 24 50.4159 -110.627
7 25 50.6698 -110.2
7 26 50.9199 -109.773
7 27 51.1663 -109.346
7 28 51.409 -108.92
7 29 51.6479 -108.494
7 30 51.883 -108.068
7 31 52.1144 -107.642
7 32 52.342 -107.217
7 33 52.5658 -106.793
7 34 52.7858 -106.369
7 35 53.0019 -105.947
7 36 53.2142 -105.526
7 37 53.4226 -105.106
7 38 53.627 -104.688
7 39 53.8276 -104.272
7 40 54.0242 -103.859
7 41 54.2169 -103.447
7 42 54.4057 -103.038
7 43 54.5904 -102.633
7 44 54.7712 -102.23
7 45 55.3275 -101.581
7 46 55.5599 -101.001
7 47 55.7886 -100.418
7 48 56.0135 -99.8327
7 49 56.2347 -99.2442
7 50 56.4522 -98.6527
7 51 56.6661 -98.0581
7 52 56.8762 -97.4604
7 53 57.0827 -96.8595
7 54 57.2855 -96.2555
7 55 57.4846 -95.6484
7 56 57.68 -95.0381
7 57 57.8718 -94.4247
7 58 58.0599 -93.8083
7 59 58.2443 -93.1888
7 60 58.425 -92.5664
7 61 58.602 -91.9412
7 62 58.7753 -91.3131
7 63 58.9449 -90.6823
7 64 59.1107 -90.049
7 65 59.2728 -89.4131
7 66 59.4313 -88.7748
7 67 59.5859 -88.1343
7 68 59.7369 -87.4917
7 69 59.8841 -86.8471
7 70 60.0275 -86.2006
7 71 60.1673 -85.5525
7 72 60.3033 -84.9028
7 73 60.4356 -84.2518
7 74 60.5641 -83.5995
7 75 60.689 -82.9463
7 76 60.8101 -82.2923
7 77 60.9276 -81.6376
7 78 61.0414 -80.9825
7 79 61.1516 -80.3271
7 80 61.2582 -79.6717
7 81 61.3611 -79.0164
7 82 61.4604 -78.3615
7 83 61.5562 -77.7071
7 84 61.6485 -77.0535
7 85 61.7373 -76.4009
7 86 61.8226 -75.7496
7 87 61.9046 -75.0996
7 88 61.9831 -74.4512
7 89 62.0583 -73.8047
7 90 62.1302 -73.1603
7 91 62.1988 -72.5181
7 92 62.2642 -71.8784
7 93 62.3265 -71.2414
7 94 62.3857 -70.6073
7 95 62.4418 -69.9762
7 96 62.495 -69.3485
7 97 62.5452 -68.7243
7 98 62.5925 -68.1037
7 99 62.637 -67.4871
7 100 62.6788 -66.8745
7 101 62.7179 -66.2662
7 102 62.7543 -65.6623
7 103 62.7882 -65.0631
7 104 62.8196 -64.4686
7 105 62.8486 -63.8791
7 106 62.8752 -63.2947
7 107 62.8996 -62.7155
7 108 62.9218 -62.1418
7 109 62.9418 -61.5736
7 110 62.9598 -61.0111
8 1 44.0323 -119.268
8 2 44.3679 -118.792
8 3 44.6839 -118.345
8 4 44.9873 -117.916
8 5 45.2837 -117.494
8 6 45.5752 -117.074
8 7 45.8627 -116.654
8 8 46.1469 -116.235
8 9 46.4282 -115.813
8 10 46.7068 -115.39
8 11 46.9828 -114.964
8 12 47.2564 -114.536
8 13 47.5276 -114.105
8 14 47.7964 -113.671
8 15 47.6771 -114.076
8 16 47.9519 -113.618
8 17 48.2215 -113.164
8 18 48.4863 -112.712
8 19 48.7465 -112.261
8 20 49.0025 -111.811
8 21 49.2543 -111.362
8 22 49.5022 -110.914
8 23 49.7461 -110.467
8 24 49.9861 -110.019
8 25 50.2224 -109.572
8 26 50.4549 -109.126
8 27 50.6836 -108.679
8 28 50.9085 -108.234
8 29 51.1297 -107.788
8 30 51.3472 -107.344
8 31 51.5608 -106.9
8 32 51.7707 -106.457
8 33 51.9768 -106.015
8 34 52.1791 -105.574
8 35 52.3776 -105.135
8 36 52.5723 -104.697
8 37 52.7631 -104.262
8 38 52.9501 -103.828
8 39 53.1333 -103.397
8 40 53.3125 -102.968
8 41 53.488 -102.542
8 42 53.6596 -102.12
8 43 53.8273 -101.7
8 44 53.9912 -101.284
8 45 54.4791 -100.537
8 46 54.6894 -99.944
8 47 54.8958 -99.3493
8 48 55.0984 -98.7524
8 49 55.2972 -98.1533
8 50 55.4922 -97.5518
8 51 55.6835 -96.948
8 52 55.871 -96.3418
8 53 56.0548 -95.7333
8 54 56.2349 -95.1225
8 55 56.4112 -94.5093
8 56 56.5839 -93.8939
8 57 56.7528 -93.2763
8 58 56.918 -92.6565
8 59 57.0795 -92.0347
8 60 57.2374 -91.4108
8 61 57.3915 -90.7851
8 62 57.5419 -90.1575
8 63 57.6886 -89.5282
8 64 57.8316 -88.8973
8 65 57.9709 -88.265
8 66 58.1066 -87.6313
8 67 58.2385 -86.9963
8 68 58.3668 -86.3604
8 69 58.4914 -85.7235
8 70 58.6124 -85.0858
8 71 58.7297 -84.4475
8 72 58.8433 -83.8088
8 73 58.9534 -83.1697
8 74 59.0599 -82.5306
8 75 59.1627 -81.8915
8 76 59.262 -81.2527
8 77 59.3578 -80.6142
8 78 59.45 -79.9764
8 79 59.5388 -79.3394
8 80 59.6241 -78.7033
8 81 59.706 -78.0684
8 82 59.7844 -77.4348
8 83 59.8595 -76.8027
8 84 59.9313 -76.1724
8 85 59.9998 -75.544
8 86 60.065 -74.9177
8 87 60.1271 -74.2937
8 88 60.186 -73.6722
8 89 60.2417 -73.0534
8 90 60.2944 -72.4374
8 91 60.3441 -71.8244
8 92 60.3908 -71.2146
8 93 60.4346 -70.6083
8 94 60.4756 -70.0054
8 95 60.5138 -69.4064
8 96 60.5492 -68.8112
8 97 60.582 -68.2201
8 98 60.6121 -67.6332
8 99 60.6397 -67.0507
8 100 60.6648 -66.4728
8 101 60.6874 -65.8995
8 102 60.7078 -65.331
8 103 60.7258 -64.7676
8 104 60.7416 -64.2092
8 105 60.7552 -63.656
8 106 60.7668 -63.1082
8 107 60.7763 -62.5659
8 108 60.7839 -62.0292
8 109 60.7896 -61.4982
8 110 60.7935 -60.973
9 1 43.9715 -119.175
9 2 44.2899 -118.678
9 3 44.5888 -118.21
9 4 44.8753 -117.76
9 5 45.1548 -117.316
9 6 45.4293 -116.874
9 7 45.6996 -116.433
9 8 45.9666 -115.992
9 9 46.2304 -115.549
9 10 46.4915 -115.105
9 11 46.7498 -114.658
9 12 47.0056 -114.209
9 13 47.2588 -113.756
9 14 47.5096 -113.301
9 15 47.3865 -113.689
9 16 47.6433 -113.212
9 17 47.8949 -112.738
9 18 48.1416 -112.266
9 19 48.3838 -111.797
9 20 48.6216 -111.328
9 21 48.8552 -110.861
9 22 49.0848 -110.394
9 23 49.3104 -109.928
9 24 49.5322 -109.463
9 25 49.7501 -108.999
9 26 49.9642 -108.535
9 27 50.1745 -108.071
9 28 50.3811 -107.609
9 29 50.5839 -107.148
9 30 50.783 -106.687
9 31 50.9783 -106.228
9 32 51.1699 -105.77
9 33 51.3577 -105.313
9 34 51.5418 -104.858
9 35 51.7221 -104.405
9 36 51.8986 -103.954
9 37 52.0714 -103.506
9 38 52.2404 -103.059
9 39 52.4057 -102.616
9 40 52.5672 -102.176
9 41 52.7249 -101.739
9 42 52.879 -101.305
9 43 53.0292 -100.875
9 44 53.1758 -100.45
9 45 53.5913 -99.6233
9 46 53.7792 -99.0221
9 47 53.9632 -98.4195
9 48 54.1434 -97.8154
9 49 54.3197 -97.2097
9 50 54.4921 -96.6025
9 51 54.6608 -95.9937
9 52 54.8257 -95.3833
9 53 54.9869 -94.7713
9 54 55.1443 -94.1579
9 55 55.298 -93.543
9 56 55.448 -92.9266
9 57 55.5943 -92.3089
9 58 55.7369 -91.6899
9 59 55.8758 -91.0698
9 60 56.011 -90.4485
9 61 56.1426 -89.8262
9 62 56.2705 -89.203
9 63 56.3947 -88.579
9 64 56.5154 -87.9544
9 65 56.6324 -87.3292
9 66 56.7458 -86.7037
9 67 56.8556 -86.0778
9 68 56.9618 -85.4518
9 69 57.0644 -84.8258
9 70 57.1636 -84.2
9 71 57.2591 -83.5745
9 72 57.3512 -82.9495
9 73 57.4398 -82.3251
9 74 57.525 -81.7015
9 75 57.6067 -81.0789
9 76 57.685 -80.4573
9 77 57.7599 -79.8371
9 78 57.8315 -79.2183
9 79 57.8998 -78.6011
9 80 57.9648 -77.9858
9 81 58.0265 -77.3724
9 82 58.0851 -76.7611
9 83 58.1405 -76.1521
9 84 58.1928 -75.5456
9 85 58.242 -74.9417
9 86 58.2882 -74.3406
9 87 58.3314 -73.7425
9 88 58.3717 -73.1474
9 89 58.4091 -72.5557
9 90 58.4437 -71.9674
9 91 58.4754 -71.3827
9 92 58.5045 -70.8017
9 93 58.5309 -70.2246
9 94 58.5548 -69.6516
9 95 58.576 -69.0827
9 96 58.5948 -68.5181
9 97 58.6111 -67.9579
9 98 58.6251 -67.4024
9 99 58.6368 -66.8515
9 100 58.6462 -66.3055
9 101 58.6535 -65.7644
9 102 58.6587 -65.2283
9 103 58.6618 -64.6975
9 104 58.6629 -64.1718
9 105 58.6621 -63.6516
9 106 58.6595 -63.1368
9 107 58.6551 -62.6276
9 108 58.649 -62.1241
9 109 58.6413 -61.6262
9 110 58.632 -61.1342
10 1 43.9062 -119.088
10 2 44.2068 -118.572
10 3 44.488 -118.085
10 4 44.7568 -117.614
10 5 45.0186 -117.15
10 6 45.2751 -116.689
10 7 45.5275 -116.228
10 8 45.7763 -115.767
10 9 46.022 -115.305
10 10 46.2647 -114.841
10 11 46.5045 -114.374
10 12 46.7417 -113.906
10 13 46.9762 -113.435
10 14 47.2082 -112.961
10 15 47.0796 -113.334
10 16 47.3179 -112.839
10 17 47.5508 -112.348
10 18 47.7788 -111.859
10 19 48.0021 -111.372
10 20 48.2211 -110.887
10 21 48.4359 -110.403
10 22 48.6466 -109.921
10 23 48.8533 -109.439
10 24 49.0561 -108.959
10 25 49.2551 -108.479
10 26 49.4502 -108.001
10 27 49.6416 -107.523
10 28 49.8292 -107.047
10 29 50.0131 -106.572
10 30 50.1933 -106.098
10 31 50.3698 -105.626
10 32 50.5425 -105.156
10 33 50.7116 -104.688
10 34 50.877 -104.221
10 35 51.0386 -103.757
10 36 51.1966 -103.296
10 37 51.351 -102.837
10 38 51.5017 -102.381
10 39 51.6487 -101.929
10 40 51.7921 -101.48
10 41 51.9318 -101.034
10 42 52.068 -100.593
10 43 52.2006 -100.156
10 44 52.3296 -99.7228
10 45 52.6692 -98.8366
10 46 52.8347 -98.2305
10 47 52.9963 -97.6235
10 48 53.154 -97.0158
10 49 53.3078 -96.4072
10 50 53.4578 -95.7978
10 51 53.604 -95.1876
10 52 53.7465 -94.5765
10 53 53.8852 -93.9647
10 54 54.0201 -93.3521
10 55 54.1514 -92.7389
10 56 54.279 -92.1251
10 57 54.4029 -91.5107
10 58 54.5232 -90.8958
10 59 54.6398 -90.2806
10 60 54.7529 -89.6651
10 61 54.8623 -89.0494
10 62 54.9682 -88.4336
10 63 55.0705 -87.8179
10 64 55.1693 -87.2024
10 65 55.2645 -86.5871
10 66 55.3562 -85.9723
10 67 55.4445 -85.358
10 68 55.5293 -84.7444
10 69 55.6107 -84.1316
10 70 55.6886 -83.5198
10 71 55.7632 -82.909
10 72 55.8345 -82.2996
10 73 55.9024 -81.6915
10 74 55.967 -81.085
10 75 56.0283 -80.4802
10 76 56.0864 -79.8772
10 77 56.1414 -79.2762
10 78 56.1932 -78.6774
10 79 56.2418 -78.0808
10 80 56.2874 -77.4867
10 81 56.33 -76.8952
10 82 56.3695 -76.3064
10 83 56.4062 -75.7205
10 84 56.4399 -75.1377
10 85 56.4708 -74.558
10 86 56.4988 -73.9817
10 87 56.5241 -73.4087
10 88 56.5468 -72.8394
10 89 56.5667 -72.2738
10 90 56.5841 -71.7121
10 91 56.599 -71.1543
10 92 56.6113 -70.6007
10 93 56.6212 -70.0512
10 94 56.6288 -69.5061
10 95 56.6341 -68.9655
10 96 56.6371 -68.4295
10 97 56.6379 -67.8981
10 98 56.6366 -67.3715
10 99 56.6332 -66.8499
10 100 56.6279 -66.3332
10 101 56.6206 -65.8215
10 102 56.6114 -65.3151
10 103 56.6004 -64.8139
10 104 56.5877 -64.318
10 105 56.5733 -63.8276
10 106 56.5573 -63.3426
10 107 56.5397 -62.8632
10 108 56.5206 -62.3895
10 109 56.5001 -61.9214
10 110 56.4783 -61.4591
11 1 43.8367 -119.009
11 2 44.119 -118.474
11 3 44.3805 -117.971
11 4 44.6322 -117.479
11 5 44.8754 -116.997
11 6 45.1134 -116.517
11 7 45.347 -116.038
11 8 45.577 -115.559
11 9 45.8037 -115.079
11 10 46.0272 -114.598
11 11 46.2479 -114.114
11 12 46.4658 -113.629
11 13 46.6809 -113.141
11 14 46.8933 -112.651
11 15 46.758 -113.011
11 16 46.977 -112.501
11 17 47.1906 -111.994
11 18 47.3993 -111.491
11 19 47.6033 -110.989
11 20 47.8029 -110.49
11 21 47.9982 -109.992
11 22 48.1895 -109.495
11 23 48.3767 -109
11 24 48.5601 -108.507
11 25 48.7396 -108.015
11 26 48.9153 -107.524
11 27 49.0872 -107.035
11 28 49.2555 -106.547
11 29 49.42 -106.061
11 30 49.5809 -105.577
11 31 49.7381 -105.095
11 32 49.8916 -104.615
11 33 50.0416 -104.138
11 34 50.1879 -103.663
11 35 50.3306 -103.19
11 36 50.4698 -102.721
11 37 50.6054 -102.255
11 38 50.7375 -101.792
11 39 50.866 -101.333
11 40 50.9911 -100.878
11 41 51.1126 -100.427
11 42 51.2307 -99.9804
11 43 51.3454 -99.5384
11 44 51.4567 -99.1012
11 45 51.7178 -98.1719
11 46 51.861 -97.5638
11 47 52.0002 -96.9556
11 48 52.1356 -96.3474
11 49 52.2671 -95.739
11 50 52.3948 -95.1304
11 51 52.5187 -94.5218
11 52 52.6389 -93.9131
11 53 52.7553 -93.3043
11 54 52.8681 -92.6955
11 55 52.9773 -92.0868
11 56 53.0829 -91.4782
11 57 53.1848 -90.8699
11 58 53.2832 -90.2618
11 59 53.378 -89.654
11 60 53.4693 -89.0468
11 61 53.5571 -88.4401
11 62 53.6414 -87.8341
11 63 53.7223 -87.2288
11 64 53.7998 -86.6245
11 65 53.8738 -86.0212
11 66 53.9445 -85.419
11 67 54.0119 -84.818
11 68 54.0759 -84.2185
11 69 54.1367 -83.6204
11 70 54.1942 -83.024
11 71 54.2485 -82.4293
11 72 54.2996 -81.8366
11 73 54.3475 -81.2459
11 74 54.3924 -80.6573
11 75 54.4341 -80.071
11 76 54.4728 -79.4872
11 77 54.5086 -78.9059
11 78 54.5413 -78.3274
11 79 54.5712 -77.7516
11 80 54.5982 -77.1788
11 81 54.6224 -76.6091
11 82 54.6438 -76.0426
11 83 54.6624 -75.4794
11 84 54.6784 -74.9197
11 85 54.6918 -74.3636
11 86 54.7025 -73.8112
11 87 54.7108 -73.2625
11 88 54.7166 -72.7178
11 89 54.7199 -72.1772
11 90 54.7209 -71.6407
11 91 54.7196 -71.1084
11 92 54.716 -70.5805
11 93 54.7103 -70.0571
11 94 54.7024 -69.5382
11 95 54.6924 -69.0239
11 96 54.6805 -68.5144
11 97 54.6665 -68.0097
11 98 54.6507 -67.5099
11 99 54.633 -67.0151
11 100 54.6135 -66.5254
11 101 54.5924 -66.0408
11 102 54.5696 -65.5614
11 103 54.5451 -65.0873
11 104 54.5192 -64.6185
11 105 54.4918 -64.1551
11 106 54.463 -63.6972
11 107 54.4328 -63.2448
11 108 54.4014 -62.7979
11 109 54.3687 -62.3566
11 110 54.3349 -61.921
12 1 43.7633 -118.938
12 2 44.0268 -118.385
12 3 44.2693 -117.865
12 4 44.5018 -117.356
12 5 44.7259 -116.857
12 6 44.9446 -116.36
12 7 45.1588 -115.865
12 8 45.3693 -115.37
12 9 45.5763 -114.874
12 10 45.7801 -114.377
12 11 45.9809 -113.878
12 12 46.1788 -113.377
12 13 46.3739 -112.875
12 14 46.5661 -112.37
12 15 46.4227 -112.722
12 16 46.622 -112.198
12 17 46.8159 -111.678
12 18 47.0047 -111.161
12 19 47.1889 -110.647
12 20 47.3686 -110.135
12 21 47.544 -109.626
12 22 47.7154 -109.118
12 23 47.8828 -108.612
12 24 48.0462 -108.108
12 25 48.2058 -107.606
12 26 48.3617 -107.105
12 27 48.5138 -106.607
12 28 48.6623 -106.11
12 29 48.8071 -105.616
12 30 48.9484 -105.123
12 31 49.086 -104.634
12 32 49.2201 -104.147
12 33 49.3507 -103.662
12 34 49.4777 -103.181
12 35 49.6013 -102.703
12 36 49.7214 -102.229
12 37 49.8381 -101.758
12 38 49.9514 -101.29
12 39 50.0613 -100.827
12 40 50.1678 -100.368
12 41 50.2711 -99.9142
12 42 50.371 -99.4648
12 43 50.4678 -99.0203
12 44 50.5613 -98.5811
12 45 50.7417 -97.6239
12 46 50.8627 -97.0166
12 47 50.9797 -96.4098
12 48 51.0929 -95.8037
12 49 51.2023 -95.198
12 50 51.308 -94.5929
12 51 51.4099 -93.9884
12 52 51.5081 -93.3845
12 53 51.6027 -92.7812
12 54 51.6937 -92.1786
12 55 51.7811 -91.5767
12 56 51.865 -90.9756
12 57 51.9454 -90.3754
12 58 52.0223 -89.7761
12 59 52.0958 -89.1779
12 60 52.1659 -88.5808
12 61 52.2326 -87.9849
12 62 52.2959 -87.3904
12 63 52.3559 -86.7973
12 64 52.4126 -86.2057
12 65 52.4661 -85.6157
12 66 52.5164 -85.0274
12 67 52.5634 -84.4411
12 68 52.6073 -83.8567
12 69 52.6481 -83.2743
12 70 52.6858 -82.6942
12 71 52.7205 -82.1164
12 72 52.7522 -81.541
12 73 52.7809 -80.9681
12 74 52.8067 -80.398
12 75 52.8295 -79.8306
12 76 52.8496 -79.2661
12 77 52.8668 -78.7046
12 78 52.8814 -78.1462
12 79 52.8931 -77.5911
12 80 52.9023 -77.0393
12 81 52.9088 -76.4909
12 82 52.9128 -75.9462
12 83 52.9142 -75.4051
12 84 52.9132 -74.8677
12 85 52.9098 -74.3343
12 86 52.904 -73.8048
12 87 52.8959 -73.2794
12 88 52.8856 -72.7582
12 89 52.8731 -72.2412
12 90 52.8584 -71.7285
12 91 52.8416 -71.2203
12 92 52.8228 -70.7166
12 93 52.8021 -70.2175
12 94 52.7794 -69.7231
12 95 52.7549 -69.2334
12 96 52.7285 -68.7485
12 97 52.7005 -68.2686
12 98 52.6707 -67.7935
12 99 52.6393 -67.3235
12 100 52.6064 -66.8586
12 101 52.572 -66.3988
12 102 52.5361 -65.9442
12 103 52.4988 -65.4949
12 104 52.4602 -65.0508
12 105 52.4203 -64.6121
12 106 52.3792 -64.1787
12 107 52.337 -63.7508
12 108 52.2937 -63.3283
12 109 52.2493 -62.9114
12 110 52.204 -62.4999
13 1 43.6862 -118.874
13 2 43.9304 -118.305
13 3 44.1535 -117.769
13 4 44.3652 -117.247
13 5 44.5706 -116.73
13 6 44.7693 -116.219
13 7 44.9635 -115.709
13 8 45.1539 -115.2
13 9 45.3407 -114.69
13 10 45.5242 -114.179
13 11 45.7046 -113.667
13 12 45.8819 -113.153
13 13 46.0564 -112.638
13 14 46.228 -112.121
13 15 46.0752 -112.466
13 16 46.2544 -111.93
13 17 46.428 -111.399
13 18 46.5966 -110.871
13 19 46.7605 -110.347
13 20 46.92 -109.825
13 21 47.0752 -109.306
13 22 47.2262 -108.789
13 23 47.3734 -108.274
13 24 47.5166 -107.762
13 25 47.656 -107.251
13 26 47.7917 -106.743
13 27 47.9238 -106.238
13 28 48.0522 -105.735
13 29 48.1771 -105.234
13 30 48.2985 -104.736
13 31 48.4164 -104.241
13 32 48.5308 -103.749
13 33 48.6418 -103.261
13 34 48.7494 -102.776
13 35 48.8537 -102.294
13 36 48.9546 -101.816
13 37 49.0523 -101.343
13 38 49.1467 -100.873
13 39 49.2379 -100.408
13 40 49.3259 -99.948
13 41 49.4108 -99.4927
13 42 49.4926 -99.0426
13 43 49.5713 -98.5978
13 44 49.6471 -98.1587
13 45 49.7451 -97.1875
13 46 49.8441 -96.5832
13 47 49.9393 -95.9802
13 48 50.0306 -95.3783
13 49 50.1182 -94.7776
13 50 50.2021 -94.1781
13 51 50.2824 -93.5797
13 52 50.359 -92.9826
13 53 50.4321 -92.3867
13 54 50.5017 -91.7921
13 55 50.5678 -91.1989
13 56 50.6305 -90.6071
13 57 50.6898 -90.0167
13 58 50.7457 -89.4279
13 59 50.7984 -88.8407
13 60 50.8477 -88.2552
13 61 50.8938 -87.6716
13 62 50.9367 -87.0897
13 63 50.9764 -86.5099
13 64 51.0129 -85.9321
13 65 51.0464 -85.3565
13 66 51.0768 -84.7831
13 67 51.1042 -84.2121
13 68 51.1286 -83.6435
13 69 51.1501 -83.0775
13 70 51.1687 -82.5142
13 71 51.1844 -81.9536
13 72 51.1972 -81.3959
13 73 51.2073 -80.8411
13 74 51.2147 -80.2894
13 75 51.2194 -79.7408
13 76 51.2215 -79.1955
13 77 51.2209 -78.6536
13 78 51.2178 -78.1151
13 79 51.2122 -77.5802
13 80 51.2042 -77.0489
13 81 51.1937 -76.5214
13 82 51.1809 -75.9977
13 83 51.1658 -75.4778
13 84 51.1485 -74.962
13 85 51.1289 -74.4503
13 86 51.1073 -73.9428
13 87 51.0835 -73.4394
13 88 51.0577 -72.9404
13 89 51.0299 -72.4458
13 90 51.0001 -71.9557
13 91 50.9686 -71.4701
13 92 50.9351 -70.9891
13 93 50.9 -70.5128
13 94 50.8631 -70.0412
13 95 50.8246 -69.5745
13 96 50.7845 -69.1125
13 97 50.7428 -68.6555
13 98 50.6997 -68.2034
13 99 50.6551 -67.7563
13 100 50.6092 -67.3143
13 101 50.562 -66.8774
13 102 50.5135 -66.4456
13 103 50.4638 -66.019
13 104 50.413 -65.5976
13 105 50.3611 -65.1814
13 106 50.3082 -64.7706
13 107 50.2543 -64.3651
13 108 50.1995 -63.9649
13 109 50.1439 -63.57
13 110 50.0874 -63.1806
14 1 43.6057 -118.818
14 2 43.8303 -118.233
14 3 44.0334 -117.683
14 4 44.225 -117.148
14 5 44.409 -116.619
14 6 44.5882 -116.093
14 7 44.7619 -115.57
14 8 44.9316 -115.048
14 9 45.0976 -114.526
14 10 45.2603 -114.004
14 11 45.4198 -113.48
14 12 45.5762 -112.955
14 13 45.7296 -112.429
14 14 45.8801 -111.902
14 15 45.7167 -112.244
14 16 45.8754 -111.699
14 17 46.0285 -111.158
14 18 46.1766 -110.621
14 19 46.3199 -110.088
14 20 46.4588 -109.559
14 21 46.5934 -109.032
14 22 46.7239 -108.508
14 23 46.8505 -107.986
14 24 46.9733 -107.468
14 25 47.0923 -106.952
14 26 47.2077 -106.438
14 27 47.3195 -105.928
14 28 47.4277 -105.42
14 29 47.5325 -104.916
14 30 47.6338 -104.414
14 31 47.7318 -103.916
14 32 47.8264 -103.422
14 33 47.9178 -102.931
14 34 48.0059 -102.444
14 35 48.0908 -101.961
14 36 48.1725 -101.482
14 37 48.2511 -101.008
14 38 48.3267 -100.538
14 39 48.3992 -100.073
14 40 48.4687 -99.6137
14 41 48.5352 -99.1593
14 42 48.5989 -98.7104
14 43 48.6597 -98.2673
14 44 48.7177 -97.83
14 45 48.7321 -96.8574
14 46 48.8094 -96.2581
14 47 48.883 -95.6607
14 48 48.9528 -95.065
14 49 49.0189 -94.471
14 50 49.0814 -93.8788
14 51 49.1404 -93.2883
14 52 49.1959 -92.6997
14 53 49.2479 -92.1128
14 54 49.2965 -91.5277
14 55 49.3418 -90.9446
14 56 49.3837 -90.3634
14 57 49.4224 -89.7842
14 58 49.4579 -89.2071
14 59 49.4901 -88.6321
14 60 49.5193 -88.0593
14 61 49.5453 -87.4888
14 62 49.5683 -86.9206
14 63 49.5882 -86.3548
14 64 49.6052 -85.7916
14 65 49.6193 -85.231
14 66 49.6304 -84.6731
14 67 49.6387 -84.1179
14 68 49.6442 -83.5656
14 69 49.647 -83.0162
14 70 49.647 -82.4698
14 71 49.6443 -81.9266
14 72 49.6391 -81.3866
14 73 49.6312 -80.8498
14 74 49.6208 -80.3165
14 75 49.6079 -79.7866
14 76 49.5926 -79.2602
14 77 49.5748 -78.7375
14 78 49.5548 -78.2184
14 79 49.5324 -77.7032
14 80 49.5078 -77.1918
14 81 49.481 -76.6843
14 82 49.452 -76.1809
14 83 49.421 -75.6815
14 84 49.3879 -75.1863
14 85 49.3528 -74.6954
14 86 49.3158 -74.2087
14 87 49.2769 -73.7264
14 88 49.2362 -73.2485
14 89 49.1936 -72.775
14 90 49.1494 -72.3061
14 91 49.1035 -71.8418
14 92 49.056 -71.3822
14 93 49.0069 -70.9272
14 94 48.9564 -70.477
14 95 48.9043 -70.0316
14 96 48.8509 -69.5911
14 97 48.7961 -69.1554
14 98 48.7401 -68.7246
14 99 48.6828 -68.2988
14 100 48.6243 -67.878
14 101 48.5648 -67.4622
14 102 48.5041 -67.0515
14 103 48.4424 -66.6459
14 104 48.3798 -66.2454
14 105 48.3163 -65.85
14 106 48.2519 -65.4599
14 107 48.1867 -65.0749
14 108 48.1207 -64.6951
14 109 48.0541 -64.3206
14 110 47.9868 -63.9513
15 1 43.5219 -118.77
15 2 43.7266 -118.172
15 3 43.9094 -117.608
15 4 44.0804 -117.06
15 5 44.2436 -116.521
15 6 44.4011 -115.985
15 7 44.5546 -115.449
15 8 44.7032 -114.917
15 9 44.8481 -114.384
15 10 44.9895 -113.852
15 11 45.1277 -113.319
15 12 45.2628 -112.785
15 13 45.3947 -112.25
15 14 45.5237 -111.715
15 15 45.3485 -112.056
15 16 45.4864 -111.503
15 17 45.6188 -110.955
15 18 45.746 -110.411
15 19 45.8686 -109.872
15 20 45.9867 -109.336
15 21 46.1005 -108.804
15 22 46.2103 -108.275
15 23 46.3162 -107.749
15 24 46.4184 -107.226
15 25 46.5168 -106.706
15 26 46.6117 -106.189
15 27 46.7031 -105.676
15 28 46.791 -105.166
15 29 46.8756 -104.659
15 30 46.9569 -104.156
15 31 47.0349 -103.657
15 32 47.1097 -103.162
15 33 47.1814 -102.671
15 34 47.25 -102.184
15 35 47.3155 -101.701
15 36 47.3781 -101.224
15 37 47.4377 -100.751
15 38 47.4944 -100.283
15 39 47.5483 -99.8198
15 40 47.5993 -99.3624
15 41 47.6476 -98.9106
15 42 47.6933 -98.4647
15 43 47.7363 -98.0248
15 44 47.7767 -97.5911
15 45 47.7062 -96.6285
15 46 47.7622 -96.0359
15 47 47.8145 -95.4456
15 48 47.8632 -94.8576
15 49 47.9083 -94.2719
15 50 47.9498 -93.6884
15 51 47.988 -93.1073
15 52 48.0227 -92.5283
15 53 48.0541 -91.9517
15 54 48.0822 -91.3774
15 55 48.1071 -90.8055
15 56 48.1288 -90.236
15 57 48.1473 -89.669
15 58 48.1628 -89.1044
15 59 48.1753 -88.5425
15 60 48.1847 -87.9831
15 61 48.1912 -87.4265
15 62 48.1948 -86.8726
15 63 48.1956 -86.3215
15 64 48.1935 -85.7733
15 65 48.1887 -85.2281
15 66 48.1812 -84.6859
15 67 48.171 -84.1469
15 68 48.1582 -83.611
15 69 48.1428 -83.0783
15 70 48.1248 -82.549
15 71 48.1044 -82.0231
15 72 48.0815 -81.5006
15 73 48.0563 -80.9817
15 74 48.0286 -80.4664
15 75 47.9987 -79.9548
15 76 47.9666 -79.447
15 77 47.9323 -78.943
15 78 47.8958 -78.4428
15 79 47.8572 -77.9466
15 80 47.8166 -77.4545
15 81 47.7739 -76.9664
15 82 47.7294 -76.4824
15 83 47.6829 -76.0027
15 84 47.6346 -75.5272
15 85 47.5845 -75.056
15 86 47.5327 -74.5892
15 87 47.4791 -74.1269
15 88 47.424 -73.6689
15 89 47.3672 -73.2155
15 90 47.309 -72.7667
15 91 47.2493 -72.3225
15 92 47.1881 -71.8829
15 93 47.1256 -71.448
15 94 47.0617 -71.0179
15 95 46.9966 -70.5925
15 96 46.9303 -70.1719
15 97 46.8628 -69.7561
15 98 46.7943 -69.3453
15 99 46.7246 -68.9393
15 100 46.654 -68.5382
15 101 46.5824 -68.1421
15 102 46.5099 -67.7509
15 103 46.4366 -67.3648
15 104 46.3625 -66.9836
15 105 46.2876 -66.6075
15 106 46.212 -66.2365
15 107 46.1358 -65.8705
15 108 46.059 -65.5096
15 109 45.9816 -65.1538
15 110 45.9037 -64.8031
16 1 43.435 -118.73
16 2 43.6198 -118.119
16 3 43.7819 -117.545
16 4 43.9319 -116.986
16 5 44.0741 -116.436
16 6 44.2102 -115.891
16 7 44.3416 -115.348
16 8 44.4694 -114.805
16 9 44.5928 -114.264
16 10 44.7127 -113.723
16 11 44.8293 -113.183
16 12 44.9426 -112.642
16 13 45.0529 -112.101
16 14 45.1601 -111.559
16 15 44.9719 -111.902
16 16 45.0888 -111.343
16 17 45.2003 -110.79
16 18 45.3066 -110.241
16 19 45.4082 -109.697
16 20 45.5053 -109.157
16 21 45.5983 -108.621
16 22 45.6873 -108.089
16 23 45.7724 -107.56
16 24 45.8538 -107.035
16 25 45.9316 -106.513
16 26 46.006 -105.996
16 27 46.0769 -105.481
16 28 46.1445 -104.971
16 29 46.2089 -104.464
16 30 46.2701 -103.961
16 31 46.3282 -103.463
16 32 46.3832 -102.969
16 33 46.4353 -102.479
16 34 46.4844 -101.994
16 35 46.5307 -101.514
16 36 46.5741 -101.038
16 37 46.6148 -100.568
16 38 46.6528 -100.104
16 39 46.6881 -99.6444
16 40 46.7209 -99.1909
16 41 46.7511 -98.7433
16 42 46.7789 -98.3018
16 43 46.8042 -97.8666
16 44 46.8272 -97.4378
16 45 46.671 -96.4961
16 46 46.7061 -95.9115
16 47 46.7376 -95.3297
16 48 46.7655 -94.7507
16 49 46.7899 -94.1744
16 50 46.811 -93.6008
16 51 46.8287 -93.03
16 52 46.8431 -92.4619
16 53 46.8543 -91.8966
16 54 46.8624 -91.3339
16 55 46.8674 -90.7741
16 56 46.8693 -90.2171
16 57 46.8683 -89.663
16 58 46.8643 -89.1117
16 59 46.8574 -88.5634
16 60 46.8477 -88.0181
16 61 46.8353 -87.4758
16 62 46.82 -86.9366
16 63 46.8021 -86.4005
16 64 46.7816 -85.8677
16 65 46.7584 -85.3381
16 66 46.7328 -84.8118
16 67 46.7046 -84.2889
16 68 46.674 -83.7695
16 69 46.641 -83.2535
16 70 46.6056 -82.7411
16 71 46.5679 -82.2323
16 72 46.528 -81.7272
16 73 46.4859 -81.2259
16 74 46.4416 -80.7283
16 75 46.3952 -80.2346
16 76 46.3468 -79.7448
16 77 46.2964 -79.259
16 78 46.244 -78.7772
16 79 46.1897 -78.2994
16 80 46.1335 -77.8258
16 81 46.0756 -77.3564
16 82 46.0159 -76.8911
16 83 45.9545 -76.4302
16 84 45.8915 -75.9736
16 85 45.8268 -75.5213
16 86 45.7606 -75.0734
16 87 45.6929 -74.63
16 88 45.6238 -74.1911
16 89 45.5533 -73.7567
16 90 45.4814 -73.3268
16 91 45.4082 -72.9015
16 92 45.3338 -72.4809
16 93 45.2582 -72.0649
16 94 45.1815 -71.6537
16 95 45.1037 -71.2471
16 96 45.0248 -70.8453
16 97 44.945 -70.4482
16 98 44.8642 -70.0559
16 99 44.7826 -69.6685
16 100 44.7001 -69.2859
16 101 44.6168 -68.9081
16 102 44.5328 -68.5352
16 103 44.448 -68.1672
16 104 44.3634 -67.8076
16 105 44.2774 -67.4492
16 106 44.1909 -67.0957
16 107 44.1039 -66.7472
16 108 44.0163 -66.4036
16 109 43.9284 -66.065
16 110 43.8402 -65.7314
17 1 43.3453 -118.699
17 2 43.51 -118.077
17 3 43.6513 -117.492
17 4 43.7801 -116.925
17 5 43.9008 -116.366
17 6 44.0154 -115.813
17 7 44.1251 -115.263
17 8 44.2306 -114.714
17 9 44.3322 -114.167
17 10 44.4308 -113.619
17 11 44.5255 -113.073
17 12 44.617 -112.527
17 13 44.7053 -111.98
17 14 44.7906 -111.434
17 15 44.5879 -111.783
17 16 44.6839 -111.22
17 17 44.7744 -110.663
17 18 44.8597 -110.111
17 19 44.9402 -109.564
17 20 45.0164 -109.022
17 21 45.0884 -108.484
17 22 45.1565 -107.95
17 23 45.2208 -107.421
17 24 45.2815 -106.895
17 25 45.3387 -106.373
17 26 45.3925 -105.856
17 27 45.4431 -105.342
17 28 45.4904 -104.833
17 29 45.5346 -104.328
17 30 45.5758 -103.827
17 31 45.6141 -103.331
17 32 45.6494 -102.84
17 33 45.682 -102.353
17 34 45.7118 -101.872
17 35 45.7389 -101.395
17 36 45.7633 -100.924
17 37 45.7853 -100.458
17 38 45.8047 -99.9985
17 39 45.8217 -99.5442
17 40 45.8363 -99.096
17 41 45.8486 -98.6539
17 42 45.8587 -98.2182
17 43 45.8666 -97.789
17 44 45.8723 -97.3665
17 45 45.6295 -96.4555
17 46 45.6441 -95.88
17 47 45.6552 -95.3078
17 48 45.6628 -94.7388
17 49 45.6671 -94.1729
17 50 45.6681 -93.6102
17 51 45.6659 -93.0506
17 52 45.6605 -92.4942
17 53 45.652 -91.9409
17 54 45.6406 -91.3907
17 55 45.6261 -90.8436
17 56 45.6088 -90.2997
17 57 45.5887 -89.759
17 58 45.5657 -89.2215
17 59 45.5401 -88.6873
17 60 45.5117 -88.1563
17 61 45.4808 -87.6287
17 62 45.4472 -87.1045
17 63 45.4112 -86.5836
17 64 45.3726 -86.0662
17 65 45.3317 -85.5523
17 66 45.2884 -85.042
17 67 45.2428 -84.5353
17 68 45.1949 -84.0322
17 69 45.1448 -83.5328
17 70 45.0925 -83.0371
17 71 45.0381 -82.5452
17 72 44.9816 -82.0572
17 73 44.9232 -81.573
17 74 44.8627 -81.0928
17 75 44.8004 -80.6165
17 76 44.7361 -80.1443
17 77 44.6701 -79.6761
17 78 44.6023 -79.2121
17 79 44.5327 -78.7522
17 80 44.4615 -78.2964
17 81 44.3892 -77.8481
17 82 44.3148 -77.4007
17 83 44.2389 -76.9576
17 84 44.1615 -76.5188
17 85 44.0827 -76.0845
17 86 44.0025 -75.6545
17 87 43.9211 -75.2289
17 88 43.8383 -74.8079
17 89 43.7543 -74.3913
17 90 43.6692 -73.9793
17 91 43.5829 -73.5718
17 92 43.4956 -73.1689
17 93 43.4072 -72.7706
17 94 43.3179 -72.3769
17 95 43.2277 -71.9879
17 96 43.1365 -71.6035
17 97 43.0446 -71.2239
17 98 42.9518 -70.8489
17 99 42.8584 -70.4786
17 100 42.7642 -70.1131
17 101 42.6694 -69.7524
17 102 42.574 -69.3964
17 103 42.4781 -69.0452
17 104 42.3817 -68.6988
17 105 42.2848 -68.3572
17 106 42.1875 -68.0203
17 107 42.0898 -67.6883
17 108 41.9918 -67.3612
17 109 41.8936 -67.0388
17 110 41.795 -66.7213
18 1 43.2528 -118.678
18 2 43.3976 -118.044
18 3 43.5179 -117.451
18 4 43.6253 -116.876
18 5 43.7244 -116.311
18 6 43.8172 -115.751
18 7 43.9051 -115.196
18 8 43.9886 -114.642
18 9 44.0682 -114.09
18 10 44.1443 -113.539
18 11 44.217 -112.989
18 12 44.2864 -112.44
18 13 44.3527 -111.891
18 14 44.4159 -111.343
18 15 44.197 -111.701
18 16 44.2721 -111.135
18 17 44.3415 -110.576
18 18 44.4058 -110.023
18 19 44.4663 -109.472
18 20 44.5215 -108.929
18 21 44.5726 -108.391
18 22 44.6199 -107.858
18 23 44.6634 -107.329
18 24 44.7034 -106.805
18 25 44.7401 -106.285
18 26 44.7734 -105.769
18 27 44.8036 -105.258
18 28 44.8308 -104.752
18 29 44.855 -104.25
18 30 44.8763 -103.753
18 31 44.8949 -103.261
18 32 44.9107 -102.774
18 33 44.9239 -102.292
18 34 44.9345 -101.815
18 35 44.9426 -101.344
18 36 44.9483 -100.878
18 37 44.9517 -100.418
18 38 44.9527 -99.9642
18 39 44.9516 -99.5163
18 40 44.9483 -99.0746
18 41 44.9429 -98.6393
18 42 44.9355 -98.2105
18 43 44.9261 -97.7884
18 44 44.9149 -97.3732
18 45 44.5847 -96.5025
18 46 44.5793 -95.9371
18 47 44.5704 -95.3753
18 48 44.5582 -94.8171
18 49 44.5428 -94.2625
18 50 44.5242 -93.7114
18 51 44.5025 -93.1638
18 52 44.4778 -92.6196
18 53 44.4502 -92.0789
18 54 44.4197 -91.5416
18 55 44.3866 -91.0108
18 56 44.3506 -90.4803
18 57 44.3118 -89.9534
18 58 44.2704 -89.4299
18 59 44.2265 -88.9099
18 60 44.18 -88.3935
18 61 44.131 -87.8806
18 62 44.0797 -87.3713
18 63 44.026 -86.8657
18 64 43.97 -86.3637
18 65 43.9117 -85.8654
18 66 43.8513 -85.3708
18 67 43.7887 -84.88
18 68 43.724 -84.3929
18 69 43.6573 -83.9097
18 70 43.5886 -83.4304
18 71 43.5179 -82.955
18 72 43.4454 -82.4835
18 73 43.371 -82.016
18 74 43.2948 -81.5525
18 75 43.2169 -81.0931
18 76 43.1372 -80.6378
18 77 43.056 -80.1866
18 78 42.9731 -79.7395
18 79 42.8888 -79.2966
18 80 42.8029 -78.858
18 81 42.7156 -78.4236
18 82 42.6269 -77.9935
18 83 42.5368 -77.5677
18 84 42.4455 -77.1462
18 85 42.3529 -76.7291
18 86 42.2591 -76.3164
18 87 42.1641 -75.9081
18 88 42.0681 -75.5043
18 89 41.971 -75.1049
18 90 41.8729 -74.71
18 91 41.7739 -74.3195
18 92 41.6747 -73.937
18 93 41.574 -73.5559
18 94 41.4724 -73.1794
18 95 41.3701 -72.8074
18 96 41.2671 -72.4401
18 97 41.1634 -72.0773
18 98 41.059 -71.7192
18 99 40.9541 -71.3657
18 100 40.8487 -71.0168
18 101 40.7427 -70.6726
18 102 40.6363 -70.3331
18 103 40.5295 -69.9982
18 104 40.4223 -69.668
18 105 40.3148 -69.3425
18 106 40.207 -69.0217
18 107 40.099 -68.7056
18 108 39.9908 -68.3942
18 109 39.8824 -68.0875
18 110 39.7739 -67.7854
19 1 43.1577 -118.665
19 2 43.2829 -118.022
19 3 43.3821 -117.422
19 4 43.468 -116.841
19 5 43.5453 -116.271
19 6 43.6163 -115.707
19 7 43.6822 -115.147
19 8 43.7436 -114.59
19 9 43.8012 -114.035
19 10 43.8551 -113.482
19 11 43.9057 -112.93
19 12 43.953 -112.379
19 13 43.9972 -111.829
19 14 44.0383 -111.28
19 15 43.8024 -111.65
19 16 43.8566 -111.083
19 17 43.9051 -110.523
19 18 43.9485 -109.97
19 19 43.9872 -109.423
19 20 44.0215 -108.881
19 21 44.0519 -108.345
19 22 44.0784 -107.813
19 23 44.1013 -107.287
19 24 44.1208 -106.765
19 25 44.137 -106.249
19 26 44.1501 -105.737
19 27 44.1602 -105.23
19 28 44.1673 -104.728
19 29 44.1717 -104.231
19 30 44.1733 -103.739
19 31 44.1724 -103.252
19 32 44.1689 -102.77
19 33 44.1629 -102.294
19 34 44.1546 -101.824
19 35 44.144 -101.359
19 36 44.1311 -100.9
19 37 44.1162 -100.447
19 38 44.0991 -100.001
19 39 44.0801 -99.5601
19 40 44.0591 -99.126
19 41 44.0363 -98.6985
19 42 44.0117 -98.2777
19 43 43.9853 -97.8637
19 44 43.9574 -97.4568
19 45 43.5392 -96.6345
19 46 43.5142 -96.0797
19 47 43.486 -95.529
19 48 43.4545 -94.9823
19 49 43.4199 -94.4394
19 50 43.3822 -93.9004
19 51 43.3415 -93.3651
19 52 43.298 -92.8336
19 53 43.2517 -92.3059
19 54 43.2026 -91.7819
19 55 43.1509 -91.2616
19 56 43.0966 -90.745
19 57 43.0397 -90.2321
19 58 42.9803 -89.7229
19 59 42.9186 -89.2175
19 60 42.8544 -88.7158
19 61 42.788 -88.2178
19 62 42.7193 -87.7237
19 63 42.6484 -87.2333
19 64 42.5754 -86.7467
19 65 42.5003 -86.264
19 66 42.4232 -85.7851
19 67 42.3441 -85.3102
19 68 42.2631 -84.8391
19 69 42.1802 -84.372
19 70 42.0955 -83.9089
19 71 42.009 -83.4497
19 72 41.9208 -82.9946
19 73 41.8309 -82.5435
19 74 41.7394 -82.0965
19 75 41.647 -81.6568
19 76 41.5525 -81.2183
19 77 41.4565 -80.7839
19 78 41.3591 -80.3537
19 79 41.2603 -79.9277
19 80 41.1603 -79.506
19 81 41.0589 -79.0885
19 82 40.9563 -78.6753
19 83 40.8526 -78.2664
19 84 40.7477 -77.8618
19 85 40.6417 -77.4616
19 86 40.5347 -77.0657
19 87 40.4268 -76.6742
19 88 40.3179 -76.2871
19 89 40.2081 -75.9044
19 90 40.0974 -75.5262
19 91 39.986 -75.1524
19 92 39.8738 -74.7831
19 93 39.7609 -74.4182
19 94 39.6473 -74.0578
19 95 39.5331 -73.702
19 96 39.4183 -73.3506
19 97 39.303 -73.0037
19 98 39.1872 -72.6614
19 99 39.071 -72.3236
19 100 38.9544 -71.9904
19 101 38.8374 -71.6617
19 102 38.72 -71.3376
19 103 38.6024 -71.018
19 104 38.4846 -70.703
19 105 38.3666 -70.3926
19 106 38.2484 -70.0867
19 107 38.13 -69.7854
19 108 38.0116 -69.4887
19 109 37.8932 -69.1966
19 110 37.7747 -68.9091
20 1 43.0599 -118.664
20 2 43.1659 -118.011
20 3 43.2442 -117.405
20 4 43.3086 -116.819
20 5 43.3641 -116.245
20 6 43.4132 -115.679
20 7 43.457 -115.117
20 8 43.4964 -114.558
20 9 43.5319 -114.002
20 10 43.5637 -113.448
20 11 43.5921 -112.896
20 12 43.6173 -112.345
20 13 43.6394 -111.796
20 14 43.6585 -111.247
20 15 43.404 -111.634
20 16 43.4374 -111.067
20 17 43.4652 -110.508
20 18 43.4878 -109.956
20 19 43.5057 -109.411
20 20 43.5194 -108.872
20 21 43.5291 -108.338
20 22 43.5351 -107.81
20 23 43.5375 -107.288
20 24 43.5367 -106.771
20 25 43.5327 -106.258
20 26 43.5257 -105.752
20 27 43.5158 -105.25
20 28 43.5031 -104.753
20 29 43.4879 -104.262
20 30 43.47 -103.777
20 31 43.4498 -103.296
20 32 43.4272 -102.822
20 33 43.4023 -102.353
20 34 43.3753 -101.89
20 35 43.3462 -101.433
20 36 43.315 -100.982
20 37 43.282 -100.537
20 38 43.247 -100.098
20 39 43.2104 -99.666
20 40 43.172 -99.2405
20 41 43.132 -98.8217
20 42 43.0904 -98.4098
20 43 43.0474 -98.0048
20 44 43.0029 -97.607
20 45 42.495 -96.8435
20 46 42.451 -96.3001
20 47 42.4038 -95.761
20 48 42.3535 -95.2262
20 49 42.3002 -94.6956
20 50 42.244 -94.1692
20 51 42.1849 -93.6468
20 52 42.1231 -93.1284
20 53 42.0585 -92.6141
20 54 41.9914 -92.1037
20 55 41.9218 -91.5972
20 56 41.8497 -91.0947
20 57 41.7752 -90.596
20 58 41.6989 -90.1042
20 59 41.6198 -89.6135
20 60 41.5386 -89.1268
20 61 41.4552 -88.644
20 62 41.3697 -88.1651
20 63 41.2822 -87.6901
20 64 41.1927 -87.2191
20 65 41.1013 -86.752
20 66 41.008 -86.289
20 67 40.9129 -85.8299
20 68 40.816 -85.3748
20 69 40.7175 -84.9238
20 70 40.6173 -84.4768
20 71 40.5155 -84.0338
20 72 40.4121 -83.595
20 73 40.3073 -83.1602
20 74 40.2009 -82.7296
20 75 40.0932 -82.3031
20 76 39.9842 -81.8807
20 77 39.8738 -81.4625
20 78 39.7622 -81.0486
20 79 39.6493 -80.6388
20 80 39.5354 -80.2332
20 81 39.4203 -79.8319
20 82 39.3041 -79.4349
20 83 39.1869 -79.0421
20 84 39.0688 -78.6537
20 85 38.9497 -78.2695
20 86 38.8297 -77.8896
20 87 38.709 -77.5141
20 88 38.5874 -77.1429
20 89 38.4651 -76.7761
20 90 38.3421 -76.4137
20 91 38.2184 -76.0556
20 92 38.0941 -75.7019
20 93 37.9693 -75.3526
20 94 37.8439 -75.0078
20 95 37.7181 -74.6673
20 96 37.5918 -74.3313
20 97 37.4651 -73.9997
20 98 37.338 -73.6725
20 99 37.2106 -73.3498
20 100 37.083 -73.0315
20 101 36.9551 -72.7177
20 102 36.827 -72.4083
20 103 36.6987 -72.1034
20 104 36.5703 -71.8029
20 105 36.4419 -71.507
20 106 36.3133 -71.2155
20 107 36.1848 -70.9284
20 108 36.0563 -70.6459
20 109 35.9278 -70.3678
20 110 35.7994 -70.0942
21 1 42.9593 -118.673
21 2 43.047 -118.01
21 3 43.1046 -117.399
21 4 43.1476 -116.811
21 5 43.1814 -116.235
21 6 43.2085 -115.667
21 7 43.2303 -115.105
21 8 43.2477 -114.546
21 9 43.2611 -113.991
21 10 43.2708 -113.438
21 11 43.2772 -112.887
21 12 43.2803 -112.338
21 13 43.2804 -111.791
21 14 43.2776 -111.245
21 15 43.0026 -111.652
21 16 43.0157 -111.086
21 17 43.0229 -110.53
21 18 43.025 -109.981
21 19 43.0225 -109.439
21 20 43.0157 -108.904
21 21 43.0049 -108.375
21 22 42.9906 -107.852
21 23 42.9728 -107.334
21 24 42.9519 -106.822
21 25 42.9279 -106.316
21 26 42.901 -105.816
21 27 42.8715 -105.321
21 28 42.8393 -104.831
21 29 42.8046 -104.347
21 30 42.7676 -103.869
21 31 42.7284 -103.396
21 32 42.6869 -102.93
21 33 42.6435 -102.469
21 34 42.598 -102.015
21 35 42.5507 -101.566
21 36 42.5015 -101.124
21 37 42.4507 -100.688
21 38 42.3982 -100.259
21 39 42.3442 -99.8359
21 40 42.2886 -99.4198
21 41 42.2317 -99.0107
21 42 42.1735 -98.6084
21 43 42.1141 -98.2133
21 44 42.0534 -97.8254
21 45 41.4549 -97.1338
21 46 41.3925 -96.6022
21 47 41.327 -96.0753
21 48 41.2585 -95.553
21 49 41.187 -95.0352
21 50 41.1128 -94.5218
21 51 41.0359 -94.0127
21 52 40.9563 -93.5078
21 53 40.8741 -93.0072
21 54 40.7896 -92.5108
21 55 40.7026 -92.0185
21 56 40.6133 -91.5303
21 57 40.5217 -91.0462
21 58 40.428 -90.5662
21 59 40.3321 -90.0902
21 60 40.2342 -89.6183
21 61 40.1343 -89.1504
21 62 40.0324 -88.6866
21 63 39.9287 -88.2268
21 64 39.8232 -87.7711
21 65 39.7158 -87.3194
21 66 39.6068 -86.8718
21 67 39.4962 -86.4282
21 68 39.3839 -85.9887
21 69 39.27 -85.5533
21 70 39.1547 -85.122
21 71 39.038 -84.6948
21 72 38.9198 -84.2717
21 73 38.8003 -83.8527
21 74 38.6795 -83.4379
21 75 38.5574 -83.0272
21 76 38.4342 -82.6206
21 77 38.3098 -82.2182
21 78 38.1843 -81.8201
21 79 38.0577 -81.4261
21 80 37.9302 -81.0363
21 81 37.8017 -80.6507
21 82 37.6722 -80.2694
21 83 37.5419 -79.8922
21 84 37.4108 -79.5194
21 85 37.2789 -79.1508
21 86 37.1462 -78.7864
21 87 37.0129 -78.4264
21 88 36.8789 -78.0706
21 89 36.7443 -77.7191
21 90 36.6092 -77.372
21 91 36.4735 -77.0291
21 92 36.3374 -76.6905
21 93 36.2008 -76.3563
21 94 36.0638 -76.0264
21 95 35.9264 -75.7008
21 96 35.7888 -75.3796
21 97 35.6509 -75.0627
21 98 35.5127 -74.7502
21 99 35.3743 -74.442
21 100 35.2357 -74.1381
21 101 35.0971 -73.8387
21 102 34.9583 -73.5435
21 103 34.8195 -73.2528
21 104 34.6807 -72.9664
21 105 34.5418 -72.6844
21 106 34.4031 -72.4068
21 107 34.2644 -72.1335
21 108 34.1258 -71.8646
21 109 33.9874 -71.6001
21 110 33.8491 -71.3399
22 1 42.8557 -118.694
22 2 42.9261 -118.022
22 3 42.9635 -117.407
22 4 42.9853 -116.817
22 5 42.9975 -116.241
22 6 43.0028 -115.673
22 7 43.0028 -115.112
22 8 42.9982 -114.555
22 9 42.9896 -114.001
22 10 42.9774 -113.451
22 11 42.9618 -112.903
22 12 42.9431 -112.358
22 13 42.9214 -111.814
22 14 42.8968 -111.273
22 15 42.5993 -111.704
22 16 42.5923 -111.142
22 17 42.5794 -110.588
22 18 42.5613 -110.044
22 19 42.5385 -109.506
22 20 42.5116 -108.976
22 21 42.4808 -108.453
22 22 42.4464 -107.936
22 23 42.4087 -107.425
22 24 42.368 -106.92
22 25 42.3243 -106.421
22 26 42.2779 -105.928
22 27 42.229 -105.441
22 28 42.1776 -104.959
22 29 42.1239 -104.484
22 30 42.068 -104.014
22 31 42.01 -103.551
22 32 41.9501 -103.093
22 33 41.8883 -102.642
22 34 41.8247 -102.196
22 35 41.7595 -101.757
22 36 41.6924 -101.328
22 37 41.624 -100.902
22 38 41.5543 -100.483
22 39 41.4832 -100.071
22 40 41.4109 -99.6655
22 41 41.3375 -99.2669
22 42 41.2629 -98.8754
22 43 41.1873 -98.4911
22 44 41.1108 -98.114
22 45 40.4201 -97.4982
22 46 40.3398 -96.9786
22 47 40.2566 -96.4641
22 48 40.1704 -95.9544
22 49 40.0814 -95.4495
22 50 39.9897 -94.9492
22 51 39.8954 -94.4534
22 52 39.7986 -93.9622
22 53 39.6994 -93.4753
22 54 39.5978 -92.9928
22 55 39.494 -92.5146
22 56 39.3879 -92.0407
22 57 39.2798 -91.571
22 58 39.1696 -91.1056
22 59 39.0574 -90.6443
22 60 38.9433 -90.1872
22 61 38.8274 -89.7342
22 62 38.7097 -89.2854
22 63 38.5902 -88.8407
22 64 38.469 -88.4001
22 65 38.3463 -87.9636
22 66 38.2219 -87.5313
22 67 38.0961 -87.1031
22 68 37.9688 -86.679
22 69 37.8401 -86.259
22 70 37.7101 -85.8431
22 71 37.5787 -85.4313
22 72 37.4462 -85.0237
22 73 37.3124 -84.6202
22 74 37.1774 -84.2208
22 75 37.0414 -83.8256
22 76 36.9043 -83.4346
22 77 36.7662 -83.0476
22 78 36.6272 -82.6649
22 79 36.4872 -82.2863
22 80 36.3464 -81.9119
22 81 36.2047 -81.5417
22 82 36.0623 -81.1756
22 83 35.9191 -80.8138
22 84 35.7753 -80.4561
22 85 35.6308 -80.1027
22 86 35.4857 -79.7535
22 87 35.3401 -79.4084
22 88 35.1939 -79.0676
22 89 35.0472 -78.7311
22 90 34.9002 -78.3988
22 91 34.7527 -78.0707
22 92 34.6048 -77.7468
22 93 34.4567 -77.4272
22 94 34.3082 -77.1119
22 95 34.1595 -76.8008
22 96 34.0107 -76.494
22 97 33.8616 -76.1914
22 98 33.7124 -75.8931
22 99 33.5632 -75.599
22 100 33.4138 -75.3093
22 101 33.2645 -75.0238
22 102 33.1151 -74.7425
22 103 32.9658 -74.4656
22 104 32.8166 -74.1929
22 105 32.6674 -73.9246
22 106 32.5184 -73.6604
22 107 32.3696 -73.4006
22 108 32.221 -73.1451
22 109 32.0726 -72.8938
22 110 31.9245 -72.6469
23 1 42.7483 -118.729
23 2 42.8034 -118.045
23 3 42.8211 -117.427
23 4 42.8221 -116.837
23 5 42.8129 -116.261
23 6 42.7967 -115.696
23 7 42.7749 -115.137
23 8 42.7486 -114.583
23 9 42.7183 -114.033
23 10 42.6843 -113.487
23 11 42.647 -112.944
23 12 42.6067 -112.403
23 13 42.5633 -111.865
23 14 42.5172 -111.33
23 15 42.1947 -111.792
23 16 42.1681 -111.233
23 17 42.1355 -110.684
23 18 42.0976 -110.145
23 19 42.0551 -109.613
23 20 42.0084 -109.09
23 21 41.9578 -108.573
23 22 41.9038 -108.063
23 23 41.8466 -107.56
23 24 41.7864 -107.063
23 25 41.7229 -106.575
23 26 41.6573 -106.091
23 27 41.5893 -105.612
23 28 41.5191 -105.14
23 29 41.4467 -104.674
23 30 41.3723 -104.214
23 31 41.296 -103.761
23 32 41.2179 -103.313
23 33 41.1382 -102.872
23 34 41.0568 -102.438
23 35 40.9741 -102.01
23 36 40.8899 -101.588
23 37 40.8045 -101.173
23 38 40.7178 -100.765
23 39 40.6301 -100.364
23 40 40.5413 -99.9693
23 41 40.4515 -99.5819
23 42 40.3609 -99.2017
23 43 40.2696 -98.8286
23 44 40.1774 -98.4629
23 45 39.3921 -97.9364
23 46 39.2947 -97.4291
23 47 39.1943 -96.927
23 48 39.0911 -96.4301
23 49 38.9851 -95.9381
23 50 38.8766 -95.4511
23 51 38.7655 -94.9688
23 52 38.652 -94.4911
23 53 38.5362 -94.0181
23 54 38.4182 -93.5496
23 55 38.2981 -93.0855
23 56 38.1758 -92.6259
23 57 38.0516 -92.1706
23 58 37.9255 -91.7197
23 59 37.7975 -91.273
23 60 37.6677 -90.8306
23 61 37.5362 -90.3925
23 62 37.403 -89.9586
23 63 37.2683 -89.5288
23 64 37.132 -89.1033
23 65 36.9942 -88.6819
23 66 36.855 -88.2647
23 67 36.7144 -87.8516
23 68 36.5725 -87.4427
23 69 36.4293 -87.0379
23 70 36.285 -86.6372
23 71 36.1394 -86.2407
23 72 35.9928 -85.8483
23 73 35.8451 -85.46
23 74 35.6964 -85.0759
23 75 35.5467 -84.6959
23 76 35.3961 -84.32
23 77 35.2446 -83.9483
23 78 35.0923 -83.5807
23 79 34.9392 -83.2172
23 80 34.7854 -82.8579
23 81 34.6309 -82.5027
23 82 34.4757 -82.1516
23 83 34.32 -81.8047
23 84 34.1637 -81.462
23 85 34.0068 -81.1234
23 86 33.8495 -80.789
23 87 33.6917 -80.4587
23 88 33.5335 -80.1326
23 89 33.375 -79.8106
23 90 33.2162 -79.4928
23 91 33.057 -79.1792
23 92 32.8977 -78.8698
23 93 32.7381 -78.5645
23 94 32.5783 -78.2634
23 95 32.4184 -77.9665
23 96 32.2584 -77.6738
23 97 32.0983 -77.3853
23 98 31.9382 -77.1009
23 99 31.7781 -76.8208
23 100 31.6181 -76.5448
23 101 31.4581 -76.2731
23 102 31.2982 -76.0055
23 103 31.1384 -75.7422
23 104 30.9788 -75.483
23 105 30.8194 -75.228
23 106 30.6602 -74.9773
23 107 30.5013 -74.7307
23 108 30.3426 -74.4884
23 109 30.1843 -74.2503
23 110 30.0262 -74.0164
