24 110 2999 31556736
0 0.000000 180 45
0 1 38.9374 -75.8857
0 2 39.4423 -75.8005
0 3 39.895 -75.7625
0 4 40.3277 -75.7425
0 5 40.7498 -75.7321
0 6 41.1652 -75.7276
0 7 41.576 -75.727
0 8 41.9836 -75.7292
0 9 42.3886 -75.7335
0 10 42.7916 -75.7393
0 11 43.1929 -75.7465
0 12 43.5926 -75.7547
0 13 43.9911 -75.7637
0 14 44.3884 -75.7735
0 15 44.085 -76.268
0 16 44.5 -76.2509
0 17 44.9082 -76.2393
0 18 45.3105 -76.2322
0 19 45.7074 -76.229
0 20 46.0995 -76.2291
0 21 46.4872 -76.2321
0 22 46.8706 -76.2377
0 23 47.2501 -76.2457
0 24 47.6256 -76.2559
0 25 47.9974 -76.268
0 26 48.3654 -76.2819
0 27 48.7298 -76.2976
0 28 49.0904 -76.3149
0 29 49.4473 -76.3338
0 30 49.8006 -76.3542
0 31 50.15 -76.3761
0 32 50.4956 -76.3995
0 33 50.8374 -76.4244
0 34 51.1752 -76.4507
0 35 51.509 -76.4784
0 36 51.8388 -76.5077
0 37 52.1644 -76.5383
0 38 52.4857 -76.5705
0 39 52.8027 -76.6042
0 40 53.1153 -76.6395
0 41 53.4233 -76.6763
0 42 53.7268 -76.7148
0 43 54.0256 -76.755
0 44 54.3196 -76.7968
0 45 54.8914 -77.9935
0 46 55.2961 -78.0041
0 47 55.6981 -78.0174
0 48 56.0974 -78.0335
0 49 56.4943 -78.0522
0 50 56.8888 -78.0736
0 51 57.2809 -78.0974
0 52 57.6708 -78.1238
0 53 58.0585 -78.1526
0 54 58.444 -78.1839
0 55 58.8274 -78.2177
0 56 59.2088 -78.2538
0 57 59.588 -78.2925
0 58 59.9652 -78.3336
0 59 60.3404 -78.3773
0 60 60.7135 -78.4234
0 61 61.0846 -78.4721
0 62 61.4538 -78.5234
0 63 61.8209 -78.5774
0 64 62.186 -78.634
0 65 62.5491 -78.6934
0 66 62.9101 -78.7556
0 67 63.2691 -78.8207
0 68 63.6261 -78.8887
0 69 63.981 -78.9598
0 70 64.3338 -79.034
0 71 64.6845 -79.1114
0 72 65.0331 -79.1921
0 73 65.3795 -79.2762
0 74 65.7238 -79.3638
0 75 66.0659 -79.4551
0 76 66.4058 -79.5501
0 77 66.7434 -79.649
0 78 67.0788 -79.752
0 79 67.4118 -79.859
0 80 67.7426 -79.9704
0 81 68.0709 -80.0863
0 82 68.3969 -80.2067
0 83 68.7205 -80.332
0 84 69.0416 -80.4622
0 85 69.3603 -80.5976
0 86 69.6764 -80.7383
0 87 69.9899 -80.8846
0 88 70.3009 -81.0366
0 89 70.6093 -81.1947
0 90 70.915 -81.3589
0 91 71.218 -81.5297
0 92 71.5182 -81.7071
0 93 71.8157 -81.8915
0 94 72.1104 -82.0832
0 95 72.4023 -82.2824
0 96 72.6912 -82.4894
0 97 72.9772 -82.7045
0 98 73.2602 -82.9281
0 99 73.5402 -83.1605
0 100 73.8172 -83.4021
0 101 74.091 -83.6531
0 102 74.3617 -83.9139
0 103 74.6292 -84.185
0 104 74.8934 -84.4667
0 105 75.1544 -84.7594
0 106 75.4119 -85.0636
0 107 75.6661 -85.3796
0 108 75.9168 -85.7079
0 109 76.1641 -86.0491
0 110 76.4077 -86.4034
1 1 38.9618 -75.7477
1 2 39.4567 -75.6417
1 3 39.9054 -75.577
1 4 40.336 -75.5283
1 5 40.7566 -75.4883
1 6 41.1709 -75.4534
1 7 41.581 -75.4219
1 8 41.9878 -75.3927
1 9 42.3923 -75.3652
1 10 42.7948 -75.3387
1 11 43.1956 -75.3132
1 12 43.595 -75.2882
1 13 43.9931 -75.2637
1 14 44.39 -75.2395
1 15 44.1112 -75.6999
1 16 44.5242 -75.6508
1 17 44.9307 -75.6065
1 18 45.3315 -75.5661
1 19 45.7273 -75.5291
1 20 46.1185 -75.4949
1 21 46.5053 -75.4631
1 22 46.8881 -75.4336
1 23 47.267 -75.4059
1 24 47.6421 -75.38
1 25 48.0136 -75.3557
1 26 48.3814 -75.3328
1 27 48.7455 -75.3113
1 28 49.1061 -75.2912
1 29 49.463 -75.2722
1 30 49.8163 -75.2545
1 31 50.1658 -75.238
1 32 50.5116 -75.2226
1 33 50.8536 -75.2084
1 34 51.1917 -75.1953
1 35 51.5259 -75.1835
1 36 51.8561 -75.1728
1 37 52.1822 -75.1634
1 38 52.5041 -75.1552
1 39 52.8217 -75.1484
1 40 53.135 -75.1429
1 41 53.4438 -75.1388
1 42 53.7481 -75.1362
1 43 54.0478 -75.1351
1 44 54.3428 -75.1356
1 45 54.9715 -76.1159
1 46 55.375 -76.0729
1 47 55.7759 -76.0317
1 48 56.1744 -75.9921
1 49 56.5705 -75.954
1 50 56.9644 -75.9174
1 51 57.356 -75.8821
1 52 57.7455 -75.8481
1 53 58.1329 -75.8154
1 54 58.5182 -75.7839
1 55 58.9016 -75.7535
1 56 59.2829 -75.7243
1 57 59.6623 -75.6962
1 58 60.0397 -75.6692
1 59 60.4152 -75.6433
1 60 60.7887 -75.6185
1 61 61.1604 -75.5947
1 62 61.5301 -75.572
1 63 61.8979 -75.5504
1 64 62.2638 -75.5299
1 65 62.6278 -75.5104
1 66 62.9899 -75.4921
1 67 63.35 -75.4748
1 68 63.7081 -75.4588
1 69 64.0643 -75.4439
1 70 64.4186 -75.4302
1 71 64.7708 -75.4178
1 72 65.121 -75.4067
1 73 65.4692 -75.3969
1 74 65.8154 -75.3885
1 75 66.1595 -75.3816
1 76 66.5015 -75.3761
1 77 66.8414 -75.3722
1 78 67.1792 -75.3699
1 79 67.5148 -75.3693
1 80 67.8483 -75.3705
1 81 68.1795 -75.3735
1 82 68.5086 -75.3785
1 83 68.8354 -75.3855
1 84 69.1599 -75.3946
1 85 69.4821 -75.4059
1 86 69.802 -75.4196
1 87 70.1195 -75.4357
1 88 70.4347 -75.4544
1 89 70.7474 -75.4758
1 90 71.0577 -75.5001
1 91 71.3656 -75.5273
1 92 71.671 -75.5577
1 93 71.9739 -75.5913
1 94 72.2742 -75.6284
1 95 72.572 -75.6692
1 96 72.8672 -75.7138
1 97 73.1597 -75.7624
1 98 73.4496 -75.8153
1 99 73.7369 -75.8727
1 100 74.0214 -75.9347
1 101 74.3032 -76.0017
1 102 74.5822 -76.0739
1 103 74.8584 -76.1516
1 104 75.1318 -76.2351
1 105 75.4024 -76.3246
1 106 75.6701 -76.4205
1 107 75.9348 -76.5231
1 108 76.1967 -76.6327
1 109 76.4555 -76.7498
1 110 76.7114 -76.8748
2 1 38.9759 -75.6146
2 2 39.4619 -75.4855
2 3 39.9062 -75.3933
2 4 40.3336 -75.3158
2 5 40.7516 -75.246
2 6 41.1637 -75.1807
2 7 41.5716 -75.1183
2 8 41.9764 -75.0577
2 9 42.379 -74.9983
2 10 42.7796 -74.9396
2 11 43.1785 -74.8814
2 12 43.5761 -74.8233
2 13 43.9723 -74.7653
2 14 44.3674 -74.7072
2 15 44.1086 -75.1368
2 16 44.5184 -75.0554
2 17 44.9219 -74.9783
2 18 45.3201 -74.9045
2 19 45.7134 -74.8336
2 20 46.1021 -74.7651
2 21 46.4867 -74.6986
2 22 46.8674 -74.6338
2 23 47.2442 -74.5706
2 24 47.6173 -74.5087
2 25 47.9868 -74.4481
2 26 48.3527 -74.3886
2 27 48.715 -74.3301
2 28 49.0738 -74.2725
2 29 49.429 -74.2159
2 30 49.7806 -74.1602
2 31 50.1285 -74.1053
2 32 50.4727 -74.0514
2 33 50.8132 -73.9983
2 34 51.1498 -73.9461
2 35 51.4825 -73.8949
2 36 51.8113 -73.8446
2 37 52.136 -73.7953
2 38 52.4566 -73.7471
2 39 52.7729 -73.6999
2 40 53.085 -73.6539
2 41 53.3927 -73.6092
2 42 53.6959 -73.5658
2 43 53.9946 -73.5237
2 44 54.2886 -73.4831
2 45 54.9571 -74.2504
2 46 55.3572 -74.154
2 47 55.7548 -74.0583
2 48 56.15 -73.9631
2 49 56.543 -73.8683
2 50 56.9337 -73.7738
2 51 57.3222 -73.6796
2 52 57.7087 -73.5855
2 53 58.0931 -73.4914
2 54 58.4755 -73.3974
2 55 58.8558 -73.3032
2 56 59.2343 -73.209
2 57 59.6107 -73.1145
2 58 59.9853 -73.0197
2 59 60.3579 -72.9246
2 60 60.7287 -72.8292
2 61 61.0975 -72.7334
2 62 61.4644 -72.6371
2 63 61.8295 -72.5404
2 64 62.1926 -72.4432
2 65 62.5538 -72.3454
2 66 62.9131 -72.247
2 67 63.2705 -72.1481
2 68 63.626 -72.0485
2 69 63.9795 -71.9482
2 70 64.331 -71.8473
2 71 64.6805 -71.7457
2 72 65.0281 -71.6435
2 73 65.3736 -71.5404
2 74 65.7171 -71.4367
2 75 66.0586 -71.3322
2 76 66.3979 -71.2269
2 77 66.7352 -71.1209
2 78 67.0704 -71.0141
2 79 67.4034 -70.9065
2 80 67.7343 -70.7982
2 81 68.063 -70.6891
2 82 68.3895 -70.5792
2 83 68.7138 -70.4686
2 84 69.0358 -70.3572
2 85 69.3555 -70.245
2 86 69.673 -70.1321
2 87 69.9882 -70.0185
2 88 70.301 -69.9043
2 89 70.6114 -69.7893
2 90 70.9195 -69.6737
2 91 71.2251 -69.5575
2 92 71.5283 -69.4407
2 93 71.8291 -69.3233
2 94 72.1274 -69.2054
2 95 72.4232 -69.0871
2 96 72.7165 -68.9684
2 97 73.0072 -68.8493
2 98 73.2954 -68.73
2 99 73.581 -68.6104
2 100 73.8639 -68.4907
2 101 74.1443 -68.3709
2 102 74.422 -68.2511
2 103 74.697 -68.1314
2 104 74.9694 -68.012
2 105 75.239 -67.8928
2 106 75.506 -67.7742
2 107 75.7701 -67.6561
2 108 76.0316 -67.5387
2 109 76.2902 -67.4222
2 110 76.5461 -67.3067
3 1 38.981 -75.4855
3 2 39.4585 -75.3319
3 3 39.8977 -75.212
3 4 40.3209 -75.1055
3 5 40.7351 -75.0059
3 6 41.1436 -74.9104
3 7 41.5481 -74.8172
3 8 41.9496 -74.7253
3 9 42.3488 -74.6343
3 10 42.7461 -74.5435
3 11 43.1418 -74.4528
3 12 43.536 -74.3619
3 13 43.929 -74.2706
3 14 44.3208 -74.1788
3 15 44.078 -74.5803
3 16 44.4834 -74.4668
3 17 44.8828 -74.3569
3 18 45.2769 -74.2499
3 19 45.6662 -74.1454
3 20 46.0511 -74.0427
3 21 46.432 -73.9417
3 22 46.809 -73.8421
3 23 47.1822 -73.7437
3 24 47.5517 -73.6462
3 25 47.9177 -73.5496
3 26 48.2801 -73.4538
3 27 48.639 -73.3587
3 28 48.9943 -73.2643
3 29 49.3461 -73.1705
3 30 49.6943 -73.0773
3 31 50.0389 -72.9847
3 32 50.3797 -72.8928
3 33 50.7169 -72.8014
3 34 51.0502 -72.7107
3 35 51.3797 -72.6207
3 36 51.7052 -72.5314
3 37 52.0267 -72.443
3 38 52.3441 -72.3554
3 39 52.6574 -72.2687
3 40 52.9663 -72.1829
3 41 53.271 -72.0983
3 42 53.5712 -72.0148
3 43 53.8669 -71.9326
3 44 54.158 -71.8518
3 45 54.851 -72.4117
3 46 55.2455 -72.2628
3 47 55.6374 -72.1136
3 48 56.027 -71.9639
3 49 56.4143 -71.8137
3 50 56.7994 -71.6627
3 51 57.1823 -71.5109
3 52 57.5631 -71.3581
3 53 57.9418 -71.2043
3 54 58.3185 -71.0493
3 55 58.6931 -70.8931
3 56 59.0657 -70.7355
3 57 59.4364 -70.5766
3 58 59.8051 -70.4161
3 59 60.1718 -70.2541
3 60 60.5365 -70.0903
3 61 60.8993 -69.9249
3 62 61.2602 -69.7576
3 63 61.619 -69.5885
3 64 61.976 -69.4174
3 65 62.3309 -69.2443
3 66 62.6838 -69.0691
3 67 63.0348 -68.8918
3 68 63.3837 -68.7122
3 69 63.7306 -68.5303
3 70 64.0755 -68.3461
3 71 64.4183 -68.1595
3 72 64.759 -67.9704
3 73 65.0976 -67.7788
3 74 65.4341 -67.5845
3 75 65.7684 -67.3876
3 76 66.1006 -67.188
3 77 66.4306 -66.9856
3 78 66.7584 -66.7803
3 79 67.084 -66.5722
3 80 67.4072 -66.361
3 81 67.7282 -66.1469
3 82 68.0469 -65.9297
3 83 68.3633 -65.7093
3 84 68.6773 -65.4857
3 85 68.989 -65.2589
3 86 69.2982 -65.0288
3 87 69.605 -64.7953
3 88 69.9093 -64.5584
3 89 70.2112 -64.318
3 90 70.5106 -64.0741
3 91 70.8074 -63.8266
3 92 71.1017 -63.5755
3 93 71.3934 -63.3207
3 94 71.6825 -63.0622
3 95 71.969 -62.7999
3 96 72.2528 -62.5339
3 97 72.534 -62.264
3 98 72.8125 -61.9902
3 99 73.0882 -61.7125
3 100 73.3613 -61.4308
3 101 73.6316 -61.1452
3 102 73.8991 -60.8556
3 103 74.1638 -60.562
3 104 74.4258 -60.2643
3 105 74.6849 -59.9626
3 106 74.9411 -59.6568
3 107 75.1945 -59.347
3 108 75.445 -59.0331
3 109 75.6926 -58.7153
3 110 75.9374 -58.3934
4 1 38.9781 -75.3601
4 2 39.447 -75.1812
4 3 39.8801 -75.0334
4 4 40.298 -74.898
4 5 40.7072 -74.7688
4 6 41.1109 -74.6432
4 7 41.5107 -74.5195
4 8 41.9075 -74.3968
4 9 42.302 -74.2744
4 10 42.6946 -74.1519
4 11 43.0856 -74.0292
4 12 43.4751 -73.9058
4 13 43.8633 -73.7817
4 14 44.2503 -73.6567
4 15 44.0203 -74.0324
4 16 44.42 -73.887
4 17 44.8138 -73.7447
4 18 45.2025 -73.6049
4 19 45.5865 -73.4671
4 20 45.9662 -73.3309
4 21 46.3419 -73.196
4 22 46.7137 -73.0621
4 23 47.0817 -72.929
4 24 47.4461 -72.7965
4 25 47.807 -72.6647
4 26 48.1643 -72.5334
4 27 48.5181 -72.4024
4 28 48.8684 -72.2719
4 29 49.2151 -72.1417
4 30 49.5583 -72.0119
4 31 49.8978 -71.8824
4 32 50.2336 -71.7534
4 33 50.5658 -71.6247
4 34 50.8941 -71.4965
4 35 51.2185 -71.3688
4 36 51.5391 -71.2416
4 37 51.8556 -71.115
4 38 52.1681 -70.9892
4 39 52.4764 -70.8641
4 40 52.7804 -70.7399
4 41 53.0802 -70.6166
4 42 53.3756 -70.4944
4 43 53.6665 -70.3734
4 44 53.9528 -70.2536
4 45 54.6561 -70.6141
4 46 55.0427 -70.4145
4 47 55.4268 -70.2138
4 48 55.8085 -70.0117
4 49 56.1878 -69.8081
4 50 56.5648 -69.6029
4 51 56.9396 -69.3959
4 52 57.3122 -69.1871
4 53 57.6827 -68.9762
4 54 58.051 -68.7632
4 55 58.4172 -68.548
4 56 58.7813 -68.3304
4 57 59.1433 -68.1103
4 58 59.5033 -67.8877
4 59 59.8612 -67.6624
4 60 60.217 -67.4344
4 61 60.5707 -67.2035
4 62 60.9224 -66.9697
4 63 61.2719 -66.7328
4 64 61.6194 -66.4928
4 65 61.9648 -66.2496
4 66 62.308 -66.003
4 67 62.6491 -65.753
4 68 62.988 -65.4995
4 69 63.3248 -65.2425
4 70 63.6594 -64.9817
4 71 63.9917 -64.7172
4 72 64.3219 -64.4488
4 73 64.6497 -64.1765
4 74 64.9753 -63.9001
4 75 65.2985 -63.6196
4 76 65.6194 -63.3349
4 77 65.938 -63.0459
4 78 66.2541 -62.7526
4 79 66.5678 -62.4547
4 80 66.8791 -62.1524
4 81 67.1879 -61.8453
4 82 67.4942 -61.5336
4 83 67.798 -61.2171
4 84 68.0992 -60.8956
4 85 68.3979 -60.5692
4 86 68.6939 -60.2378
4 87 68.9873 -59.9012
4 88 69.278 -59.5595
4 89 69.566 -59.2124
4 90 69.8513 -58.8601
4 91 70.1338 -58.5022
4 92 70.4135 -58.1389
4 93 70.6905 -57.7701
4 94 70.9646 -57.3956
4 95 71.2359 -57.0155
4 96 71.5042 -56.6296
4 97 71.7697 -56.2379
4 98 72.0322 -55.8403
4 99 72.2918 -55.4369
4 100 72.5484 -55.0276
4 101 72.802 -54.6123
4 102 73.0525 -54.191
4 103 73.3001 -53.7638
4 104 73.5445 -53.3305
4 105 73.7859 -52.8911
4 106 74.0242 -52.4458
4 107 74.2594 -51.9944
4 108 74.4914 -51.537
4 109 74.7203 -51.0736
4 110 74.9461 -50.6043
5 1 38.9677 -75.2383
5 2 39.4277 -75.0336
5 3 39.8537 -74.858
5 4 40.2652 -74.6939
5 5 40.6683 -74.5355
5 6 41.0658 -74.3802
5 7 41.4596 -74.2264
5 8 41.8504 -74.0731
5 9 42.2389 -73.9199
5 10 42.6254 -73.7663
5 11 43.0103 -73.612
5 12 43.3937 -73.4568
5 13 43.7757 -73.3005
5 14 44.1564 -73.143
5 15 43.9361 -73.495
5 16 44.3288 -73.3182
5 17 44.7159 -73.1441
5 18 45.0978 -72.9722
5 19 45.4751 -72.8018
5 20 45.8481 -72.6327
5 21 46.2171 -72.4646
5 22 46.5823 -72.2972
5 23 46.9437 -72.1303
5 24 47.3015 -71.9638
5 25 47.6557 -71.7977
5 26 48.0064 -71.6317
5 27 48.3536 -71.466
5 28 48.6972 -71.3004
5 29 49.0373 -71.135
5 30 49.3737 -70.9697
5 31 49.7066 -70.8046
5 32 50.0357 -70.6397
5 33 50.3612 -70.475
5 34 50.6828 -70.3106
5 35 51.0006 -70.1465
5 36 51.3144 -69.9829
5 37 51.6243 -69.8197
5 38 51.93 -69.6572
5 39 52.2317 -69.4953
5 40 52.5291 -69.3342
5 41 52.8223 -69.174
5 42 53.111 -69.0148
5 43 53.3954 -68.8567
5 44 53.6752 -68.6999
5 45 54.3758 -68.8709
5 46 54.7524 -68.6232
5 47 55.1265 -68.3737
5 48 55.4981 -68.1221
5 49 55.8672 -67.8682
5 50 56.2339 -67.612
5 51 56.5983 -67.3532
5 52 56.9604 -67.0918
5 53 57.3202 -66.8276
5 54 57.6777 -66.5605
5 55 58.033 -66.2903
5 56 58.386 -66.0171
5 57 58.7369 -65.7405
5 58 59.0855 -65.4606
5 59 59.4318 -65.1771
5 60 59.776 -64.8901
5 61 60.1179 -64.5994
5 62 60.4576 -64.3049
5 63 60.795 -64.0065
5 64 61.1302 -63.704
5 65 61.463 -63.3975
5 66 61.7936 -63.0868
5 67 62.1218 -62.7717
5 68 62.4477 -62.4523
5 69 62.7713 -62.1284
5 70 63.0924 -61.7998
5 71 63.4111 -61.4667
5 72 63.7274 -61.1287
5 73 64.0411 -60.7859
5 74 64.3524 -60.4382
5 75 64.6612 -60.0854
5 76 64.9674 -59.7275
5 77 65.271 -59.3645
5 78 65.572 -58.9961
5 79 65.8703 -58.6224
5 80 66.166 -58.2433
5 81 66.459 -57.8586
5 82 66.7492 -57.4684
5 83 67.0366 -57.0725
5 84 67.3213 -56.6708
5 85 67.6031 -56.2634
5 86 67.882 -55.8502
5 87 68.1581 -55.431
5 88 68.4312 -55.0059
5 89 68.7014 -54.5748
5 90 68.9685 -54.1376
5 91 69.2327 -53.6944
5 92 69.4939 -53.245
5 93 69.7519 -52.7894
5 94 70.0069 -52.3277
5 95 70.2587 -51.8598
5 96 70.5075 -51.3857
5 97 70.753 -50.9053
5 98 70.9953 -50.4188
5 99 71.2345 -49.9261
5 100 71.4704 -49.4272
5 101 71.703 -48.9221
5 102 71.9323 -48.411
5 103 72.1584 -47.8937
5 104 72.3811 -47.3705
5 105 72.6006 -46.8414
5 106 72.8166 -46.3065
5 107 73.0294 -45.7657
5 108 73.2387 -45.2194
5 109 73.4447 -44.6675
5 110 73.6474 -44.1102
6 1 38.9503 -75.12
6 2 39.4008 -74.8894
6 3 39.8188 -74.6863
6 4 40.2228 -74.4938
6 5 40.6184 -74.3066
6 6 41.0087 -74.1221
6 7 41.3951 -73.9388
6 8 41.7786 -73.7557
6 9 42.1597 -73.5723
6 10 42.5388 -73.3882
6 11 42.9162 -73.2031
6 12 43.2921 -73.0167
6 13 43.6665 -72.829
6 14 44.0395 -72.6397
6 15 43.8262 -72.9702
6 16 44.2108 -72.7627
6 17 44.5897 -72.5575
6 18 44.9635 -72.3542
6 19 45.3328 -72.1522
6 20 45.6977 -71.9511
6 21 46.0587 -71.7508
6 22 46.4157 -71.5509
6 23 46.7691 -71.3513
6 24 47.1188 -71.1519
6 25 47.4649 -70.9526
6 26 47.8074 -70.7533
6 27 48.1464 -70.5541
6 28 48.4819 -70.3548
6 29 48.8137 -70.1555
6 30 49.142 -69.9562
6 31 49.4666 -69.7569
6 32 49.7875 -69.5577
6 33 50.1046 -69.3586
6 34 50.418 -69.1597
6 35 50.7275 -68.961
6 36 51.033 -68.7627
6 37 51.3346 -68.5648
6 38 51.6321 -68.3674
6 39 51.9254 -68.1707
6 40 52.2146 -67.9747
6 41 52.4995 -67.7796
6 42 52.78 -67.5855
6 43 53.0561 -67.3926
6 44 53.3278 -67.201
6 45 54.0137 -67.1943
6 46 54.3785 -66.9018
6 47 54.7406 -66.6068
6 48 55.1 -66.3091
6 49 55.4569 -66.0087
6 50 55.8112 -65.7053
6 51 56.1631 -65.3989
6 52 56.5125 -65.0892
6 53 56.8594 -64.7762
6 54 57.204 -64.4597
6 55 57.5461 -64.1396
6 56 57.8858 -63.8158
6 57 58.2232 -63.4882
6 58 58.5581 -63.1566
6 59 58.8906 -62.821
6 60 59.2208 -62.4813
6 61 59.5485 -62.1373
6 62 59.8737 -61.789
6 63 60.1966 -61.4362
6 64 60.5169 -61.0789
6 65 60.8348 -60.717
6 66 61.1501 -60.3504
6 67 61.463 -59.979
6 68 61.7732 -59.6027
6 69 62.0809 -59.2214
6 70 62.386 -58.8351
6 71 62.6884 -58.4437
6 72 62.9881 -58.0471
6 73 63.2852 -57.6453
6 74 63.5795 -57.2381
6 75 63.8711 -56.8255
6 76 64.1599 -56.4075
6 77 64.4459 -55.9839
6 78 64.729 -55.5548
6 79 65.0092 -55.1201
6 80 65.2865 -54.6798
6 81 65.5608 -54.2337
6 82 65.8322 -53.7819
6 83 66.1006 -53.3243
6 84 66.3659 -52.8609
6 85 66.6282 -52.3917
6 86 66.8873 -51.9167
6 87 67.1433 -51.4358
6 88 67.3962 -50.9491
6 89 67.6458 -50.4566
6 90 67.8923 -49.9582
6 91 68.1354 -49.454
6 92 68.3754 -48.9441
6 93 68.612 -48.4284
6 94 68.8453 -47.9069
6 95 69.0753 -47.3798
6 96 69.3019 -46.8472
6 97 69.5251 -46.309
6 98 69.7449 -45.7653
6 99 69.9613 -45.2163
6 100 70.1743 -44.662
6 101 70.3838 -44.1026
6 102 70.5899 -43.5381
6 103 70.7924 -42.9688
6 104 70.9916 -42.3947
6 105 71.1872 -41.816
6 106 71.3793 -41.2328
6 107 71.568 -40.6454
6 108 71.7531 -40.0539
6 109 71.9348 -39.4586
6 110 72.1129 -38.8596
7 1 38.9263 -75.0055
7 2 39.3666 -74.749
7 3 39.7757 -74.5186
7 4 40.1709 -74.2984
7 5 40.558 -74.083
7 6 40.9397 -73.87
7 7 41.3175 -73.6578
7 8 41.6924 -73.4455
7 9 42.0648 -73.2327
7 10 42.4352 -73.0189
7 11 42.8038 -72.8038
7 12 43.1708 -72.5873
7 13 43.5362 -72.369
7 14 43.9002 -72.149
7 15 43.6915 -72.4598
7 16 44.0666 -72.2225
7 17 44.4361 -71.9872
7 18 44.8006 -71.7535
7 19 45.1604 -71.5209
7 20 45.516 -71.289
7 21 45.8675 -71.0576
7 22 46.2151 -70.8265
7 23 46.559 -70.5955
7 24 46.8991 -70.3645
7 25 47.2357 -70.1335
7 26 47.5687 -69.9024
7 27 47.8981 -69.6711
7 28 48.2239 -69.4397
7 29 48.5461 -69.2081
7 30 48.8646 -68.9765
7 31 49.1795 -68.7448
7 32 49.4907 -68.5131
7 33 49.7981 -68.2814
7 34 50.1016 -68.0499
7 35 50.4013 -67.8186
7 36 50.6971 -67.5877
7 37 50.9888 -67.3571
7 38 51.2765 -67.1271
7 39 51.5601 -66.8978
7 40 51.8394 -66.6692
7 41 52.1145 -66.4416
7 42 52.3853 -66.2151
7 43 52.6517 -65.9897
7 44 52.9136 -65.7658
7 45 53.574 -65.595
7 46 53.9251 -65.2613
7 47 54.2734 -64.9246
7 48 54.6189 -64.585
7 49 54.9617 -64.2422
7 50 55.3018 -63.8961
7 51 55.6392 -63.5465
7 52 55.974 -63.1934
7 53 56.3062 -62.8365
7 54 56.6358 -62.4759
7 55 56.9629 -62.1114
7 56 57.2873 -61.7428
7 57 57.6092 -61.3701
7 58 57.9284 -60.9932
7 59 58.2451 -60.612
7 60 58.5592 -60.2263
7 61 58.8707 -59.8362
7 62 59.1795 -59.4415
7 63 59.4857 -59.0421
7 64 59.7892 -58.638
7 65 60.09 -58.2291
7 66 60.388 -57.8154
7 67 60.6834 -57.3967
7 68 60.976 -56.9731
7 69 61.2657 -56.5443
7 70 61.5527 -56.1105
7 71 61.8368 -55.6716
7 72 62.118 -55.2275
7 73 62.3963 -54.7781
7 74 62.6716 -54.3235
7 75 62.944 -53.8636
7 76 63.2134 -53.3984
7 77 63.4797 -52.9279
7 78 63.743 -52.452
7 79 64.0031 -51.9708
7 80 64.2602 -51.4842
7 81 64.5141 -50.9923
7 82 64.7647 -50.495
7 83 65.0122 -49.9925
7 84 65.2564 -49.4846
7 85 65.4974 -48.9715
7 86 65.735 -48.4531
7 87 65.9694 -47.9296
7 88 66.2003 -47.4009
7 89 66.4279 -46.8672
7 90 66.6522 -46.3285
7 91 66.8729 -45.7848
7 92 67.0903 -45.2364
7 93 67.3042 -44.6832
7 94 67.5146 -44.1254
7 95 67.7215 -43.5631
7 96 67.925 -42.9964
7 97 68.1249 -42.4254
7 98 68.3213 -41.8504
7 99 68.5142 -41.2714
7 100 68.7035 -40.6886
7 101 68.8893 -40.1022
7 102 69.0715 -39.5123
7 103 69.2502 -38.9192
7 104 69.4254 -38.3231
7 105 69.597 -37.7241
7 106 69.7651 -37.1225
7 107 69.9296 -36.5185
7 108 70.0907 -35.9124
7 109 70.2482 -35.3044
7 110 70.4023 -34.6948
8 1 38.8959 -74.8948
8 2 39.3254 -74.6127
8 3 39.7244 -74.3556
8 4 40.1099 -74.1083
8 5 40.4872 -73.8654
8 6 40.8591 -73.6246
8 7 41.2271 -73.3843
8 8 41.5921 -73.1438
8 9 41.9546 -72.9025
8 10 42.315 -72.6599
8 11 42.6735 -72.4159
8 12 43.0303 -72.1701
8 13 43.3854 -71.9224
8 14 43.739 -71.6727
8 15 43.5326 -71.9658
8 16 43.8971 -71.6996
8 17 44.256 -71.4354
8 18 44.6098 -71.1726
8 19 44.959 -70.9106
8 20 45.3039 -70.6492
8 21 45.6446 -70.3881
8 22 45.9815 -70.1271
8 23 46.3145 -69.8662
8 24 46.6439 -69.6052
8 25 46.9696 -69.344
8 26 47.2916 -69.0826
8 27 47.61 -68.821
8 28 47.9248 -68.5593
8 29 48.2359 -68.2973
8 30 48.5434 -68.0352
8 31 48.8472 -67.7731
8 32 49.1472 -67.5109
8 33 49.4434 -67.2488
8 34 49.7358 -66.9868
8 35 50.0243 -66.7251
8 36 50.3089 -66.4638
8 37 50.5895 -66.203
8 38 50.8659 -65.9427
8 39 51.1383 -65.6832
8 40 51.4065 -65.4246
8 41 51.6704 -65.1671
8 42 51.93 -64.9107
8 43 52.1853 -64.6557
8 44 52.4362 -64.4023
8 45 53.0611 -64.082
8 46 53.397 -63.711
8 47 53.7299 -63.3369
8 48 54.0598 -62.9595
8 49 54.3869 -62.5788
8 50 54.7111 -62.1947
8 51 55.0325 -61.8069
8 52 55.351 -61.4154
8 53 55.6668 -61.0201
8 54 55.9799 -60.6209
8 55 56.2901 -60.2176
8 56 56.5976 -59.8103
8 57 56.9023 -59.3987
8 58 57.2043 -58.9829
8 59 57.5034 -58.5627
8 60 57.7998 -58.1381
8 61 58.0934 -57.7091
8 62 58.3841 -57.2755
8 63 58.672 -56.8373
8 64 58.957 -56.3945
8 65 59.2391 -55.947
8 66 59.5183 -55.4948
8 67 59.7946 -55.0379
8 68 60.0679 -54.5761
8 69 60.3383 -54.1096
8 70 60.6056 -53.6383
8 71 60.8698 -53.1621
8 72 61.131 -52.6811
8 73 61.3891 -52.1952
8 74 61.644 -51.7045
8 75 61.8958 -51.209
8 76 62.1444 -50.7086
8 77 62.3898 -50.2035
8 78 62.6319 -49.6936
8 79 62.8708 -49.179
8 80 63.1064 -48.6597
8 81 63.3386 -48.1358
8 82 63.5676 -47.6074
8 83 63.7931 -47.0744
8 84 64.0153 -46.537
8 85 64.234 -45.9952
8 86 64.4493 -45.4492
8 87 64.6611 -44.899
8 88 64.8695 -44.3447
8 89 65.0744 -43.7865
8 90 65.2758 -43.2244
8 91 65.4736 -42.6586
8 92 65.668 -42.0893
8 93 65.8588 -41.5165
8 94 66.046 -40.9404
8 95 66.2297 -40.3613
8 96 66.4099 -39.7791
8 97 66.5865 -39.1942
8 98 66.7595 -38.6068
8 99 66.929 -38.0169
8 100 67.0949 -37.4248
8 101 67.2573 -36.8307
8 102 67.4162 -36.2349
8 103 67.5715 -35.6375
8 104 67.7233 -35.0387
8 105 67.8716 -34.4389
8 106 68.0164 -33.8382
8 107 68.1578 -33.237
8 108 68.2958 -32.6353
8 109 68.4303 -32.0336
8 110 68.5615 -31.432
9 1 38.8595 -74.7883
9 2 39.2774 -74.4809
9 3 39.6654 -74.1978
9 4 40.0399 -73.924
9 5 40.4064 -73.6545
9 6 40.7674 -73.3867
9 7 41.1244 -73.1194
9 8 41.4783 -72.8516
9 9 41.8297 -72.5827
9 10 42.1788 -72.3125
9 11 42.5259 -72.0406
9 12 42.8713 -71.7667
9 13 43.2149 -71.4909
9 14 43.5568 -71.2128
9 15 43.3505 -71.4899
9 16 43.7032 -71.1962
9 17 44.0503 -70.9043
9 18 44.3923 -70.6135
9 19 44.7296 -70.3236
9 20 45.0626 -70.0341
9 21 45.3914 -69.7448
9 22 45.7162 -69.4556
9 23 46.0372 -69.1664
9 24 46.3544 -68.877
9 25 46.6679 -68.5875
9 26 46.9777 -68.2977
9 27 47.2839 -68.0077
9 28 47.5864 -67.7175
9 29 47.8852 -67.4271
9 30 48.1803 -67.1367
9 31 48.4717 -66.8462
9 32 48.7593 -66.5557
9 33 49.0431 -66.2654
9 34 49.323 -65.9753
9 35 49.599 -65.6856
9 36 49.8711 -65.3963
9 37 50.1392 -65.1077
9 38 50.4032 -64.8198
9 39 50.6631 -64.5327
9 40 50.9188 -64.2468
9 41 51.1703 -63.962
9 42 51.4176 -63.6787
9 43 51.6605 -63.3969
9 44 51.899 -63.1168
9 45 52.4796 -62.6625
9 46 52.7989 -62.2583
9 47 53.115 -61.851
9 48 53.428 -61.4405
9 49 53.7379 -61.0266
9 50 54.0449 -60.6092
9 51 54.3488 -60.1882
9 52 54.6498 -59.7635
9 53 54.9478 -59.3351
9 54 55.2428 -58.9028
9 55 55.535 -58.4666
9 56 55.8241 -58.0264
9 57 56.1104 -57.5822
9 58 56.3936 -57.1338
9 59 56.674 -56.6813
9 60 56.9513 -56.2246
9 61 57.2257 -55.7637
9 62 57.497 -55.2985
9 63 57.7654 -54.829
9 64 58.0307 -54.3552
9 65 58.2929 -53.8771
9 66 58.5521 -53.3946
9 67 58.8081 -52.9078
9 68 59.0611 -52.4167
9 69 59.3108 -51.9212
9 70 59.5574 -51.4215
9 71 59.8008 -50.9174
9 72 60.041 -50.4092
9 73 60.2779 -49.8966
9 74 60.5116 -49.38
9 75 60.7419 -48.8592
9 76 60.9689 -48.3343
9 77 61.1926 -47.8054
9 78 61.4129 -47.2725
9 79 61.6298 -46.7358
9 80 61.8433 -46.1953
9 81 62.0534 -45.6511
9 82 62.2601 -45.1033
9 83 62.4633 -44.5519
9 84 62.663 -43.9972
9 85 62.8592 -43.4392
9 86 63.0519 -42.8781
9 87 63.2411 -42.3139
9 88 63.4267 -41.7469
9 89 63.6089 -41.1771
9 90 63.7875 -40.6047
9 91 63.9625 -40.0299
9 92 64.134 -39.4528
9 93 64.302 -38.8736
9 94 64.4664 -38.2926
9 95 64.6272 -37.7098
9 96 64.7846 -37.1254
9 97 64.9384 -36.5397
9 98 65.0887 -35.9529
9 99 65.2355 -35.3652
9 100 65.3788 -34.7767
9 101 65.5186 -34.1877
9 102 65.655 -33.5985
9 103 65.7879 -33.0092
9 104 65.9175 -32.42
9 105 66.0436 -31.8313
9 106 66.1664 -31.2432
9 107 66.2859 -30.656
9 108 66.402 -30.0699
9 109 66.5149 -29.4852
9 110 66.6246 -28.9021
10 1 38.8173 -74.6861
10 2 39.2228 -74.354
10 3 39.5988 -74.0456
10 4 39.9614 -73.7463
10 5 40.3158 -73.451
10 6 40.6648 -73.1573
10 7 41.0097 -72.8639
10 8 41.3514 -72.5699
10 9 41.6904 -72.2747
10 10 42.0271 -71.9779
10 11 42.3617 -71.6793
10 12 42.6943 -71.3788
10 13 43.0252 -71.076
10 14 43.3542 -70.7709
10 15 43.146 -71.0339
10 16 43.4859 -70.7139
10 17 43.8201 -70.3957
10 18 44.1491 -70.0785
10 19 44.4734 -69.7621
10 20 44.7933 -69.4462
10 21 45.109 -69.1304
10 22 45.4206 -68.8147
10 23 45.7283 -68.4989
10 24 46.0323 -68.183
10 25 46.3324 -67.8669
10 26 46.6288 -67.5506
10 27 46.9215 -67.2342
10 28 47.2105 -66.9177
10 29 47.4958 -66.601
10 30 47.7774 -66.2844
10 31 48.0552 -65.9678
10 32 48.3292 -65.6514
10 33 48.5993 -65.3352
10 34 48.8657 -65.0195
10 35 49.128 -64.7042
10 36 49.3865 -64.3896
10 37 49.6409 -64.0757
10 38 49.8913 -63.7628
10 39 50.1376 -63.451
10 40 50.3798 -63.1405
10 41 50.6177 -62.8314
10 42 50.8515 -62.5239
10 43 51.0809 -62.2182
10 44 51.306 -61.9145
10 45 51.8343 -61.3419
10 46 52.1358 -60.9088
10 47 52.4339 -60.4726
10 48 52.7288 -60.0333
10 49 53.0205 -59.5908
10 50 53.309 -59.145
10 51 53.5944 -58.6958
10 52 53.8766 -58.243
10 53 54.1557 -57.7867
10 54 54.4317 -57.3268
10 55 54.7046 -56.8633
10 56 54.9744 -56.396
10 57 55.241 -55.925
10 58 55.5046 -55.4502
10 59 55.7651 -54.9716
10 60 56.0224 -54.4892
10 61 56.2766 -54.003
10 62 56.5277 -53.5129
10 63 56.7756 -53.0191
10 64 57.0203 -52.5214
10 65 57.2618 -52.0199
10 66 57.5001 -51.5146
10 67 57.7352 -51.0056
10 68 57.967 -50.4928
10 69 58.1955 -49.9764
10 70 58.4207 -49.4564
10 71 58.6426 -48.9327
10 72 58.8612 -48.4056
10 73 59.0764 -47.875
10 74 59.2883 -47.341
10 75 59.4967 -46.8037
10 76 59.7018 -46.2632
10 77 59.9034 -45.7196
10 78 60.1016 -45.1729
10 79 60.2964 -44.6233
10 80 60.4877 -44.0709
10 81 60.6755 -43.5158
10 82 60.8598 -42.9581
10 83 61.0406 -42.398
10 84 61.2179 -41.8356
10 85 61.3917 -41.271
10 86 61.562 -40.7043
10 87 61.7288 -40.1358
10 88 61.892 -39.5656
10 89 62.0518 -38.9938
10 90 62.208 -38.4207
10 91 62.3607 -37.8463
10 92 62.5099 -37.2709
10 93 62.6557 -36.6947
10 94 62.7979 -36.1178
10 95 62.9367 -35.5404
10 96 63.072 -34.9628
10 97 63.2039 -34.3851
10 98 63.3323 -33.8075
10 99 63.4574 -33.2302
10 100 63.5791 -32.6535
10 101 63.6975 -32.0776
10 102 63.8125 -31.5026
10 103 63.9242 -30.9287
10 104 64.0327 -30.3563
10 105 64.138 -29.7855
10 106 64.24 -29.2165
10 107 64.3389 -28.6496
10 108 64.4347 -28.0849
10 109 64.5274 -27.5227
10 110 64.6171 -26.9632
11 1 38.7695 -74.5886
11 2 39.1618 -74.2324
11 3 39.525 -73.8996
11 4 39.8746 -73.5756
11 5 40.216 -73.2556
11 6 40.5518 -72.9371
11 7 40.8834 -72.6187
11 8 41.2118 -72.2996
11 9 41.5373 -71.9793
11 10 41.8604 -71.6573
11 11 42.1814 -71.3335
11 12 42.5002 -71.0075
11 13 42.8171 -70.6793
11 14 43.1322 -70.3487
11 15 42.9202 -70.5994
11 16 43.2462 -70.2546
11 17 43.5664 -69.9116
11 18 43.8814 -69.5696
11 19 44.1916 -69.2284
11 20 44.4973 -68.8876
11 21 44.7988 -68.547
11 22 45.0961 -68.2066
11 23 45.3895 -67.8661
11 24 45.679 -67.5256
11 25 45.9647 -67.185
11 26 46.2467 -66.8443
11 27 46.5248 -66.5036
11 28 46.7993 -66.1629
11 29 47.0699 -65.8222
11 30 47.3369 -65.4816
11 31 47.6 -65.1413
11 32 47.8593 -64.8013
11 33 48.1148 -64.4618
11 34 48.3665 -64.1228
11 35 48.6142 -63.7846
11 36 48.8579 -63.4472
11 37 49.0977 -63.1108
11 38 49.3335 -62.7756
11 39 49.5652 -62.4417
11 40 49.7928 -62.1094
11 41 50.0162 -61.7788
11 42 50.2355 -61.4501
11 43 50.4505 -61.1235
11 44 50.6613 -60.7992
11 45 51.1301 -60.1241
11 46 51.4128 -59.6662
11 47 51.6921 -59.2054
11 48 51.9679 -58.7418
11 49 52.2404 -58.2752
11 50 52.5095 -57.8055
11 51 52.7753 -57.3327
11 52 53.0379 -56.8568
11 53 53.2972 -56.3777
11 54 53.5533 -55.8953
11 55 53.8061 -55.4096
11 56 54.0557 -54.9207
11 57 54.302 -54.4284
11 58 54.5452 -53.9328
11 59 54.785 -53.4339
11 60 55.0217 -52.9317
11 61 55.255 -52.4262
11 62 55.4851 -51.9174
11 63 55.712 -51.4054
11 64 55.9355 -50.8902
11 65 56.1558 -50.3718
11 66 56.3727 -49.8503
11 67 56.5863 -49.3257
11 68 56.7965 -48.7981
11 69 57.0034 -48.2675
11 70 57.207 -47.7341
11 71 57.4071 -47.1979
11 72 57.6039 -46.659
11 73 57.7972 -46.1174
11 74 57.9871 -45.5733
11 75 58.1736 -45.0268
11 76 58.3566 -44.478
11 77 58.5362 -43.927
11 78 58.7123 -43.3738
11 79 58.885 -42.8187
11 80 59.0541 -42.2618
11 81 59.2198 -41.7031
11 82 59.3821 -41.1429
11 83 59.5408 -40.5813
11 84 59.6961 -40.0184
11 85 59.8479 -39.4543
11 86 59.9962 -38.8893
11 87 60.1411 -38.3235
11 88 60.2825 -37.7571
11 89 60.4204 -37.1901
11 90 60.5549 -36.6229
11 91 60.686 -36.0556
11 92 60.8137 -35.4883
11 93 60.938 -34.9213
11 94 61.0589 -34.3546
11 95 61.1765 -33.7886
11 96 61.2907 -33.2234
11 97 61.4016 -32.6592
11 98 61.5093 -32.0961
11 99 61.6137 -31.5344
11 100 61.7149 -30.9743
11 101 61.8129 -30.416
11 102 61.9077 -29.8595
11 103 61.9995 -29.3053
11 104 62.0881 -28.7533
11 105 62.1737 -28.204
11 106 62.2563 -27.6573
11 107 62.336 -27.1135
11 108 62.4127 -26.5729
11 109 62.4866 -26.0355
11 110 62.5576 -25.5016
12 1 38.7162 -74.4959
12 2 39.0926 -74.1185
12 3 39.4441 -73.7601
12 4 39.7797 -73.4126
12 5 40.1071 -73.069
12 6 40.4287 -72.7268
12 7 40.7461 -72.3847
12 8 41.06 -72.0419
12 9 41.3711 -71.6977
12 10 41.6796 -71.3519
12 11 41.9857 -71.0042
12 12 42.2897 -70.6543
12 13 42.5916 -70.3022
12 14 42.8916 -69.9477
12 15 42.6739 -70.1879
12 16 42.9851 -69.8199
12 17 43.2904 -69.4536
12 18 43.5904 -69.0884
12 19 43.8855 -68.7241
12 20 44.176 -68.3603
12 21 44.4623 -67.9968
12 22 44.7443 -67.6335
12 23 45.0224 -67.2703
12 24 45.2965 -66.9072
12 25 45.5667 -66.5441
12 26 45.8332 -66.1812
12 27 46.0958 -65.8183
12 28 46.3547 -65.4556
12 29 46.6098 -65.0931
12 30 46.8611 -64.731
12 31 47.1086 -64.3693
12 32 47.3523 -64.0082
12 33 47.5922 -63.6477
12 34 47.8282 -63.2881
12 35 48.0603 -62.9294
12 36 48.2885 -62.5719
12 37 48.5127 -62.2156
12 38 48.733 -61.8609
12 39 48.9492 -61.5077
12 40 49.1613 -61.1564
12 41 49.3694 -60.8071
12 42 49.5734 -60.4601
12 43 49.7731 -60.1154
12 44 49.9688 -59.7734
12 45 50.3719 -59.0116
12 46 50.635 -58.5328
12 47 50.8946 -58.0515
12 48 51.1506 -57.5676
12 49 51.4031 -57.0812
12 50 51.6521 -56.5921
12 51 51.8978 -56.1002
12 52 52.14 -55.6057
12 53 52.3789 -55.1083
12 54 52.6144 -54.6082
12 55 52.8465 -54.1053
12 56 53.0753 -53.5995
12 57 53.3008 -53.091
12 58 53.5229 -52.5798
12 59 53.7417 -52.0657
12 60 53.9572 -51.549
12 61 54.1693 -51.0295
12 62 54.3781 -50.5075
12 63 54.5835 -49.9828
12 64 54.7855 -49.4556
12 65 54.9842 -48.9259
12 66 55.1795 -48.3937
12 67 55.3715 -47.8593
12 68 55.56 -47.3226
12 69 55.7452 -46.7837
12 70 55.9269 -46.2427
12 71 56.1052 -45.6997
12 72 56.2801 -45.1548
12 73 56.4516 -44.6081
12 74 56.6196 -44.0598
12 75 56.7842 -43.5099
12 76 56.9454 -42.9585
12 77 57.1032 -42.4058
12 78 57.2575 -41.8519
12 79 57.4083 -41.297
12 80 57.5558 -40.7411
12 81 57.6998 -40.1845
12 82 57.8404 -39.6272
12 83 57.9775 -39.0695
12 84 58.1113 -38.5114
12 85 58.2416 -37.9531
12 86 58.3686 -37.3949
12 87 58.4922 -36.8367
12 88 58.6124 -36.2789
12 89 58.7293 -35.7215
12 90 58.8428 -35.1648
12 91 58.9531 -34.6088
12 92 59.0601 -34.0539
12 93 59.1638 -33.5001
12 94 59.2643 -32.9476
12 95 59.3616 -32.3966
12 96 59.4557 -31.8472
12 97 59.5467 -31.2998
12 98 59.6345 -30.7543
12 99 59.7193 -30.211
12 100 59.8011 -29.6701
12 101 59.8798 -29.1317
12 102 59.9556 -28.5961
12 103 60.0284 -28.0633
12 104 60.0984 -27.5335
12 105 60.1655 -27.007
12 106 60.2298 -26.4839
12 107 60.2914 -25.9643
12 108 60.3503 -25.4484
12 109 60.4065 -24.9364
12 110 60.4601 -24.4284
13 1 38.6578 -74.4086
13 2 39.0197 -74.0085
13 3 39.3564 -73.6277
13 4 39.6772 -73.2578
13 5 39.9896 -72.8918
13 6 40.2961 -72.5272
13 7 40.5982 -72.1626
13 8 40.8967 -71.7974
13 9 41.1923 -71.4308
13 10 41.4851 -71.0626
13 11 41.7755 -70.6925
13 12 42.0636 -70.3203
13 13 42.3496 -69.9459
13 14 42.6334 -69.5692
13 15 42.4082 -69.8008
13 16 42.7036 -69.4111
13 17 42.9931 -69.0232
13 18 43.2772 -68.6366
13 19 43.5563 -68.251
13 20 43.8308 -67.866
13 21 44.1009 -67.4814
13 22 44.3667 -67.0972
13 23 44.6285 -66.7133
13 24 44.8863 -66.3297
13 25 45.1402 -65.9463
13 26 45.3903 -65.5632
13 27 45.6365 -65.1804
13 28 45.8789 -64.7979
13 29 46.1176 -64.416
13 30 46.3524 -64.0346
13 31 46.5835 -63.654
13 32 46.8107 -63.2741
13 33 47.0342 -62.8952
13 34 47.2537 -62.5174
13 35 47.4694 -62.1409
13 36 47.6812 -61.7658
13 37 47.8891 -61.3924
13 38 48.0931 -61.0207
13 39 48.2931 -60.6509
13 40 48.4891 -60.2834
13 41 48.6811 -59.9182
13 42 48.869 -59.5555
13 43 49.0529 -59.1957
13 44 49.2326 -58.8388
13 45 49.5644 -58.0054
13 46 49.8074 -57.5094
13 47 50.0466 -57.0114
13 48 50.2822 -56.5112
13 49 50.5142 -56.0089
13 50 50.7427 -55.5044
13 51 50.9676 -54.9976
13 52 51.189 -54.4886
13 53 51.407 -53.9773
13 54 51.6215 -53.4637
13 55 51.8325 -52.9479
13 56 52.0402 -52.4299
13 57 52.2444 -51.9096
13 58 52.4453 -51.3872
13 59 52.6427 -50.8626
13 60 52.8367 -50.3359
13 61 53.0273 -49.8072
13 62 53.2146 -49.2765
13 63 53.3984 -48.7438
13 64 53.5789 -48.2094
13 65 53.7559 -47.6731
13 66 53.9296 -47.1351
13 67 54.0998 -46.5956
13 68 54.2667 -46.0545
13 69 54.4301 -45.512
13 70 54.5902 -44.9682
13 71 54.7468 -44.4231
13 72 54.9 -43.877
13 73 55.0499 -43.3298
13 74 55.1963 -42.7818
13 75 55.3394 -42.233
13 76 55.479 -41.6836
13 77 55.6153 -41.1337
13 78 55.7482 -40.5835
13 79 55.8777 -40.033
13 80 56.0039 -39.4824
13 81 56.1267 -38.9319
13 82 56.2461 -38.3816
13 83 56.3623 -37.8316
13 84 56.4751 -37.2821
13 85 56.5847 -36.7333
13 86 56.691 -36.1853
13 87 56.794 -35.6382
13 88 56.8938 -35.0922
13 89 56.9904 -34.5475
13 90 57.0838 -34.0041
13 91 57.1741 -33.4624
13 92 57.2612 -32.9224
13 93 57.3452 -32.3843
13 94 57.4262 -31.8482
13 95 57.5041 -31.3143
13 96 57.579 -30.7828
13 97 57.651 -30.2538
13 98 57.72 -29.7275
13 99 57.7862 -29.204
13 100 57.8494 -28.6835
13 101 57.9099 -28.1661
13 102 57.9676 -27.6519
13 103 58.0226 -27.1412
13 104 58.0749 -26.6341
13 105 58.1246 -26.1307
13 106 58.1717 -25.6311
13 107 58.2162 -25.1356
13 108 58.2583 -24.6441
13 109 58.2979 -24.1569
13 110 58.3351 -23.6741
14 1 38.5942 -74.3267
14 2 38.9412 -73.905
14 3 39.2623 -73.5029
14 4 39.5674 -73.1117
14 5 39.8639 -72.7245
14 6 40.1543 -72.3388
14 7 40.4403 -71.9532
14 8 40.7225 -71.567
14 9 41.0016 -71.1795
14 10 41.2778 -70.7904
14 11 41.5516 -70.3995
14 12 41.8229 -70.0066
14 13 42.0919 -69.6116
14 14 42.3587 -69.2143
14 15 42.1241 -69.4394
14 16 42.403 -69.0297
14 17 42.6759 -68.6219
14 18 42.9432 -68.2157
14 19 43.2055 -67.8105
14 20 43.4631 -67.4062
14 21 43.7162 -67.0025
14 22 43.9651 -66.5994
14 23 44.2098 -66.1968
14 24 44.4505 -65.7947
14 25 44.6872 -65.3931
14 26 44.9201 -64.992
14 27 45.1491 -64.5914
14 28 45.3743 -64.1916
14 29 45.5957 -63.7924
14 30 45.8134 -63.3942
14 31 46.0272 -62.9969
14 32 46.2373 -62.6007
14 33 46.4435 -62.2059
14 34 46.6459 -61.8124
14 35 46.8445 -61.4205
14 36 47.0393 -61.0304
14 37 47.2302 -60.6423
14 38 47.4172 -60.2562
14 39 47.6004 -59.8725
14 40 47.7796 -59.4913
14 41 47.9549 -59.1128
14 42 48.1262 -58.7373
14 43 48.2936 -58.3648
14 44 48.457 -57.9958
14 45 48.7124 -57.1055
14 46 48.9347 -56.5959
14 47 49.1533 -56.0847
14 48 49.3681 -55.5718
14 49 49.5792 -55.0572
14 50 49.7866 -54.541
14 51 49.9905 -54.023
14 52 50.1908 -53.5033
14 53 50.3875 -52.9818
14 54 50.5808 -52.4587
14 55 50.7705 -51.9339
14 56 50.9568 -51.4074
14 57 51.1396 -50.8793
14 58 51.319 -50.3497
14 59 51.4949 -49.8185
14 60 51.6674 -49.2859
14 61 51.8365 -48.7519
14 62 52.0022 -48.2165
14 63 52.1645 -47.6799
14 64 52.3234 -47.1421
14 65 52.4789 -46.6033
14 66 52.6309 -46.0634
14 67 52.7797 -45.5226
14 68 52.925 -44.9811
14 69 53.0669 -44.4388
14 70 53.2055 -43.8959
14 71 53.3408 -43.3526
14 72 53.4726 -42.8089
14 73 53.6012 -42.2649
14 74 53.7264 -41.7208
14 75 53.8482 -41.1767
14 76 53.9668 -40.6327
14 77 54.0821 -40.0889
14 78 54.194 -39.5455
14 79 54.3027 -39.0027
14 80 54.4082 -38.4604
14 81 54.5104 -37.919
14 82 54.6093 -37.3785
14 83 54.7051 -36.839
14 84 54.7977 -36.3007
14 85 54.8871 -35.7638
14 86 54.9734 -35.2283
14 87 55.0566 -34.6945
14 88 55.1368 -34.1625
14 89 55.2138 -33.6323
14 90 55.2879 -33.1042
14 91 55.3589 -32.5783
14 92 55.427 -32.0548
14 93 55.4922 -31.5337
14 94 55.5544 -31.0152
14 95 55.6139 -30.4995
14 96 55.6705 -29.9867
14 97 55.7243 -29.4769
14 98 55.7754 -28.9703
14 99 55.8238 -28.467
14 100 55.8695 -27.9672
14 101 55.9126 -27.4709
14 102 55.9532 -26.9783
14 103 55.9912 -26.4895
14 104 56.0267 -26.0046
14 105 56.0599 -25.5238
14 106 56.0906 -25.0472
14 107 56.119 -24.5749
14 108 56.1451 -24.107
14 109 56.169 -23.6436
14 110 56.1907 -23.1848
15 1 38.5258 -74.2507
15 2 38.8572 -73.8082
15 3 39.1621 -73.3859
15 4 39.4507 -72.9748
15 5 39.7304 -72.5677
15 6 40.004 -72.1623
15 7 40.2728 -71.7571
15 8 40.5379 -71.3514
15 9 40.7997 -70.9445
15 10 41.0585 -70.5362
15 11 41.3147 -70.1261
15 12 41.5683 -69.7142
15 13 41.8196 -69.3002
15 14 42.0684 -68.8842
15 15 41.8227 -69.1048
15 16 42.0844 -68.6767
15 17 42.3399 -68.2509
15 18 42.5898 -67.8267
15 19 42.8345 -67.4039
15 20 43.0745 -66.9822
15 21 43.3099 -66.5614
15 22 43.541 -66.1414
15 23 43.7679 -65.7221
15 24 43.9907 -65.3036
15 25 44.2096 -64.8859
15 26 44.4246 -64.469
15 27 44.6357 -64.0529
15 28 44.843 -63.6378
15 29 45.0466 -63.2237
15 30 45.2463 -62.8108
15 31 45.4423 -62.3993
15 32 45.6346 -61.9892
15 33 45.823 -61.5807
15 34 46.0077 -61.1739
15 35 46.1887 -60.7691
15 36 46.3658 -60.3665
15 37 46.5392 -59.9661
15 38 46.7087 -59.5682
15 39 46.8745 -59.173
15 40 47.0364 -58.7806
15 41 47.1945 -58.3914
15 42 47.3488 -58.0054
15 43 47.4992 -57.6229
15 44 47.6458 -57.2442
15 45 47.8204 -56.3111
15 46 48.0218 -55.791
15 47 48.2193 -55.2698
15 48 48.413 -54.7475
15 49 48.603 -54.224
15 50 48.7892 -53.6993
15 51 48.9718 -53.1734
15 52 49.1508 -52.6464
15 53 49.3262 -52.1182
15 54 49.4981 -51.5889
15 55 49.6664 -51.0585
15 56 49.8313 -50.527
15 57 49.9926 -49.9945
15 58 50.1506 -49.461
15 59 50.305 -48.9266
15 60 50.4561 -48.3914
15 61 50.6037 -47.8555
15 62 50.7479 -47.3188
15 63 50.8888 -46.7816
15 64 51.0262 -46.2438
15 65 51.1603 -45.7056
15 66 51.2911 -45.1671
15 67 51.4185 -44.6283
15 68 51.5426 -44.0893
15 69 51.6634 -43.5504
15 70 51.7808 -43.0115
15 71 51.895 -42.4728
15 72 52.0059 -41.9344
15 73 52.1135 -41.3963
15 74 52.2179 -40.8589
15 75 52.3191 -40.3221
15 76 52.417 -39.786
15 77 52.5118 -39.2508
15 78 52.6034 -38.7167
15 79 52.6918 -38.1837
15 80 52.7771 -37.652
15 81 52.8593 -37.1217
15 82 52.9384 -36.5929
15 83 53.0144 -36.0658
15 84 53.0874 -35.5404
15 85 53.1574 -35.017
15 86 53.2244 -34.4956
15 87 53.2885 -33.9764
15 88 53.3497 -33.4596
15 89 53.4079 -32.9451
15 90 53.4633 -32.4332
15 91 53.5159 -31.9241
15 92 53.5657 -31.4177
15 93 53.6128 -30.9143
15 94 53.6572 -30.4139
15 95 53.6989 -29.9167
15 96 53.7379 -29.4229
15 97 53.7744 -28.9324
15 98 53.8084 -28.4455
15 99 53.8398 -27.9623
15 100 53.8688 -27.4828
15 101 53.8953 -27.0072
15 102 53.9195 -26.5356
15 103 53.9414 -26.0681
15 104 53.961 -25.6047
15 105 53.9783 -25.1457
15 106 53.9935 -24.6911
15 107 54.0065 -24.241
15 108 54.0175 -23.7954
15 109 54.0264 -23.3545
15 110 54.0333 -22.9184
16 1 38.4525 -74.181
16 2 38.7681 -73.7186
16 3 39.0542 -73.2792
16 4 39.3273 -72.8475
16 5 39.5896 -72.422
16 6 39.8455 -71.9983
16 7 40.0965 -71.575
16 8 40.3436 -71.1513
16 9 40.5873 -70.7266
16 10 40.8279 -70.3007
16 11 41.0657 -69.8731
16 12 41.3009 -69.4439
16 13 41.5336 -69.0128
16 14 41.7639 -68.5798
16 15 41.5051 -68.798
16 16 41.7489 -68.3533
16 17 41.9864 -67.9112
16 18 42.2181 -67.471
16 19 42.4447 -67.0324
16 20 42.6664 -66.5951
16 21 42.8834 -66.1591
16 22 43.0961 -65.7242
16 23 43.3046 -65.2903
16 24 43.509 -64.8575
16 25 43.7094 -64.4257
16 26 43.9059 -63.9951
16 27 44.0986 -63.5656
16 28 44.2874 -63.1375
16 29 44.4725 -62.7107
16 30 44.6538 -62.2855
16 31 44.8314 -61.8619
16 32 45.0053 -61.4401
16 33 45.1755 -61.0202
16 34 45.342 -60.6025
16 35 45.5048 -60.1871
16 36 45.6638 -59.7742
16 37 45.8192 -59.364
16 38 45.9709 -58.9565
16 39 46.1188 -58.5522
16 40 46.2631 -58.1511
16 41 46.4036 -57.7534
16 42 46.5404 -57.3594
16 43 46.6736 -56.9693
16 44 46.803 -56.5832
16 45 46.8926 -55.6205
16 46 47.0729 -55.0929
16 47 47.2493 -54.5647
16 48 47.4218 -54.0358
16 49 47.5905 -53.5063
16 50 47.7555 -52.9762
16 51 47.9167 -52.4454
16 52 48.0744 -51.914
16 53 48.2284 -51.382
16 54 48.3789 -50.8494
16 55 48.5259 -50.3163
16 56 48.6693 -49.7827
16 57 48.8093 -49.2487
16 58 48.9459 -48.7143
16 59 49.079 -48.1797
16 60 49.2087 -47.6447
16 61 49.335 -47.1096
16 62 49.458 -46.5745
16 63 49.5776 -46.0393
16 64 49.6939 -45.5042
16 65 49.8069 -44.9693
16 66 49.9167 -44.4346
16 67 50.0231 -43.9004
16 68 50.1263 -43.3665
16 69 50.2262 -42.8333
16 70 50.323 -42.3007
16 71 50.4165 -41.7689
16 72 50.5069 -41.238
16 73 50.5941 -40.7081
16 74 50.6782 -40.1793
16 75 50.7591 -39.6517
16 76 50.837 -39.1255
16 77 50.9118 -38.6007
16 78 50.9835 -38.0775
16 79 51.0522 -37.5559
16 80 51.118 -37.0362
16 81 51.1807 -36.5184
16 82 51.2406 -36.0027
16 83 51.2975 -35.4891
16 84 51.3515 -34.9778
16 85 51.4027 -34.4688
16 86 51.4511 -33.9624
16 87 51.4967 -33.4586
16 88 51.5396 -32.9576
16 89 51.5797 -32.4594
16 90 51.6172 -31.9642
16 91 51.6521 -31.472
16 92 51.6843 -30.9831
16 93 51.714 -30.4974
16 94 51.7411 -30.0152
16 95 51.7658 -29.5365
16 96 51.788 -29.0613
16 97 51.8079 -28.5899
16 98 51.8254 -28.1223
16 99 51.8405 -27.6586
16 100 51.8534 -27.199
16 101 51.8641 -26.7434
16 102 51.8726 -26.292
16 103 51.879 -25.8449
16 104 51.8833 -25.4022
16 105 51.8855 -24.9639
16 106 51.8858 -24.5301
16 107 51.8841 -24.101
16 108 51.8805 -23.6765
16 109 51.8751 -23.2568
16 110 51.8678 -22.842
17 1 38.3745 -74.1178
17 2 38.6739 -73.6365
17 3 38.9426 -73.1793
17 4 39.1978 -72.7304
17 5 39.4419 -72.2878
17 6 39.6794 -71.8473
17 7 39.9119 -71.4075
17 8 40.1403 -70.9674
17 9 40.3652 -70.5265
17 10 40.5869 -70.0845
17 11 40.8056 -69.6412
17 12 41.0217 -69.1964
17 13 41.2351 -68.7499
17 14 41.446 -68.3018
17 15 41.1723 -68.5199
17 16 41.3977 -68.0604
17 17 41.6166 -67.6037
17 18 41.8297 -67.1492
17 19 42.0375 -66.6967
17 20 42.2404 -66.2459
17 21 42.4386 -65.7966
17 22 42.6323 -65.3487
17 23 42.8218 -64.9022
17 24 43.0073 -64.4571
17 25 43.1887 -64.0133
17 26 43.3662 -63.5711
17 27 43.5399 -63.1304
17 28 43.7098 -62.6913
17 29 43.8759 -62.2539
17 30 44.0384 -61.8185
17 31 44.1971 -61.385
17 32 44.3523 -60.9537
17 33 44.5037 -60.5248
17 34 44.6516 -60.0983
17 35 44.7958 -59.6745
17 36 44.9364 -59.2535
17 37 45.0735 -58.8356
17 38 45.2069 -58.4209
17 39 45.3367 -58.0096
17 40 45.463 -57.6019
17 41 45.5857 -57.198
17 42 45.7048 -56.7982
17 43 45.8203 -56.4025
17 44 45.9323 -56.0113
17 45 45.9331 -55.0319
17 46 46.0923 -54.4992
17 47 46.2475 -53.9665
17 48 46.3988 -53.4337
17 49 46.5463 -52.9008
17 50 46.69 -52.3678
17 51 46.83 -51.8347
17 52 46.9663 -51.3015
17 53 47.0991 -50.7683
17 54 47.2283 -50.235
17 55 47.354 -49.7018
17 56 47.4762 -49.1686
17 57 47.595 -48.6355
17 58 47.7103 -48.1027
17 59 47.8223 -47.5701
17 60 47.931 -47.0378
17 61 48.0362 -46.5059
17 62 48.1382 -45.9745
17 63 48.237 -45.4436
17 64 48.3324 -44.9134
17 65 48.4247 -44.3839
17 66 48.5137 -43.8552
17 67 48.5995 -43.3274
17 68 48.6822 -42.8006
17 69 48.7618 -42.2749
17 70 48.8382 -41.7505
17 71 48.9115 -41.2273
17 72 48.9818 -40.7055
17 73 49.0491 -40.1853
17 74 49.1133 -39.6667
17 75 49.1746 -39.1497
17 76 49.2329 -38.6346
17 77 49.2882 -38.1215
17 78 49.3407 -37.6103
17 79 49.3903 -37.1014
17 80 49.437 -36.5946
17 81 49.4809 -36.0903
17 82 49.5221 -35.5883
17 83 49.5605 -35.089
17 84 49.5962 -34.5923
17 85 49.6292 -34.0984
17 86 49.6596 -33.6074
17 87 49.6874 -33.1194
17 88 49.7125 -32.6344
17 89 49.7352 -32.1527
17 90 49.7554 -31.6742
17 91 49.7731 -31.1991
17 92 49.7884 -30.7275
17 93 49.8013 -30.2594
17 94 49.8118 -29.795
17 95 49.8201 -29.3343
17 96 49.8261 -28.8775
17 97 49.8299 -28.4246
17 98 49.8316 -27.9757
17 99 49.8311 -27.5309
17 100 49.8285 -27.0903
17 101 49.8239 -26.654
17 102 49.8173 -26.2219
17 103 49.8088 -25.7943
17 104 49.7983 -25.3711
17 105 49.7861 -24.9525
17 106 49.7719 -24.5384
17 107 49.7561 -24.1291
17 108 49.7385 -23.7245
17 109 49.7192 -23.3247
17 110 49.6983 -22.9297
18 1 38.2918 -74.0617
18 2 38.5748 -73.5623
18 3 38.8258 -73.0885
18 4 39.0608 -72.6254
18 5 39.2877 -72.1656
18 6 39.5062 -71.7098
18 7 39.7196 -71.2549
18 8 39.9286 -70.8001
18 9 40.134 -70.3447
18 10 40.3362 -69.8884
18 11 40.5353 -69.431
18 12 40.7316 -68.9724
18 13 40.9252 -68.5124
18 14 41.1162 -68.0509
18 15 40.8253 -68.2715
18 16 41.0319 -67.7987
18 17 41.2318 -67.3292
18 18 41.4258 -66.8623
18 19 41.6144 -66.3977
18 20 41.798 -65.9351
18 21 41.9768 -65.4744
18 22 42.1512 -65.0155
18 23 42.3213 -64.5584
18 24 42.4873 -64.1029
18 25 42.6493 -63.6492
18 26 42.8074 -63.1974
18 27 42.9617 -62.7474
18 28 43.1123 -62.2994
18 29 43.2591 -61.8536
18 30 43.4023 -61.41
18 31 43.5419 -60.9687
18 32 43.6779 -60.53
18 33 43.8104 -60.094
18 34 43.9393 -59.6609
18 35 44.0647 -59.2307
18 36 44.1866 -58.8038
18 37 44.305 -58.3803
18 38 44.4199 -57.9604
18 39 44.5314 -57.5442
18 40 44.6394 -57.132
18 41 44.744 -56.724
18 42 44.8452 -56.3203
18 43 44.943 -55.9212
18 44 45.0374 -55.5268
18 45 44.9459 -54.5427
18 46 45.0839 -54.0073
18 47 45.218 -53.4725
18 48 45.3482 -52.938
18 49 45.4745 -52.404
18 50 45.597 -51.8703
18 51 45.7159 -51.3371
18 52 45.8311 -50.8044
18 53 45.9428 -50.2721
18 54 46.0509 -49.7403
18 55 46.1555 -49.209
18 56 46.2567 -48.6784
18 57 46.3545 -48.1484
18 58 46.449 -47.6191
18 59 46.5401 -47.0905
18 60 46.6279 -46.5628
18 61 46.7125 -46.036
18 62 46.7938 -45.5102
18 63 46.872 -44.9854
18 64 46.947 -44.4618
18 65 47.0188 -43.9394
18 66 47.0875 -43.4183
18 67 47.1532 -42.8986
18 68 47.2158 -42.3803
18 69 47.2754 -41.8637
18 70 47.3319 -41.3487
18 71 47.3856 -40.8354
18 72 47.4363 -40.3241
18 73 47.484 -39.8146
18 74 47.5289 -39.3072
18 75 47.571 -38.802
18 76 47.6102 -38.2989
18 77 47.6467 -37.7982
18 78 47.6804 -37.3
18 79 47.7114 -36.8042
18 80 47.7397 -36.3111
18 81 47.7653 -35.8207
18 82 47.7883 -35.333
18 83 47.8088 -34.8483
18 84 47.8267 -34.3666
18 85 47.8421 -33.8879
18 86 47.855 -33.4125
18 87 47.8655 -32.9403
18 88 47.8736 -32.4714
18 89 47.8793 -32.006
18 90 47.8827 -31.5441
18 91 47.8838 -31.0858
18 92 47.8827 -30.6312
18 93 47.8794 -30.1803
18 94 47.874 -29.7333
18 95 47.8664 -29.2902
18 96 47.8567 -28.8512
18 97 47.845 -28.4162
18 98 47.8314 -27.9853
18 99 47.8157 -27.5586
18 100 47.7982 -27.1363
18 101 47.7788 -26.7182
18 102 47.7576 -26.3046
18 103 47.7347 -25.8954
18 104 47.71 -25.4908
18 105 47.6836 -25.0908
18 106 47.6556 -24.6954
18 107 47.626 -24.3047
18 108 47.5948 -23.9187
18 109 47.5621 -23.5376
18 110 47.528 -23.1613
19 1 38.2044 -74.013
19 2 38.4712 -73.4964
19 3 38.7039 -73.0072
19 4 38.9201 -72.5295
19 5 39.1275 -72.0558
19 6 39.3265 -71.5862
19 7 39.5201 -71.1179
19 8 39.7093 -70.6499
19 9 39.8947 -70.1816
19 10 40.0768 -69.7128
19 11 40.2557 -69.2431
19 12 40.4317 -68.7724
19 13 40.6049 -68.3006
19 14 40.7754 -67.8276
19 15 40.4653 -68.0533
19 16 40.6527 -67.5691
19 17 40.8332 -67.0884
19 18 41.0077 -66.6108
19 19 41.1768 -66.1359
19 20 41.3407 -65.6635
19 21 41.4998 -65.1933
19 22 41.6545 -64.7252
19 23 41.8048 -64.2593
19 24 41.9511 -63.7954
19 25 42.0933 -63.3337
19 26 42.2317 -62.8742
19 27 42.3663 -62.4169
19 28 42.4972 -61.962
19 29 42.6245 -61.5096
19 30 42.7482 -61.0598
19 31 42.8683 -60.6128
19 32 42.9849 -60.1686
19 33 43.0981 -59.7276
19 34 43.2079 -59.2897
19 35 43.3142 -58.8552
19 36 43.4172 -58.4243
19 37 43.5168 -57.9971
19 38 43.6131 -57.5739
19 39 43.706 -57.1548
19 40 43.7957 -56.74
19 41 43.8821 -56.3297
19 42 43.9652 -55.924
19 43 44.0451 -55.5232
19 44 44.1217 -55.1275
19 45 43.9343 -54.1503
19 46 44.0514 -53.6143
19 47 44.1645 -53.0793
19 48 44.2737 -52.5452
19 49 44.3791 -52.012
19 50 44.4807 -51.4797
19 51 44.5786 -50.9483
19 52 44.6729 -50.4179
19 53 44.7637 -49.8884
19 54 44.851 -49.36
19 55 44.9348 -48.8325
19 56 45.0153 -48.3061
19 57 45.0924 -47.7809
19 58 45.1662 -47.2568
19 59 45.2368 -46.734
19 60 45.3042 -46.2124
19 61 45.3684 -45.6923
19 62 45.4294 -45.1735
19 63 45.4874 -44.6563
19 64 45.5423 -44.1407
19 65 45.5941 -43.6267
19 66 45.643 -43.1144
19 67 45.6889 -42.604
19 68 45.7318 -42.0954
19 69 45.7719 -41.5889
19 70 45.8091 -41.0844
19 71 45.8434 -40.582
19 72 45.875 -40.0819
19 73 45.9038 -39.5841
19 74 45.9298 -39.0887
19 75 45.9532 -38.5958
19 76 45.9738 -38.1054
19 77 45.9919 -37.6177
19 78 46.0073 -37.1328
19 79 46.0202 -36.6507
19 80 46.0306 -36.1715
19 81 46.0385 -35.6953
19 82 46.0439 -35.2222
19 83 46.0469 -34.7523
19 84 46.0475 -34.2856
19 85 46.0458 -33.8222
19 86 46.0418 -33.3622
19 87 46.0355 -32.9057
19 88 46.027 -32.4527
19 89 46.0163 -32.0034
19 90 46.0034 -31.5578
19 91 45.9885 -31.1159
19 92 45.9715 -30.6779
19 93 45.9524 -30.2438
19 94 45.9314 -29.8137
19 95 45.9085 -29.3876
19 96 45.8836 -28.9657
19 97 45.8569 -28.5479
19 98 45.8283 -28.1343
19 99 45.798 -27.725
19 100 45.766 -27.3201
19 101 45.7322 -26.9196
19 102 45.6968 -26.5235
19 103 45.6598 -26.1319
19 104 45.6213 -25.7449
19 105 45.5812 -25.3624
19 106 45.5396 -24.9846
19 107 45.4966 -24.6115
19 108 45.4522 -24.2432
19 109 45.4065 -23.8796
19 110 45.3594 -23.5208
20 1 38.1121 -73.9722
20 2 38.363 -73.4391
20 3 38.5773 -72.9358
20 4 38.7742 -72.4449
20 5 38.9605 -71.9602
20 6 39.1408 -71.477
20 7 39.3142 -70.9968
20 8 39.4831 -70.5173
20 9 39.648 -70.0378
20 10 39.8094 -69.5581
20 11 39.9677 -69.0778
20 12 40.1229 -68.5968
20 13 40.2753 -68.115
20 14 40.425 -67.6324
20 15 40.0931 -67.8661
20 16 40.2611 -67.372
20 17 40.422 -66.8819
20 18 40.5768 -66.3954
20 19 40.726 -65.9119
20 20 40.87 -65.4313
20 21 41.0091 -64.9534
20 22 41.1438 -64.478
20 23 41.2741 -64.0051
20 24 41.4003 -63.5347
20 25 41.5226 -63.0668
20 26 41.641 -62.6015
20 27 41.7557 -62.1389
20 28 41.8667 -61.6789
20 29 41.9742 -61.2218
20 30 42.0781 -60.7677
20 31 42.1786 -60.3167
20 32 42.2758 -59.869
20 33 42.3695 -59.4247
20 34 42.4599 -58.984
20 35 42.5471 -58.5469
20 36 42.631 -58.1139
20 37 42.7117 -57.6848
20 38 42.7892 -57.2601
20 39 42.8635 -56.8398
20 40 42.9347 -56.4241
20 41 43.0028 -56.0132
20 42 43.0678 -55.6073
20 43 43.1297 -55.2066
20 44 43.1886 -54.8112
20 45 42.9015 -53.8523
20 46 42.998 -53.3174
20 47 43.0904 -52.7839
20 48 43.1788 -52.2519
20 49 43.2635 -51.7212
20 50 43.3444 -51.1919
20 51 43.4217 -50.6641
20 52 43.4954 -50.1376
20 53 43.5656 -49.6125
20 54 43.6324 -49.0889
20 55 43.6957 -48.5668
20 56 43.7558 -48.0461
20 57 43.8126 -47.5271
20 58 43.8662 -47.0096
20 59 43.9166 -46.4938
20 60 43.9639 -45.9798
20 61 44.0081 -45.4675
20 62 44.0493 -44.957
20 63 44.0874 -44.4485
20 64 44.1226 -43.9419
20 65 44.1549 -43.4373
20 66 44.1843 -42.9349
20 67 44.2109 -42.4347
20 68 44.2346 -41.9367
20 69 44.2556 -41.441
20 70 44.2738 -40.9477
20 71 44.2894 -40.457
20 72 44.3022 -39.9687
20 73 44.3125 -39.4831
20 74 44.3202 -39.0002
20 75 44.3253 -38.5201
20 76 44.3279 -38.0429
20 77 44.328 -37.5685
20 78 44.3257 -37.0972
20 79 44.3209 -36.629
20 80 44.3138 -36.1639
20 81 44.3044 -35.702
20 82 44.2927 -35.2435
20 83 44.2787 -34.7883
20 84 44.2625 -34.3365
20 85 44.2442 -33.8883
20 86 44.2237 -33.4436
20 87 44.2011 -33.0026
20 88 44.1764 -32.5653
20 89 44.1497 -32.1317
20 90 44.1211 -31.702
20 91 44.0905 -31.2762
20 92 44.058 -30.8543
20 93 44.0236 -30.4365
20 94 43.9875 -30.0227
20 95 43.9495 -29.6131
20 96 43.9098 -29.2076
20 97 43.8685 -28.8063
20 98 43.8254 -28.4094
20 99 43.7808 -28.0167
20 100 43.7346 -27.6285
20 101 43.6868 -27.2446
20 102 43.6376 -26.8652
20 103 43.5868 -26.4904
20 104 43.5347 -26.1201
20 105 43.4812 -25.7544
20 106 43.4264 -25.3933
20 107 43.3703 -25.0368
20 108 43.313 -24.6851
20 109 43.2544 -24.3381
20 110 43.1946 -23.9959
21 1 38.0146 -73.9402
21 2 38.2503 -73.391
21 3 38.4462 -72.8747
21 4 38.6236 -72.372
21 5 38.7899 -71.876
21 6 38.9485 -71.3838
21 7 39.1013 -70.8935
21 8 39.2506 -70.4026
21 9 39.3946 -69.9136
21 10 39.5351 -69.4247
21 11 39.6723 -68.9355
21 12 39.8064 -68.446
21 13 39.9376 -67.956
21 14 40.066 -67.4655
21 15 39.7097 -67.7105
21 16 39.8581 -67.208
21 17 39.9994 -66.7102
21 18 40.1342 -66.2163
21 19 40.2634 -65.726
21 20 40.3872 -65.239
21 21 40.5062 -64.7551
21 22 40.6207 -64.2741
21 23 40.7308 -63.7961
21 24 40.8369 -63.3209
21 25 40.9389 -62.8486
21 26 41.0372 -62.3793
21 27 41.1318 -61.913
21 28 41.2229 -61.4497
21 29 41.3104 -60.9898
21 30 41.3945 -60.5331
21 31 41.4753 -60.0799
21 32 41.5528 -59.6304
21 33 41.627 -59.1845
21 34 41.698 -58.7426
21 35 41.7659 -58.3048
21 36 41.8307 -57.8712
21 37 41.8924 -57.442
21 38 41.9511 -57.0174
21 39 42.0067 -56.5976
21 40 42.0594 -56.1826
21 41 42.1092 -55.7728
21 42 42.156 -55.3682
21 43 42.2 -54.9691
21 44 42.2411 -54.5755
21 45 41.8505 -53.646
21 46 41.9265 -53.1137
21 47 41.9985 -52.5833
21 48 42.0666 -52.0548
21 49 42.1309 -51.5281
21 50 42.1915 -51.0033
21 51 42.2484 -50.4803
21 52 42.3019 -49.9591
21 53 42.3519 -49.4398
21 54 42.3985 -48.9223
21 55 42.4418 -48.4067
21 56 42.4818 -47.8931
21 57 42.5187 -47.3814
21 58 42.5524 -46.8717
21 59 42.583 -46.364
21 60 42.6106 -45.8584
21 61 42.6352 -45.355
21 62 42.6569 -44.8538
21 63 42.6757 -44.3548
21 64 42.6917 -43.8582
21 65 42.7048 -43.3639
21 66 42.7152 -42.872
21 67 42.7228 -42.3827
21 68 42.7278 -41.8959
21 69 42.7302 -41.4117
21 70 42.7299 -40.9302
21 71 42.7271 -40.4515
21 72 42.7217 -39.9756
21 73 42.7139 -39.5026
21 74 42.7036 -39.0326
21 75 42.691 -38.5655
21 76 42.6759 -38.1016
21 77 42.6585 -37.6408
21 78 42.6389 -37.1832
21 79 42.617 -36.7289
21 80 42.5928 -36.278
21 81 42.5665 -35.8304
21 82 42.5381 -35.3864
21 83 42.5076 -34.9458
21 84 42.475 -34.5089
21 85 42.4404 -34.0756
21 86 42.4038 -33.646
21 87 42.3653 -33.2202
21 88 42.3249 -32.7982
21 89 42.2826 -32.3801
21 90 42.2386 -31.9659
21 91 42.1927 -31.5556
21 92 42.1451 -31.1494
21 93 42.0958 -30.7473
21 94 42.0448 -30.3494
21 95 41.9922 -29.9556
21 96 41.938 -29.566
21 97 41.8823 -29.1806
21 98 41.8251 -28.7996
21 99 41.7664 -28.423
21 100 41.7063 -28.0507
21 101 41.6448 -27.6828
21 102 41.5819 -27.3194
21 103 41.5178 -26.9605
21 104 41.4524 -26.6062
21 105 41.3857 -26.2564
21 106 41.3178 -25.9112
21 107 41.2488 -25.5706
21 108 41.1787 -25.2347
21 109 41.1075 -24.9035
21 110 41.0352 -24.577
22 1 37.9114 -73.9177
22 2 38.1331 -73.3524
22 3 38.3108 -72.8242
22 4 38.4685 -72.311
22 5 38.6145 -71.8054
22 6 38.7525 -71.304
22 7 38.8844 -70.8051
22 8 39.0115 -70.3075
22 9 39.1354 -69.8093
22 10 39.2546 -69.3129
22 11 39.3704 -68.8166
22 12 39.4831 -68.3202
22 13 39.5929 -67.8238
22 14 39.6998 -67.3271
22 15 39.3158 -67.5872
22 16 39.4447 -67.0778
22 17 39.5662 -66.5737
22 18 39.6811 -66.0741
22 19 39.7901 -65.5786
22 20 39.8938 -65.0868
22 21 39.9926 -64.5985
22 22 40.0868 -64.1137
22 23 40.1766 -63.6321
22 24 40.2624 -63.1538
22 25 40.3442 -62.6788
22 26 40.4223 -62.2071
22 27 40.4967 -61.7389
22 28 40.5677 -61.2741
22 29 40.6352 -60.8128
22 30 40.6995 -60.3553
22 31 40.7604 -59.9016
22 32 40.8182 -59.4518
22 33 40.8729 -59.0061
22 34 40.9245 -58.5647
22 35 40.9731 -58.1276
22 36 41.0188 -57.6951
22 37 41.0615 -57.2673
22 38 41.1013 -56.8443
22 39 41.1383 -56.4264
22 40 41.1726 -56.0137
22 41 41.204 -55.6063
22 42 41.2328 -55.2045
22 43 41.2588 -54.8083
22 44 41.2822 -54.418
22 45 40.7834 -53.5292
22 46 40.8395 -53.0008
22 47 40.8915 -52.4748
22 48 40.9396 -51.951
22 49 40.984 -51.4296
22 50 41.0246 -50.9104
22 51 41.0617 -50.3934
22 52 41.0953 -49.8787
22 53 41.1254 -49.3662
22 54 41.1523 -48.8559
22 55 41.1759 -48.3479
22 56 41.1963 -47.8422
22 57 41.2137 -47.3388
22 58 41.2279 -46.8378
22 59 41.2392 -46.3391
22 60 41.2476 -45.8429
22 61 41.253 -45.3491
22 62 41.2557 -44.8579
22 63 41.2555 -44.3692
22 64 41.2526 -43.8831
22 65 41.2471 -43.3997
22 66 41.2388 -42.919
22 67 41.228 -42.4411
22 68 41.2147 -41.9659
22 69 41.1988 -41.4937
22 70 41.1805 -41.0244
22 71 41.1597 -40.5581
22 72 41.1366 -40.0948
22 73 41.1111 -39.6347
22 74 41.0833 -39.1777
22 75 41.0533 -38.7239
22 76 41.021 -38.2734
22 77 40.9865 -37.8262
22 78 40.9499 -37.3824
22 79 40.9113 -36.9421
22 80 40.8705 -36.5052
22 81 40.8277 -36.0719
22 82 40.783 -35.6422
22 83 40.7363 -35.2162
22 84 40.6877 -34.7938
22 85 40.6372 -34.3753
22 86 40.5849 -33.9605
22 87 40.5308 -33.5496
22 88 40.475 -33.1426
22 89 40.4175 -32.7395
22 90 40.3583 -32.3404
22 91 40.2974 -31.9454
22 92 40.235 -31.5544
22 93 40.171 -31.1676
22 94 40.1055 -30.7849
22 95 40.0386 -30.4065
22 96 39.9702 -30.0322
22 97 39.9004 -29.6623
22 98 39.8292 -29.2967
22 99 39.7567 -28.9354
22 100 39.6829 -28.5785
22 101 39.6078 -28.226
22 102 39.5316 -27.8779
22 103 39.4542 -27.5344
22 104 39.3756 -27.1953
22 105 39.2959 -26.8608
22 106 39.2151 -26.5308
22 107 39.1333 -26.2054
22 108 39.0511 -25.888
22 109 38.9673 -25.5716
22 110 38.8826 -25.2599
23 1 37.8015 -73.9061
23 2 38.0114 -73.324
23 3 38.1712 -72.7847
23 4 38.3093 -72.2624
23 5 38.4349 -71.7485
23 6 38.552 -71.2396
23 7 38.6629 -70.7335
23 8 38.7687 -70.2294
23 9 38.8701 -69.7264
23 10 38.9678 -69.2242
23 11 39.0621 -68.7225
23 12 39.1541 -68.2196
23 13 39.2422 -67.7184
23 14 39.3274 -67.2174
23 15 38.9104 -67.4991
23 16 39.0199 -66.9844
23 17 39.1234 -66.4729
23 18 39.2184 -65.9691
23 19 39.3074 -65.4699
23 20 39.391 -64.9748
23 21 39.4695 -64.4838
23 22 39.5434 -63.9966
23 23 39.6129 -63.5131
23 24 39.6784 -63.0333
23 25 39.74 -62.5572
23 26 39.7979 -62.0848
23 27 39.8522 -61.6162
23 28 39.903 -61.1513
23 29 39.9506 -60.6904
23 30 39.9949 -60.2336
23 31 40.0361 -59.7809
23 32 40.0743 -59.3324
23 33 40.1094 -58.8883
23 34 40.1417 -58.4488
23 35 40.171 -58.014
23 36 40.1976 -57.584
23 37 40.2214 -57.159
23 38 40.2424 -56.7391
23 39 40.2608 -56.3245
23 40 40.2766 -55.9154
23 41 40.2898 -55.5118
23 42 40.3005 -55.114
23 43 40.3087 -54.7222
23 44 40.3144 -54.3364
23 45 39.7023 -53.5002
23 46 39.7389 -52.9767
23 47 39.7715 -52.456
23 48 39.8001 -51.9381
23 49 39.8249 -51.4228
23 50 39.8461 -50.9102
23 51 39.8637 -50.4002
23 52 39.8779 -49.8929
23 53 39.8887 -49.3881
23 54 39.8963 -48.8859
23 55 39.9006 -48.3864
23 56 39.9019 -47.8894
23 57 39.9002 -47.3951
23 58 39.8954 -46.9035
23 59 39.8878 -46.4145
23 60 39.8773 -45.9283
23 61 39.8641 -45.4448
23 62 39.8481 -44.9641
23 63 39.8294 -44.4863
23 64 39.8082 -44.0113
23 65 39.7843 -43.5392
23 66 39.7579 -43.0701
23 67 39.7291 -42.6039
23 68 39.6978 -42.1408
23 69 39.6642 -41.6809
23 70 39.6282 -41.224
23 71 39.5899 -40.7703
23 72 39.5494 -40.3199
23 73 39.5066 -39.8727
23 74 39.4617 -39.4289
23 75 39.4147 -38.9885
23 76 39.3656 -38.5514
23 77 39.3144 -38.1179
23 78 39.2613 -37.6879
23 79 39.2062 -37.2614
23 80 39.1492 -36.8386
23 81 39.0906 -36.4223
23 82 39.0299 -36.0067
23 83 38.9673 -35.5949
23 84 38.903 -35.1868
23 85 38.837 -34.7826
23 86 38.7693 -34.3823
23 87 38.6999 -33.9858
23 88 38.6289 -33.5933
23 89 38.5564 -33.2049
23 90 38.4823 -32.8204
23 91 38.4068 -32.44
23 92 38.3297 -32.0637
23 93 38.2513 -31.6916
23 94 38.1715 -31.3236
23 95 38.0903 -30.9599
23 96 38.0078 -30.6004
23 97 37.9241 -30.2452
23 98 37.8391 -29.8942
23 99 37.7529 -29.5477
23 100 37.6655 -29.2054
23 101 37.577 -28.8676
23 102 37.4874 -28.5342
23 103 37.3968 -28.2052
23 104 37.3051 -27.8807
23 105 37.2124 -27.5607
23 106 37.1187 -27.2452
23 107 37.0241 -26.9343
23 108 36.9287 -26.6279
23 109 36.8323 -26.3261
23 110 36.7351 -26.0289
