16 100 2999 31556736
0 0.000000 180 45
0 1 70.3831 -72.1951
0 2 70.4721 -73.6213
0 3 70.5309 -74.9532
0 4 70.5716 -76.2424
0 5 70.5987 -77.5076
0 6 70.6143 -78.7572
0 7 70.6197 -79.9953
0 8 70.6156 -81.2239
0 9 70.6024 -82.4441
0 10 70.5806 -83.656
0 11 70.5504 -84.8597
0 12 70.5121 -86.0548
0 13 70.4657 -87.2409
0 14 70.4116 -88.4175
0 15 70.2442 -87.4771
0 16 70.1985 -88.6913
0 17 70.1435 -89.8802
0 18 70.0798 -91.0451
0 19 70.008 -92.1871
0 20 69.9286 -93.3068
0 21 69.8421 -94.4046
0 22 69.7489 -95.4809
0 23 69.6494 -96.5358
0 24 69.5439 -97.5695
0 25 69.4328 -98.5819
0 26 69.3164 -99.5731
0 27 69.195 -100.543
0 28 69.069 -101.492
0 29 68.9386 -102.42
0 30 68.8042 -103.326
0 31 68.666 -104.212
0 32 68.5244 -105.076
0 33 68.3795 -105.92
0 34 68.2323 -106.736
0 35 68.0819 -107.537
0 36 67.9292 -108.318
0 37 67.7744 -109.078
0 38 67.6177 -109.818
0 39 67.4594 -110.537
0 40 67.2997 -111.236
0 41 67.1389 -111.915
0 42 66.9773 -112.575
0 43 66.8149 -113.215
0 44 66.6522 -113.836
0 45 65.9996 -114.64
0 46 65.785 -115.476
0 47 65.5667 -116.292
0 48 65.3447 -117.089
0 49 65.1194 -117.866
0 50 64.8909 -118.625
0 51 64.6593 -119.366
0 52 64.4249 -120.089
0 53 64.1878 -120.795
0 54 63.9482 -121.485
0 55 63.7062 -122.158
0 56 63.462 -122.816
0 57 63.2157 -123.459
0 58 62.9675 -124.086
0 59 62.7175 -124.7
0 60 62.4658 -125.299
0 61 62.2126 -125.884
0 62 61.9579 -126.455
0 63 61.702 -127.014
0 64 61.4448 -127.56
0 65 61.1866 -128.093
0 66 60.9274 -128.615
0 67 60.6674 -129.124
0 68 60.4066 -129.622
0 69 60.1451 -130.108
0 70 59.8831 -130.584
0 71 59.6206 -131.049
0 72 59.3578 -131.503
0 73 59.0947 -131.947
0 74 58.8313 -132.381
0 75 58.5679 -132.806
0 76 58.3044 -133.221
0 77 58.0411 -133.626
0 78 57.7778 -134.023
0 79 57.5148 -134.41
0 80 57.252 -134.789
0 81 56.9896 -135.16
0 82 56.7277 -135.522
0 83 56.4663 -135.876
0 84 56.2054 -136.222
0 85 55.9452 -136.56
0 86 55.6857 -136.891
0 87 55.427 -137.214
0 88 55.1691 -137.53
0 89 54.9121 -137.839
0 90 54.6561 -138.141
0 91 54.4011 -138.436
0 92 54.1472 -138.724
0 93 53.8944 -139.006
0 94 53.6428 -139.281
0 95 53.3924 -139.55
0 96 53.1434 -139.813
0 97 52.8956 -140.07
0 98 52.6493 -140.32
0 99 52.4044 -140.565
0 100 52.161 -140.804
1 1 70.4787 -72.1886
1 2 70.588 -73.6026
1 3 70.6683 -74.9303
1 4 70.731 -76.22
1 5 70.7802 -77.4893
1 6 70.8181 -78.7462
1 7 70.8457 -79.9948
1 8 70.8637 -81.2368
1 9 70.8726 -82.4731
1 10 70.8727 -83.7039
1 11 70.8643 -84.929
1 12 70.8474 -86.1481
1 13 70.8223 -87.3606
1 14 70.7892 -88.5659
1 15 70.6369 -87.6486
1 16 70.6109 -88.8914
1 17 70.5753 -90.1109
1 18 70.5307 -91.3086
1 19 70.4777 -92.485
1 20 70.4168 -93.6408
1 21 70.3484 -94.7761
1 22 70.273 -95.8911
1 23 70.1908 -96.9857
1 24 70.1023 -98.06
1 25 70.0077 -99.1139
1 26 69.9074 -100.147
1 27 69.8018 -101.16
1 28 69.691 -102.151
1 29 69.5755 -103.122
1 30 69.4555 -104.072
1 31 69.3314 -105
1 32 69.2033 -105.908
1 33 69.0716 -106.794
1 34 68.9366 -107.659
1 35 68.7986 -108.503
1 36 68.6578 -109.326
1 37 68.5144 -110.127
1 38 68.3689 -110.908
1 39 68.2221 -111.661
1 40 68.0729 -112.4
1 41 67.9223 -113.118
1 42 67.7705 -113.816
1 43 67.6177 -114.493
1 44 67.4641 -115.15
1 45 66.8693 -116.116
1 46 66.6638 -116.996
1 47 66.4543 -117.854
1 48 66.2409 -118.692
1 49 66.0238 -119.51
1 50 65.8032 -120.309
1 51 65.5793 -121.089
1 52 65.3523 -121.851
1 53 65.1223 -122.594
1 54 64.8896 -123.321
1 55 64.6543 -124.03
1 56 64.4166 -124.723
1 57 64.1765 -125.399
1 58 63.9343 -126.06
1 59 63.6901 -126.706
1 60 63.4441 -127.337
1 61 63.1963 -127.953
1 62 62.9469 -128.554
1 63 62.696 -129.142
1 64 62.4438 -129.717
1 65 62.1903 -130.278
1 66 61.9357 -130.826
1 67 61.6801 -131.362
1 68 61.4236 -131.886
1 69 61.1663 -132.397
1 70 60.9084 -132.897
1 71 60.6498 -133.386
1 72 60.3908 -133.863
1 73 60.1314 -134.33
1 74 59.8716 -134.786
1 75 59.6117 -135.232
1 76 59.3516 -135.668
1 77 59.0915 -136.094
1 78 58.8315 -136.51
1 79 58.5716 -136.917
1 80 58.3119 -137.314
1 81 58.0525 -137.703
1 82 57.7935 -138.083
1 83 57.5349 -138.455
1 84 57.2768 -138.818
1 85 57.0194 -139.173
1 86 56.7625 -139.52
1 87 56.5064 -139.859
1 88 56.2511 -140.19
1 89 55.9966 -140.514
1 90 55.7431 -140.831
1 91 55.4905 -141.14
1 92 55.239 -141.443
1 93 54.9885 -141.738
1 94 54.7392 -142.027
1 95 54.4911 -142.309
1 96 54.2443 -142.585
1 97 53.9988 -142.854
1 98 53.7546 -143.118
1 99 53.5119 -143.375
1 100 53.2706 -143.626
2 1 70.5722 -72.1607
2 2 70.7022 -73.5605
2 3 70.8042 -74.8809
2 4 70.889 -76.1675
2 5 70.9606 -77.4373
2 6 71.0209 -78.698
2 7 71.0709 -79.9534
2 8 71.1113 -81.2053
2 9 71.1426 -82.4544
2 10 71.1649 -83.7009
2 11 71.1786 -84.9446
2 12 71.1836 -86.185
2 13 71.1803 -87.4214
2 14 71.1687 -88.6531
2 15 71.0305 -87.7514
2 16 71.0247 -89.0213
2 17 71.0092 -90.2704
2 18 70.9844 -91.4998
2 19 70.9508 -92.71
2 20 70.9091 -93.9014
2 21 70.8595 -95.074
2 22 70.8024 -96.2277
2 23 70.7383 -97.3625
2 24 70.6673 -98.478
2 25 70.5899 -99.5741
2 26 70.5064 -100.65
2 27 70.4171 -101.707
2 28 70.3222 -102.742
2 29 70.2221 -103.758
2 30 70.1172 -104.752
2 31 70.0076 -105.726
2 32 69.8936 -106.678
2 33 69.7756 -107.609
2 34 69.6539 -108.519
2 35 69.5287 -109.407
2 36 69.4004 -110.274
2 37 69.2691 -111.119
2 38 69.1352 -111.943
2 39 68.9989 -112.745
2 40 68.8606 -113.526
2 41 68.7204 -114.286
2 42 68.5786 -115.024
2 43 68.4355 -115.742
2 44 68.2922 -116.432
2 45 67.7557 -117.559
2 46 67.5597 -118.485
2 47 67.3592 -119.39
2 48 67.1546 -120.273
2 49 66.9459 -121.135
2 50 66.7334 -121.978
2 51 66.5174 -122.8
2 52 66.2979 -123.604
2 53 66.0753 -124.388
2 54 65.8496 -125.154
2 55 65.621 -125.902
2 56 65.3897 -126.633
2 57 65.156 -127.346
2 58 64.9198 -128.043
2 59 64.6814 -128.723
2 60 64.4409 -129.388
2 61 64.1985 -130.037
2 62 63.9543 -130.671
2 63 63.7084 -131.291
2 64 63.461 -131.896
2 65 63.2122 -132.487
2 66 62.9621 -133.064
2 67 62.7108 -133.628
2 68 62.4585 -134.179
2 69 62.2053 -134.717
2 70 61.9512 -135.243
2 71 61.6964 -135.756
2 72 61.4411 -136.258
2 73 61.1852 -136.749
2 74 60.9289 -137.228
2 75 60.6722 -137.696
2 76 60.4154 -138.154
2 77 60.1584 -138.601
2 78 59.9014 -139.038
2 79 59.6445 -139.465
2 80 59.3876 -139.882
2 81 59.131 -140.29
2 82 58.8747 -140.689
2 83 58.6188 -141.078
2 84 58.3633 -141.459
2 85 58.1083 -141.831
2 86 57.8539 -142.195
2 87 57.6002 -142.55
2 88 57.3472 -142.898
2 89 57.095 -143.237
2 90 56.8437 -143.569
2 91 56.5934 -143.893
2 92 56.344 -144.21
2 93 56.0957 -144.52
2 94 55.8485 -144.822
2 95 55.6024 -145.118
2 96 55.3577 -145.407
2 97 55.1141 -145.689
2 98 54.872 -145.965
2 99 54.6312 -146.234
2 100 54.3919 -146.497
3 1 70.6634 -72.1121
3 2 70.8143 -73.4953
3 3 70.9382 -74.805
3 4 71.0452 -76.0849
3 5 71.1391 -77.3513
3 6 71.2219 -78.6118
3 7 71.2946 -79.8702
3 8 71.3576 -81.1281
3 9 71.4115 -82.3863
3 10 71.4563 -83.645
3 11 71.4924 -84.9039
3 12 71.5198 -86.1624
3 13 71.5386 -87.4198
3 14 71.5489 -88.6754
3 15 71.4239 -87.782
3 16 71.439 -89.0772
3 17 71.4441 -90.3542
3 18 71.4397 -91.614
3 19 71.4263 -92.8569
3 20 71.4043 -94.0831
3 21 71.3741 -95.2925
3 22 71.3361 -96.4849
3 23 71.2906 -97.6598
3 24 71.2379 -98.8169
3 25 71.1784 -99.9558
3 26 71.1123 -101.076
3 27 71.0399 -102.177
3 28 70.9615 -103.259
3 29 70.8775 -104.32
3 30 70.7881 -105.361
3 31 70.6937 -106.382
3 32 70.5944 -107.381
3 33 70.4907 -108.359
3 34 70.3828 -109.316
3 35 70.271 -110.251
3 36 70.1555 -111.165
3 37 70.0367 -112.056
3 38 69.9149 -112.925
3 39 69.7903 -113.773
3 40 69.6632 -114.598
3 41 69.5339 -115.402
3 42 69.4027 -116.184
3 43 69.2697 -116.944
3 44 69.1354 -117.682
3 45 68.6575 -118.971
3 46 68.4711 -119.949
3 47 68.281 -120.899
3 48 68.0854 -121.832
3 49 67.8854 -122.742
3 50 67.6812 -123.632
3 51 67.4732 -124.501
3 52 67.2614 -125.35
3 53 67.0461 -126.178
3 54 66.8275 -126.987
3 55 66.6057 -127.777
3 56 66.381 -128.549
3 57 66.1534 -129.302
3 58 65.9232 -130.038
3 59 65.6906 -130.756
3 60 65.4557 -131.458
3 61 65.2186 -132.143
3 62 64.9795 -132.812
3 63 64.7385 -133.465
3 64 64.4958 -134.103
3 65 64.2515 -134.725
3 66 64.0057 -135.334
3 67 63.7587 -135.928
3 68 63.5104 -136.508
3 69 63.261 -137.074
3 70 63.0107 -137.628
3 71 62.7595 -138.168
3 72 62.5075 -138.696
3 73 62.255 -139.211
3 74 62.0019 -139.715
3 75 61.7484 -140.207
3 76 61.4945 -140.688
3 77 61.2405 -141.157
3 78 60.9862 -141.616
3 79 60.732 -142.064
3 80 60.4778 -142.502
3 81 60.2237 -142.929
3 82 59.9699 -143.347
3 83 59.7163 -143.756
3 84 59.4631 -144.155
3 85 59.2104 -144.545
3 86 58.9583 -144.926
3 87 58.7067 -145.298
3 88 58.4558 -145.661
3 89 58.2057 -146.017
3 90 57.9564 -146.364
3 91 57.708 -146.704
3 92 57.4605 -147.035
3 93 57.2141 -147.359
3 94 56.9687 -147.676
3 95 56.7245 -147.985
3 96 56.4815 -148.287
3 97 56.2398 -148.583
3 98 55.9994 -148.871
3 99 55.7603 -149.153
3 100 55.5227 -149.429
4 1 70.7522 -72.0434
4 2 70.9241 -73.4073
4 3 71.0698 -74.7027
4 4 71.1989 -75.9718
4 5 71.3153 -77.2308
4 6 71.4206 -78.4869
4 7 71.5159 -79.744
4 8 71.6017 -81.0038
4 9 71.6783 -82.2671
4 10 71.746 -83.5341
4 11 71.8047 -84.8043
4 12 71.8548 -86.0774
4 13 71.8961 -87.3525
4 14 71.9289 -88.6289
4 15 71.816 -87.7365
4 16 71.8525 -89.0546
4 17 71.8789 -90.3575
4 18 71.8954 -91.6459
4 19 71.9027 -92.9201
4 20 71.9012 -94.1799
4 21 71.8911 -95.4253
4 22 71.8728 -96.6556
4 23 71.8466 -97.8705
4 24 71.8128 -99.0694
4 25 71.7718 -100.252
4 26 71.7237 -101.416
4 27 71.669 -102.563
4 28 71.6078 -103.692
4 29 71.5405 -104.801
4 30 71.4674 -105.891
4 31 71.3887 -106.96
4 32 71.3047 -108.009
4 33 71.2158 -109.037
4 34 71.1222 -110.043
4 35 71.0243 -111.028
4 36 70.9223 -111.991
4 37 70.8165 -112.931
4 38 70.7072 -113.849
4 39 70.5947 -114.745
4 40 70.4793 -115.618
4 41 70.3613 -116.469
4 42 70.2409 -117.297
4 43 70.1185 -118.102
4 44 69.9942 -118.885
4 45 69.5765 -120.339
4 46 69.4002 -121.373
4 47 69.2187 -122.383
4 48 69.0322 -123.371
4 49 68.8409 -124.335
4 50 68.6452 -125.277
4 51 68.4451 -126.197
4 52 68.2422 -127.09
4 53 68.0344 -127.967
4 54 67.8228 -128.824
4 55 67.6079 -129.66
4 56 67.3896 -130.476
4 57 67.1683 -131.273
4 58 66.9441 -132.051
4 59 66.7172 -132.81
4 60 66.4877 -133.552
4 61 66.2558 -134.275
4 62 66.0216 -134.982
4 63 65.7854 -135.671
4 64 65.5472 -136.345
4 65 65.3073 -137.002
4 66 65.0657 -137.643
4 67 64.8226 -138.269
4 68 64.5781 -138.881
4 69 64.3324 -139.477
4 70 64.0856 -140.06
4 71 63.8377 -140.629
4 72 63.589 -141.184
4 73 63.3395 -141.727
4 74 63.0894 -142.256
4 75 62.8387 -142.773
4 76 62.5876 -143.278
4 77 62.3362 -143.771
4 78 62.0845 -144.253
4 79 61.8327 -144.723
4 80 61.5808 -145.182
4 81 61.329 -145.63
4 82 61.0774 -146.069
4 83 60.8259 -146.496
4 84 60.5748 -146.914
4 85 60.3241 -147.323
4 86 60.0738 -147.722
4 87 59.8241 -148.111
4 88 59.5751 -148.492
4 89 59.3267 -148.863
4 90 59.0791 -149.227
4 91 58.8324 -149.582
4 92 58.5866 -149.928
4 93 58.3418 -150.267
4 94 58.098 -150.598
4 95 57.8553 -150.921
4 96 57.6139 -151.237
4 97 57.3736 -151.545
4 98 57.1347 -151.847
4 99 56.8971 -152.141
4 100 56.6609 -152.429
5 1 70.8383 -71.9551
5 2 71.0313 -73.2968
5 3 71.1987 -74.5741
5 4 71.3498 -75.8283
5 5 71.4885 -77.0753
5 6 71.6163 -78.3227
5 7 71.7342 -79.574
5 8 71.8428 -80.8312
5 9 71.9423 -82.0951
5 10 72.0328 -83.3659
5 11 72.1145 -84.6434
5 12 72.1875 -85.9269
5 13 72.2517 -87.2159
5 14 72.3072 -88.5095
5 15 72.2056 -87.6109
5 16 72.2641 -88.949
5 17 72.3121 -90.2752
5 18 72.3503 -91.5898
5 19 72.3789 -92.8931
5 20 72.3983 -94.185
5 21 72.4089 -95.4649
5 22 72.411 -96.7323
5 23 72.4048 -97.9866
5 24 72.3907 -99.227
5 25 72.3688 -100.453
5 26 72.3396 -101.663
5 27 72.3031 -102.856
5 28 72.2598 -104.033
5 29 72.2099 -105.192
5 30 72.1536 -106.332
5 31 72.0914 -107.452
5 32 72.0233 -108.553
5 33 71.9499 -109.633
5 34 71.8713 -110.692
5 35 71.7878 -111.729
5 36 71.6997 -112.744
5 37 71.6074 -113.737
5 38 71.5112 -114.708
5 39 71.4113 -115.655
5 40 71.308 -116.579
5 41 71.2016 -117.481
5 42 71.0925 -118.358
5 43 70.981 -119.213
5 44 70.8672 -120.044
5 45 70.5109 -121.665
5 46 70.345 -122.762
5 47 70.1735 -123.833
5 48 69.9965 -124.88
5 49 69.8143 -125.903
5 50 69.6272 -126.902
5 51 69.4355 -127.878
5 52 69.2392 -128.831
5 53 69.0387 -129.761
5 54 68.8342 -130.67
5 55 68.6259 -131.557
5 56 68.414 -132.422
5 57 68.2 -133.262
5 58 67.9817 -134.086
5 59 67.7603 -134.891
5 60 67.5361 -135.675
5 61 67.3093 -136.441
5 62 67.0799 -137.189
5 63 66.8483 -137.918
5 64 66.6145 -138.629
5 65 66.3786 -139.323
5 66 66.141 -140.001
5 67 65.9016 -140.662
5 68 65.6607 -141.307
5 69 65.4184 -141.936
5 70 65.1747 -142.55
5 71 64.93 -143.149
5 72 64.6842 -143.734
5 73 64.4375 -144.305
5 74 64.19 -144.862
5 75 63.9419 -145.405
5 76 63.6932 -145.936
5 77 63.444 -146.454
5 78 63.1946 -146.959
5 79 62.9449 -147.452
5 80 62.695 -147.934
5 81 62.4452 -148.404
5 82 62.1954 -148.863
5 83 61.9457 -149.312
5 84 61.6963 -149.749
5 85 61.4473 -150.177
5 86 61.1986 -150.594
5 87 60.9505 -151.001
5 88 60.7029 -151.399
5 89 60.456 -151.788
5 90 60.2098 -152.167
5 91 59.9645 -152.538
5 92 59.72 -152.9
5 93 59.4765 -153.254
5 94 59.234 -153.599
5 95 58.9926 -153.937
5 96 58.7523 -154.266
5 97 58.5132 -154.588
5 98 58.2755 -154.902
5 99 58.039 -155.209
5 100 57.804 -155.509
6 1 70.9216 -71.8476
6 2 71.1355 -73.1639
6 3 71.3243 -74.4191
6 4 71.4973 -75.6541
6 5 71.658 -76.8848
6 6 71.8082 -78.1186
6 7 71.9487 -79.3594
6 8 72.08 -80.6092
6 9 72.2024 -81.8688
6 10 72.3159 -83.1387
6 11 72.4207 -84.4185
6 12 72.5167 -85.708
6 13 72.6043 -87.0105
6 14 72.6828 -88.3173
6 15 72.5913 -87.4008
6 16 72.6727 -88.7633
6 17 72.743 -90.1094
6 18 72.8031 -91.4474
6 19 72.8535 -92.7773
6 20 72.8946 -94.0989
6 21 72.9265 -95.4115
6 22 72.9495 -96.7146
6 23 72.9639 -98.0071
6 24 72.9701 -99.2884
6 25 72.9681 -100.557
6 26 72.9582 -101.813
6 27 72.9408 -103.054
6 28 72.916 -104.279
6 29 72.8841 -105.489
6 30 72.8454 -106.681
6 31 72.8002 -107.854
6 32 72.7488 -109.009
6 33 72.6914 -110.144
6 34 72.6283 -111.258
6 35 72.5602 -112.344
6 36 72.4868 -113.415
6 37 72.4085 -114.464
6 38 72.3259 -115.491
6 39 72.239 -116.494
6 40 72.1484 -117.473
6 41 72.0542 -118.429
6 42 71.9568 -119.361
6 43 71.8564 -120.269
6 44 71.7535 -121.153
6 45 71.4599 -122.947
6 46 71.3049 -124.111
6 47 71.1436 -125.25
6 48 70.9764 -126.363
6 49 70.8036 -127.451
6 50 70.6253 -128.513
6 51 70.442 -129.551
6 52 70.2537 -130.564
6 53 70.0608 -131.554
6 54 69.8635 -132.519
6 55 69.6619 -133.462
6 56 69.4565 -134.381
6 57 69.2472 -135.279
6 58 69.0345 -136.154
6 59 68.8184 -137.008
6 60 68.5992 -137.841
6 61 68.377 -138.653
6 62 68.1535 -139.441
6 63 67.9262 -140.213
6 64 67.6964 -140.966
6 65 67.4645 -141.701
6 66 67.2304 -142.417
6 67 66.9945 -143.115
6 68 66.7568 -143.796
6 69 66.5175 -144.461
6 70 66.2768 -145.108
6 71 66.0348 -145.74
6 72 65.7916 -146.356
6 73 65.5473 -146.957
6 74 65.3021 -147.543
6 75 65.0561 -148.115
6 76 64.8095 -148.673
6 77 64.5623 -149.217
6 78 64.3147 -149.747
6 79 64.0667 -150.265
6 80 63.8186 -150.77
6 81 63.5703 -151.263
6 82 63.322 -151.744
6 83 63.0737 -152.214
6 84 62.8257 -152.672
6 85 62.5779 -153.119
6 86 62.3305 -153.555
6 87 62.0835 -153.981
6 88 61.8371 -154.397
6 89 61.5913 -154.803
6 90 61.3462 -155.199
6 91 61.1018 -155.586
6 92 60.8583 -155.964
6 93 60.6157 -156.332
6 94 60.3741 -156.692
6 95 60.1336 -157.044
6 96 59.8942 -157.387
6 97 59.656 -157.723
6 98 59.4191 -158.05
6 99 59.1835 -158.37
6 100 58.9493 -158.682
7 1 71.0017 -71.7213
7 2 71.2363 -73.0089
7 3 71.4463 -74.2381
7 4 71.6408 -75.4494
7 5 71.8234 -76.6589
7 6 71.9956 -77.8743
7 7 72.1585 -79.0994
7 8 72.3124 -80.3366
7 9 72.4576 -81.5867
7 10 72.594 -82.8504
7 11 72.7223 -84.1318
7 12 72.8416 -85.4223
7 13 72.9521 -86.7254
7 14 73.054 -88.0404
7 15 72.9724 -87.111
7 16 73.076 -88.4781
7 17 73.1689 -89.8402
7 18 73.2516 -91.1978
7 19 73.3245 -92.5509
7 20 73.3877 -93.8992
7 21 73.4415 -95.242
7 22 73.4862 -96.5786
7 23 73.522 -97.9079
7 24 73.5491 -99.2288
7 25 73.5677 -100.54
7 26 73.5781 -101.841
7 27 73.5804 -103.13
7 28 73.5749 -104.405
7 29 73.5619 -105.667
7 30 73.5416 -106.913
7 31 73.5142 -108.142
7 32 73.4801 -109.353
7 33 73.4395 -110.546
7 34 73.3927 -111.719
7 35 73.34 -112.871
7 36 73.2817 -114.002
7 37 73.2182 -115.111
7 38 73.1496 -116.197
7 39 73.0764 -117.26
7 40 72.9989 -118.299
7 41 72.9173 -119.315
7 42 72.832 -120.305
7 43 72.7433 -121.271
7 44 72.6516 -122.212
7 45 72.4232 -124.176
7 46 72.2793 -125.417
7 47 72.1286 -126.631
7 48 71.9715 -127.818
7 49 71.8082 -128.978
7 50 71.639 -130.111
7 51 71.4641 -131.218
7 52 71.2839 -132.298
7 53 71.0986 -133.353
7 54 70.9084 -134.382
7 55 70.7136 -135.386
7 56 70.5145 -136.366
7 57 70.3112 -137.321
7 58 70.104 -138.253
7 59 69.8932 -139.161
7 60 69.6788 -140.046
7 61 69.4613 -140.91
7 62 69.2407 -141.751
7 63 69.0172 -142.571
7 64 68.791 -143.37
7 65 68.5624 -144.149
7 66 68.3315 -144.908
7 67 68.1 -145.642
7 68 67.8652 -146.363
7 69 67.6286 -147.065
7 70 67.3903 -147.749
7 71 67.1506 -148.415
7 72 66.9095 -149.065
7 73 66.6673 -149.698
7 74 66.424 -150.315
7 75 66.1797 -150.917
7 76 65.9347 -151.503
7 77 65.6891 -152.075
7 78 65.4428 -152.632
7 79 65.1962 -153.176
7 80 64.9492 -153.706
7 81 64.7021 -154.222
7 82 64.4548 -154.726
7 83 64.2076 -155.217
7 84 63.9605 -155.697
7 85 63.7136 -156.164
7 86 63.467 -156.62
7 87 63.2208 -157.065
7 88 62.9751 -157.499
7 89 62.7299 -157.923
7 90 62.4854 -158.336
7 91 62.2417 -158.739
7 92 61.9988 -159.133
7 93 61.7567 -159.517
7 94 61.5157 -159.892
7 95 61.2757 -160.257
7 96 61.0368 -160.615
7 97 60.7991 -160.963
7 98 60.5626 -161.304
7 99 60.3275 -161.636
7 100 60.0937 -161.961
8 1 71.0784 -71.5767
8 2 71.3335 -72.8322
8 3 71.5642 -74.0311
8 4 71.7798 -75.2142
8 5 71.9838 -76.3977
8 6 72.1779 -77.5895
8 7 72.3628 -78.7937
8 8 72.5391 -80.0127
8 9 72.7074 -81.2522
8 10 72.8667 -82.5041
8 11 73.0176 -83.7729
8 12 73.1601 -85.0585
8 13 73.294 -86.3605
8 14 73.4193 -87.6782
8 15 73.3461 -86.7201
8 16 73.4727 -88.0945
8 17 73.5887 -89.4678
8 18 73.6944 -90.8405
8 19 73.7901 -92.2126
8 20 73.876 -93.5838
8 21 73.9524 -94.9533
8 22 74.0193 -96.3204
8 23 74.0771 -97.6839
8 24 74.1259 -99.0425
8 25 74.1659 -100.395
8 26 74.1972 -101.74
8 27 74.2201 -103.076
8 28 74.2348 -104.402
8 29 74.2414 -105.717
8 30 74.2402 -107.018
8 31 74.2315 -108.304
8 32 74.2155 -109.575
8 33 74.1925 -110.828
8 34 74.1628 -112.063
8 35 74.1266 -113.279
8 36 74.0842 -114.474
8 37 74.036 -115.647
8 38 73.9823 -116.799
8 39 73.9234 -117.927
8 40 73.8595 -119.031
8 41 73.7911 -120.111
8 42 73.7185 -121.166
8 43 73.642 -122.195
8 44 73.5619 -123.199
8 45 73.3991 -125.357
8 46 73.2668 -126.683
8 47 73.1271 -127.98
8 48 72.9803 -129.249
8 49 72.8268 -130.49
8 50 72.6667 -131.702
8 51 72.5014 -132.879
8 52 72.3293 -134.035
8 53 72.1515 -135.163
8 54 71.9685 -136.263
8 55 71.7803 -137.336
8 56 71.5873 -138.383
8 57 71.3898 -139.403
8 58 71.188 -140.397
8 59 70.9821 -141.365
8 60 70.7724 -142.309
8 61 70.5592 -143.228
8 62 70.3425 -144.123
8 63 70.1227 -144.995
8 64 69.8999 -145.845
8 65 69.6744 -146.671
8 66 69.4463 -147.476
8 67 69.2159 -148.26
8 68 68.9833 -149.024
8 69 68.7487 -149.767
8 70 68.5123 -150.491
8 71 68.2757 -151.191
8 72 68.0363 -151.877
8 73 67.7956 -152.544
8 74 67.5536 -153.195
8 75 67.3106 -153.828
8 76 67.0667 -154.445
8 77 66.8221 -155.046
8 78 66.5768 -155.631
8 79 66.3309 -156.201
8 80 66.0847 -156.757
8 81 65.8382 -157.298
8 82 65.5915 -157.826
8 83 65.3447 -158.34
8 84 65.0981 -158.841
8 85 64.8515 -159.329
8 86 64.6053 -159.805
8 87 64.3594 -160.27
8 88 64.1139 -160.722
8 89 63.869 -161.163
8 90 63.6247 -161.594
8 91 63.3811 -162.014
8 92 63.1383 -162.423
8 93 62.8964 -162.823
8 94 62.6554 -163.212
8 95 62.4155 -163.592
8 96 62.1767 -163.963
8 97 61.9391 -164.325
8 98 61.7027 -164.679
8 99 61.4676 -165.024
8 100 61.2339 -165.36
9 1 71.1515 -71.4139
9 2 71.4266 -72.6342
9 3 71.6776 -73.7987
9 4 71.9138 -74.9489
9 5 72.1388 -76.1014
9 6 72.3542 -77.2643
9 7 72.5608 -78.4419
9 8 72.7597 -79.6416
9 9 72.9498 -80.8557
9 10 73.1317 -82.0896
9 11 73.3055 -83.3437
9 12 73.4711 -84.618
9 13 73.6284 -85.9125
9 14 73.7772 -87.2267
9 15 73.7112 -86.2314
9 16 73.8612 -87.6073
9 17 74.0005 -88.986
9 18 74.1295 -90.3683
9 19 74.2485 -91.7542
9 20 74.3576 -93.1434
9 21 74.457 -94.5352
9 22 74.5469 -95.9287
9 23 74.6273 -97.3229
9 24 74.6985 -98.7164
9 25 74.7606 -100.108
9 26 74.8136 -101.496
9 27 74.8579 -102.878
9 28 74.8935 -104.254
9 29 74.9206 -105.621
9 30 74.9395 -106.979
9 31 74.9503 -108.324
9 32 74.9533 -109.656
9 33 74.9487 -110.973
9 34 74.9369 -112.274
9 35 74.918 -113.556
9 36 74.8924 -114.82
9 37 74.8603 -116.063
9 38 74.8221 -117.285
9 39 74.7782 -118.483
9 40 74.7287 -119.659
9 41 74.6742 -120.81
9 42 74.6148 -121.935
9 43 74.551 -123.035
9 44 74.483 -124.109
9 45 74.3887 -126.461
9 46 74.2685 -127.884
9 47 74.1402 -129.277
9 48 74.004 -130.64
9 49 73.8605 -131.972
9 50 73.7097 -133.274
9 51 73.5522 -134.545
9 52 73.3882 -135.785
9 53 73.218 -136.995
9 54 73.0419 -138.175
9 55 72.8603 -139.326
9 56 72.6733 -140.447
9 57 72.4824 -141.533
9 58 72.2857 -142.597
9 59 72.0844 -143.633
9 60 71.879 -144.642
9 61 71.6696 -145.623
9 62 71.4564 -146.579
9 63 71.2398 -147.508
9 64 71.0199 -148.412
9 65 70.797 -149.292
9 66 70.5713 -150.148
9 67 70.343 -150.98
9 68 70.1122 -151.79
9 69 69.8793 -152.577
9 70 69.6443 -153.343
9 71 69.4075 -154.089
9 72 69.1689 -154.813
9 73 68.9289 -155.519
9 74 68.6875 -156.205
9 75 68.445 -156.872
9 76 68.2031 -157.517
9 77 67.9589 -158.149
9 78 67.7139 -158.763
9 79 67.4682 -159.362
9 80 67.2221 -159.944
9 81 66.9757 -160.511
9 82 66.729 -161.063
9 83 66.4822 -161.6
9 84 66.2354 -162.124
9 85 65.9887 -162.634
9 86 65.7422 -163.13
9 87 65.4961 -163.614
9 88 65.2503 -164.085
9 89 65.0051 -164.545
9 90 64.7605 -164.992
9 91 64.5166 -165.429
9 92 64.2734 -165.854
9 93 64.0311 -166.268
9 94 63.7898 -166.673
9 95 63.5495 -167.067
9 96 63.3103 -167.451
9 97 63.0723 -167.826
9 98 62.8355 -168.192
9 99 62.6 -168.549
9 100 62.366 -168.897
10 1 71.2205 -71.2333
10 2 71.5152 -72.4151
10 3 71.7859 -73.5411
10 4 72.0422 -74.6538
10 5 72.2875 -75.7702
10 6 72.5237 -76.8987
10 7 72.7523 -78.0488
10 8 72.9721 -79.214
10 9 73.1841 -80.4006
10 10 73.3884 -81.6099
10 11 73.5848 -82.8424
10 12 73.7733 -84.0986
10 13 73.9538 -85.3785
10 14 74.1261 -86.682
10 15 74.066 -85.6406
10 16 74.2394 -87.0112
10 17 74.4023 -88.3887
10 18 74.5549 -89.7739
10 19 74.6975 -91.1672
10 20 74.8302 -92.5683
10 21 74.9531 -93.9767
10 22 75.0664 -95.3915
10 23 75.1702 -96.8116
10 24 75.2644 -98.2358
10 25 75.3493 -99.6626
10 26 75.4249 -101.09
10 27 75.4914 -102.517
10 28 75.5488 -103.942
10 29 75.5973 -105.362
10 30 75.6371 -106.775
10 31 75.6684 -108.181
10 32 75.6913 -109.576
10 33 75.7061 -110.959
10 34 75.7131 -112.329
10 35 75.7124 -113.682
10 36 75.7044 -115.019
10 37 75.6894 -116.337
10 38 75.6676 -117.635
10 39 75.6394 -118.91
10 40 75.6051 -120.163
10 41 75.5651 -121.392
10 42 75.5197 -122.596
10 43 75.4692 -123.774
10 44 75.414 -124.925
10 45 75.3908 -127.483
10 46 75.2832 -129.016
10 47 75.1667 -130.518
10 48 75.0415 -131.988
10 49 74.9082 -133.425
10 50 74.767 -134.83
10 51 74.6182 -136.201
10 52 74.4623 -137.538
10 53 74.2995 -138.843
10 54 74.1303 -140.115
10 55 73.9548 -141.354
10 56 73.7736 -142.56
10 57 73.5867 -143.734
10 58 73.3947 -144.877
10 59 73.1977 -145.988
10 60 72.9961 -147.069
10 61 72.7901 -148.12
10 62 72.5812 -149.136
10 63 72.3672 -150.129
10 64 72.1496 -151.094
10 65 71.9287 -152.032
10 66 71.7047 -152.944
10 67 71.4778 -153.829
10 68 71.2482 -154.689
10 69 71.0162 -155.525
10 70 70.782 -156.337
10 71 70.5458 -157.126
10 72 70.3076 -157.892
10 73 70.0679 -158.637
10 74 69.8266 -159.36
10 75 69.584 -160.064
10 76 69.3403 -160.747
10 77 69.0955 -161.411
10 78 68.8499 -162.057
10 79 68.6036 -162.685
10 80 68.3567 -163.295
10 81 68.1114 -163.885
10 82 67.8641 -164.462
10 83 67.6166 -165.023
10 84 67.369 -165.569
10 85 67.1215 -166.1
10 86 66.8742 -166.617
10 87 66.6272 -167.121
10 88 66.3806 -167.611
10 89 66.1345 -168.088
10 90 65.889 -168.552
10 91 65.6441 -169.005
10 92 65.4001 -169.446
10 93 65.1569 -169.875
10 94 64.9146 -170.293
10 95 64.6734 -170.701
10 96 64.4333 -171.099
10 97 64.1944 -171.486
10 98 63.9568 -171.864
10 99 63.7205 -172.232
10 100 63.4856 -172.591
11 1 71.2853 -71.0352
11 2 71.599 -72.1754
11 3 71.8888 -73.2589
11 4 72.1644 -74.3295
11 5 72.4295 -75.4047
11 6 72.6867 -76.4982
11 7 72.9351 -77.6054
11 8 73.1759 -78.7342
11 9 73.4093 -79.8866
11 10 73.6354 -81.0642
11 11 73.8541 -82.2678
11 12 74.0652 -83.4982
11 13 74.2687 -84.7558
11 14 74.4643 -86.0408
11 15 74.4086 -84.9437
11 16 74.6054 -86.3012
11 17 74.7919 -87.6696
11 18 74.9683 -89.0501
11 19 75.1347 -90.4431
11 20 75.2913 -91.8486
11 21 75.4382 -93.2664
11 22 75.5754 -94.6957
11 23 75.703 -96.1356
11 24 75.821 -97.5847
11 25 75.9294 -99.0418
11 26 76.0283 -100.505
11 27 76.1178 -101.973
11 28 76.1979 -103.443
11 29 76.2688 -104.914
11 30 76.3305 -106.383
11 31 76.3832 -107.849
11 32 76.4271 -109.308
11 33 76.4623 -110.76
11 34 76.4892 -112.201
11 35 76.5078 -113.63
11 36 76.5184 -115.045
11 37 76.5214 -116.443
11 38 76.517 -117.823
11 39 76.5055 -119.183
11 40 76.4872 -120.521
11 41 76.4626 -121.836
11 42 76.4319 -123.127
11 43 76.3955 -124.392
11 44 76.3537 -125.63
11 45 76.4046 -128.404
11 46 76.3103 -130.064
11 47 76.2061 -131.692
11 48 76.0924 -133.286
11 49 75.9696 -134.844
11 50 75.838 -136.367
11 51 75.6981 -137.854
11 52 75.5503 -139.304
11 53 75.3948 -140.718
11 54 75.2322 -142.095
11 55 75.0627 -143.436
11 56 74.8867 -144.74
11 57 74.7046 -146.008
11 58 74.5166 -147.241
11 59 74.3233 -148.439
11 60 74.1248 -149.602
11 61 73.9215 -150.732
11 62 73.7136 -151.828
11 63 73.5016 -152.892
11 64 73.2856 -153.925
11 65 73.066 -154.927
11 66 72.843 -155.899
11 67 72.6168 -156.842
11 68 72.389 -157.752
11 69 72.1572 -158.64
11 70 71.9229 -159.501
11 71 71.6864 -160.337
11 72 71.4478 -161.147
11 73 71.2075 -161.934
11 74 70.9655 -162.697
11 75 70.7221 -163.438
11 76 70.4774 -164.157
11 77 70.2316 -164.855
11 78 69.9848 -165.532
11 79 69.7373 -166.19
11 80 69.4892 -166.829
11 81 69.2406 -167.449
11 82 68.9916 -168.052
11 83 68.7424 -168.638
11 84 68.4931 -169.207
11 85 68.2459 -169.756
11 86 67.997 -170.293
11 87 67.7485 -170.816
11 88 67.5004 -171.324
11 89 67.2527 -171.818
11 90 67.0056 -172.299
11 91 66.7593 -172.767
11 92 66.5137 -173.222
11 93 66.269 -173.666
11 94 66.0253 -174.097
11 95 65.7826 -174.518
11 96 65.541 -174.927
11 97 65.3007 -175.326
11 98 65.0616 -175.715
11 99 64.8239 -176.094
11 100 64.5877 -176.463
12 1 71.3455 -70.8198
12 2 71.6777 -71.9156
12 3 71.9858 -72.9527
12 4 72.28 -73.9766
12 5 72.5641 -75.0054
12 6 72.8407 -76.0538
12 7 73.1089 -77.1167
12 8 73.3701 -78.2025
12 9 73.6243 -79.3138
12 10 73.8716 -80.4523
12 11 74.112 -81.6192
12 12 74.3452 -82.8157
12 13 74.5712 -84.0425
12 14 74.7898 -85.3002
12 15 74.7369 -84.1372
12 16 74.9571 -85.4729
12 17 75.1671 -86.8232
12 18 75.3673 -88.1898
12 19 75.5577 -89.5733
12 20 75.7384 -90.9743
12 21 75.9095 -92.3927
12 22 76.071 -93.8279
12 23 76.2229 -95.2794
12 24 76.3652 -96.7459
12 25 76.4978 -98.2263
12 26 76.6208 -99.7189
12 27 76.7342 -101.222
12 28 76.8379 -102.734
12 29 76.932 -104.252
12 30 77.0167 -105.774
12 31 77.092 -107.299
12 32 77.1579 -108.823
12 33 77.2147 -110.344
12 34 77.2625 -111.859
12 35 77.3015 -113.366
12 36 77.332 -114.864
12 37 77.3541 -116.348
12 38 77.3681 -117.817
12 39 77.3744 -119.269
12 40 77.3732 -120.701
12 41 77.365 -122.111
12 42 77.3499 -123.499
12 43 77.3284 -124.861
12 44 77.3009 -126.197
12 45 77.4292 -129.198
12 46 77.349 -131.007
12 47 77.2578 -132.782
12 48 77.1561 -134.52
12 49 77.0442 -136.221
12 50 76.9225 -137.883
12 51 76.7916 -139.506
12 52 76.6517 -141.088
12 53 76.5034 -142.629
12 54 76.3471 -144.129
12 55 76.1832 -145.587
12 56 76.012 -147.005
12 57 75.834 -148.382
12 58 75.6496 -149.718
12 59 75.4591 -151.015
12 60 75.263 -152.273
12 61 75.0615 -153.491
12 62 74.8551 -154.673
12 63 74.644 -155.817
12 64 74.4286 -156.926
12 65 74.2092 -158
12 66 73.9861 -159.039
12 67 73.7596 -160.046
12 68 73.5299 -161.021
12 69 73.2973 -161.965
12 70 73.0621 -162.879
12 71 72.8244 -163.765
12 72 72.5861 -164.616
12 73 72.3442 -165.447
12 74 72.1006 -166.252
12 75 71.8553 -167.032
12 76 71.6087 -167.788
12 77 71.361 -168.52
12 78 71.1122 -169.23
12 79 70.8626 -169.918
12 80 70.6123 -170.585
12 81 70.3615 -171.232
12 82 70.1103 -171.86
12 83 69.8589 -172.469
12 84 69.6073 -173.06
12 85 69.3558 -173.634
12 86 69.1045 -174.191
12 87 68.8534 -174.732
12 88 68.6028 -175.258
12 89 68.3526 -175.769
12 90 68.1053 -176.261
12 91 67.8567 -176.743
12 92 67.6089 -177.212
12 93 67.3621 -177.668
12 94 67.1162 -178.111
12 95 66.8714 -178.543
12 96 66.6278 -178.963
12 97 66.3855 -179.372
12 98 66.1444 -179.77
12 99 65.9048 179.842
12 100 65.6667 179.464
13 1 71.4007 -70.5873
13 2 71.7507 -71.6362
13 3 72.0764 -72.6231
13 4 72.3883 -73.5958
13 5 72.6915 -74.5788
13 6 72.9858 -75.571
13 7 73.273 -76.5833
13 8 73.5537 -77.6196
13 9 73.8279 -78.6826
13 10 74.0957 -79.7743
13 11 74.357 -80.8964
13 12 74.6118 -82.0503
13 13 74.8598 -83.2371
13 14 75.1009 -84.4578
13 15 75.0489 -83.2183
13 16 75.2921 -84.5223
13 17 75.5255 -85.8444
13 18 75.7492 -87.1865
13 19 75.9636 -88.5501
13 20 76.1685 -89.9357
13 21 76.364 -91.3439
13 22 76.5501 -92.7744
13 23 76.7267 -94.2271
13 24 76.8937 -95.701
13 25 77.0511 -97.1952
13 26 77.1988 -98.7084
13 27 77.3368 -100.239
13 28 77.4651 -101.785
13 29 77.5835 -103.345
13 30 77.6922 -104.916
13 31 77.7911 -106.496
13 32 77.8803 -108.082
13 33 77.9598 -109.672
13 34 78.0299 -111.262
13 35 78.0906 -112.851
13 36 78.1422 -114.434
13 37 78.1847 -116.01
13 38 78.2185 -117.575
13 39 78.2438 -119.126
13 40 78.261 -120.662
13 41 78.2702 -122.178
13 42 78.2719 -123.674
13 43 78.2664 -125.146
13 44 78.2541 -126.593
13 45 78.4638 -129.833
13 46 78.3988 -131.817
13 47 78.3214 -133.765
13 48 78.2323 -135.676
13 49 78.1317 -137.546
13 50 78.0202 -139.373
13 51 77.8983 -141.157
13 52 77.7664 -142.895
13 53 77.625 -144.587
13 54 77.4746 -146.232
13 55 77.3157 -147.83
13 56 77.1487 -149.381
13 57 76.9741 -150.885
13 58 76.7923 -152.342
13 59 76.6039 -153.753
13 60 76.4091 -155.119
13 61 76.2085 -156.44
13 62 76.0024 -157.718
13 63 75.7911 -158.953
13 64 75.5752 -160.147
13 65 75.3548 -161.301
13 66 75.1304 -162.415
13 67 74.9023 -163.492
13 68 74.6708 -164.533
13 69 74.4361 -165.538
13 70 74.1986 -166.509
13 71 73.9585 -167.447
13 72 73.7161 -168.354
13 73 73.4716 -169.23
13 74 73.2253 -170.078
13 75 72.9773 -170.897
13 76 72.7278 -171.689
13 77 72.4788 -172.45
13 78 72.2269 -173.192
13 79 71.9742 -173.91
13 80 71.7208 -174.605
13 81 71.4668 -175.277
13 82 71.2124 -175.929
13 83 70.9578 -176.56
13 84 70.7032 -177.172
13 85 70.4485 -177.765
13 86 70.1941 -178.339
13 87 69.9399 -178.897
13 88 69.6862 -179.438
13 89 69.433 -179.963
13 90 69.1805 179.528
13 91 68.9287 179.033
13 92 68.6778 178.552
13 93 68.4278 178.086
13 94 68.1811 177.636
13 95 67.9336 177.195
13 96 67.6873 176.766
13 97 67.4423 176.35
13 98 67.1987 175.944
13 99 66.9565 175.549
13 100 66.7159 175.165
14 1 71.4506 -70.3377
14 2 71.8178 -71.3376
14 3 72.1601 -72.2709
14 4 72.4889 -73.1882
14 5 72.8093 -74.1153
14 6 73.1212 -75.0509
14 7 73.4265 -76.0067
14 8 73.7257 -76.9867
14 9 74.019 -77.9941
14 10 74.3064 -79.0311
14 11 74.5879 -80.0998
14 12 74.8634 -81.202
14 13 75.1327 -82.339
14 14 75.3956 -83.5124
14 15 75.3423 -82.1848
14 16 75.6081 -83.4464
14 17 75.8644 -84.7289
14 18 76.1115 -86.0349
14 19 76.3495 -87.366
14 20 76.5784 -88.7237
14 21 76.7983 -90.1088
14 22 77.009 -91.5217
14 23 77.2105 -92.9626
14 24 77.4026 -94.4311
14 25 77.5852 -95.9268
14 26 77.7583 -97.4487
14 27 77.9217 -98.9955
14 28 78.0752 -100.566
14 29 78.2189 -102.158
14 30 78.3526 -103.77
14 31 78.4764 -105.398
14 32 78.5901 -107.042
14 33 78.6938 -108.697
14 34 78.7875 -110.361
14 35 78.8714 -112.031
14 36 78.9455 -113.704
14 37 79.01 -115.375
14 38 79.065 -117.042
14 39 79.1109 -118.702
14 40 79.1477 -120.35
14 41 79.1759 -121.985
14 42 79.1957 -123.602
14 43 79.2075 -125.199
14 44 79.2116 -126.773
14 45 79.5073 -130.257
14 46 79.4587 -132.451
14 47 79.3963 -134.609
14 48 79.3205 -136.727
14 49 79.2319 -138.801
14 50 79.1309 -140.829
14 51 79.0181 -142.808
14 52 78.894 -144.735
14 53 78.7592 -146.609
14 54 78.6142 -148.429
14 55 78.4596 -150.194
14 56 78.2959 -151.904
14 57 78.1237 -153.558
14 58 77.9436 -155.158
14 59 77.7559 -156.703
14 60 77.5612 -158.194
14 61 77.3601 -159.633
14 62 77.1529 -161.021
14 63 76.9401 -162.359
14 64 76.7221 -163.648
14 65 76.4993 -164.891
14 66 76.2722 -166.088
14 67 76.041 -167.241
14 68 75.8062 -168.352
14 69 75.568 -169.422
14 70 75.3268 -170.454
14 71 75.0829 -171.447
14 72 74.8365 -172.405
14 73 74.5879 -173.329
14 74 74.3374 -174.219
14 75 74.0851 -175.078
14 76 73.8315 -175.906
14 77 73.5765 -176.705
14 78 73.3205 -177.477
14 79 73.0637 -178.222
14 80 72.8061 -178.942
14 81 72.5499 -179.633
14 82 72.2913 179.694
14 83 72.0326 179.044
14 84 71.7738 178.414
14 85 71.515 177.805
14 86 71.2566 177.216
14 87 70.9985 176.645
14 88 70.7408 176.092
14 89 70.4838 175.556
14 90 70.2275 175.037
14 91 69.972 174.533
14 92 69.7174 174.044
14 93 69.4638 173.57
14 94 69.2114 173.109
14 95 68.9602 172.662
14 96 68.7102 172.228
14 97 68.4616 171.805
14 98 68.2169 171.398
14 99 67.9717 170.999
14 100 67.728 170.611
15 1 71.4946 -70.0709
15 2 71.8785 -71.0205
15 3 72.2366 -71.897
15 4 72.5812 -72.7548
15 5 72.9178 -73.6213
15 6 73.2462 -74.4949
15 7 73.5685 -75.3881
15 8 73.8852 -76.3053
15 9 74.1965 -77.2498
15 10 74.5025 -78.2242
15 11 74.8032 -79.2308
15 12 75.0984 -80.2716
15 13 75.388 -81.3487
15 14 75.6719 -82.4638
15 15 75.6149 -81.0359
15 16 75.9025 -82.2435
15 17 76.1811 -83.4741
15 18 76.451 -84.7306
15 19 76.7122 -86.0155
15 20 76.9648 -87.3306
15 21 77.2088 -88.6775
15 22 77.444 -90.0572
15 23 77.6703 -91.4704
15 24 77.8877 -92.9176
15 25 78.0958 -94.3987
15 26 78.2946 -95.9135
15 27 78.4839 -97.4614
15 28 78.6636 -99.0413
15 29 78.8333 -100.652
15 30 78.9931 -102.292
15 31 79.1428 -103.959
15 32 79.2823 -105.65
15 33 79.4116 -107.364
15 34 79.5305 -109.096
15 35 79.6391 -110.845
15 36 79.7374 -112.605
15 37 79.8256 -114.375
15 38 79.9036 -116.149
15 39 79.9717 -117.924
15 40 80.03 -119.696
15 41 80.0788 -121.46
15 42 80.1184 -123.214
15 43 80.1491 -124.952
15 44 80.1711 -126.672
15 45 80.5581 -130.399
15 46 80.5277 -132.848
15 47 80.4817 -135.263
15 48 80.4204 -137.637
15 49 80.3445 -139.965
15 50 80.2544 -142.241
15 51 80.1508 -144.461
15 52 80.0344 -146.622
15 53 79.9056 -148.72
15 54 79.7654 -150.754
15 55 79.6141 -152.723
15 56 79.4527 -154.625
15 57 79.2816 -156.46
15 58 79.1015 -158.229
15 59 78.913 -159.933
15 60 78.7168 -161.571
15 61 78.5134 -163.147
15 62 78.3033 -164.661
15 63 78.0871 -166.115
15 64 77.8653 -167.512
15 65 77.6382 -168.852
15 66 77.4065 -170.139
15 67 77.1705 -171.374
15 68 76.9306 -172.56
15 69 76.6871 -173.699
15 70 76.4405 -174.792
15 71 76.191 -175.842
15 72 75.939 -176.85
15 73 75.6847 -177.819
15 74 75.4285 -178.751
15 75 75.1706 -179.647
15 76 74.9112 179.491
15 77 74.6506 178.662
15 78 74.389 177.863
15 79 74.1266 177.094
15 80 73.8635 176.353
15 81 73.6 175.639
15 82 73.3363 174.95
15 83 73.0724 174.285
15 84 72.8086 173.643
15 85 72.547 173.028
15 86 72.2835 172.428
15 87 72.0205 171.849
15 88 71.758 171.288
15 89 71.4963 170.746
15 90 71.2354 170.221
15 91 70.9753 169.713
15 92 70.7164 169.22
15 93 70.4585 168.743
15 94 70.2019 168.28
15 95 69.9465 167.831
15 96 69.6926 167.395
15 97 69.4401 166.972
15 98 69.1892 166.561
15 99 68.9399 166.161
15 100 68.6923 165.773
