16 225 2999 31556736
0 0.000000 180 45
0 1 63.7783 -93.3502
0 2 64.2471 -93.6415
0 3 64.6783 -93.9489
0 4 65.0874 -94.2691
0 5 65.4854 -94.6005
0 6 65.8759 -94.9427
0 7 66.2611 -95.2956
0 8 66.6421 -95.6595
0 9 67.0196 -96.0345
0 10 67.3941 -96.421
0 11 67.7659 -96.8194
0 12 68.1352 -97.2302
0 13 68.5021 -97.6537
0 14 68.8667 -98.0906
0 15 68.5198 -98.2993
0 16 68.902 -98.7336
0 17 69.2763 -99.1816
0 18 69.6436 -99.6435
0 19 70.0044 -100.12
0 20 70.3591 -100.61
0 21 70.708 -101.115
0 22 71.0514 -101.635
0 23 71.3894 -102.171
0 24 71.7221 -102.722
0 25 72.0495 -103.289
0 26 72.3716 -103.873
0 27 72.6885 -104.474
0 28 73.0001 -105.091
0 29 73.3063 -105.726
0 30 73.6071 -106.378
0 31 73.9024 -107.049
0 32 74.1921 -107.738
0 33 74.476 -108.445
0 34 74.7542 -109.171
0 35 75.0264 -109.916
0 36 75.2925 -110.679
0 37 75.5524 -111.462
0 38 75.8061 -112.263
0 39 76.0533 -113.083
0 40 76.294 -113.922
0 41 76.5281 -114.78
0 42 76.7553 -115.655
0 43 76.9757 -116.548
0 44 77.1891 -117.458
0 45 77.3706 -120.678
0 46 77.6557 -121.998
0 47 77.9319 -123.373
0 48 78.1988 -124.805
0 49 78.4562 -126.294
0 50 78.7036 -127.842
0 51 78.9409 -129.451
0 52 79.1675 -131.12
0 53 79.3831 -132.85
0 54 79.5873 -134.642
0 55 79.7796 -136.494
0 56 79.9597 -138.406
0 57 80.1271 -140.376
0 58 80.2815 -142.401
0 59 80.4224 -144.478
0 60 80.5495 -146.604
0 61 80.6625 -148.774
0 62 80.7611 -150.982
0 63 80.8451 -153.223
0 64 80.9143 -155.49
0 65 80.9686 -157.776
0 66 81.0079 -160.074
0 67 81.0325 -162.375
0 68 81.0422 -164.673
0 69 81.0374 -166.96
0 70 81.0183 -169.228
0 71 80.9853 -171.469
0 72 80.9386 -173.678
0 73 80.8788 -175.849
0 74 80.8064 -177.975
0 75 80.7219 179.948
0 76 80.6258 177.923
0 77 80.5188 175.955
0 78 80.4013 174.045
0 79 80.2742 172.196
0 80 80.1378 170.408
0 81 79.993 168.683
0 82 79.8401 167.02
0 83 79.6799 165.42
0 84 79.5128 163.881
0 85 79.3394 162.402
0 86 79.1603 160.983
0 87 78.9759 159.622
0 88 78.7867 158.317
0 89 78.5931 157.066
0 90 78.3956 155.868
0 91 78.1945 154.72
0 92 77.9903 153.621
0 93 77.7833 152.569
0 94 77.5738 151.562
0 95 77.3622 150.598
0 96 77.1488 149.675
0 97 76.9337 148.792
0 98 76.7174 147.946
0 99 76.5 147.137
0 100 76.2817 146.362
0 101 76.0629 145.619
0 102 75.8436 144.908
0 103 75.6241 144.227
0 104 75.4045 143.575
0 105 75.1851 142.95
0 106 74.966 142.352
0 107 74.7473 141.778
0 108 74.5292 141.228
0 109 74.3118 140.701
0 110 74.0952 140.196
0 111 73.8796 139.712
0 112 73.665 139.249
0 113 73.4516 138.804
0 114 73.2395 138.378
0 115 73.0288 137.969
0 116 72.8195 137.578
0 117 72.6117 137.203
0 118 72.4055 136.844
0 119 72.2011 136.5
0 120 71.9984 136.17
0 121 71.7975 135.854
0 122 71.5986 135.552
0 123 71.4015 135.263
0 124 71.2066 134.987
0 125 71.0136 134.723
0 126 70.8228 134.47
0 127 70.6342 134.229
0 128 70.4478 133.999
0 129 70.2637 133.779
0 130 70.0819 133.57
0 131 69.9024 133.371
0 132 69.7254 133.182
0 133 69.5507 133.002
0 134 69.3785 132.831
0 135 69.2089 132.669
0 136 69.0417 132.516
0 137 68.8771 132.372
0 138 68.7151 132.236
0 139 68.5558 132.108
0 140 68.399 131.988
0 141 68.2449 131.875
0 142 68.0936 131.77
0 143 67.9449 131.673
0 144 67.799 131.583
0 145 67.6558 131.5
0 146 67.5154 131.425
0 147 67.3778 131.356
0 148 67.243 131.294
0 149 67.111 131.238
0 150 66.9818 131.189
0 151 66.8555 131.147
0 152 66.7321 131.111
0 153 66.6115 131.082
0 154 66.4938 131.059
0 155 66.3791 131.042
0 156 66.2672 131.031
0 157 66.1582 131.027
0 158 66.0522 131.028
0 159 65.949 131.035
0 160 65.8488 131.049
0 161 65.7516 131.068
0 162 65.6572 131.094
0 163 65.5659 131.125
0 164 65.4774 131.162
0 165 65.3919 131.205
0 166 65.3094 131.254
0 167 65.2298 131.309
0 168 65.1531 131.369
0 169 65.0794 131.436
0 170 65.0086 131.508
0 171 64.9408 131.586
0 172 64.8759 131.671
0 173 64.8139 131.761
0 174 64.7549 131.857
0 175 64.6988 131.959
0 176 64.6455 132.067
0 177 64.5952 132.182
0 178 64.5478 132.302
0 179 64.5032 132.429
0 180 64.4615 132.562
0 181 64.4227 132.701
0 182 64.3867 132.846
0 183 64.3536 132.998
0 184 64.3265 133.161
0 185 64.2989 133.326
0 186 64.2741 133.498
0 187 64.2521 133.676
0 188 64.2328 133.861
0 189 64.2163 134.054
0 190 64.2025 134.253
0 191 64.1913 134.46
0 192 64.1828 134.674
0 193 64.177 134.895
0 194 64.1737 135.124
0 195 64.173 135.361
0 196 64.1749 135.605
0 197 64.1793 135.858
0 198 64.1862 136.118
0 199 64.1955 136.387
0 200 64.2072 136.665
0 201 64.2213 136.951
0 202 64.2377 137.246
0 203 64.2564 137.549
0 204 64.2774 137.862
0 205 64.3005 138.185
0 206 64.3258 138.517
0 207 64.3531 138.859
0 208 64.379 139.206
0 209 64.4103 139.568
0 210 64.4434 139.941
0 211 64.4784 140.325
0 212 64.5152 140.719
0 213 64.5536 141.125
0 214 64.5937 141.543
0 215 64.6353 141.973
0 216 64.6783 142.415
0 217 64.7226 142.869
0 218 64.7682 143.336
0 219 64.815 143.817
0 220 64.8628 144.311
0 221 64.9115 144.82
0 222 64.961 145.342
0 223 65.0112 145.88
0 224 65.062 146.432
0 225 65.1131 147
1 1 63.8186 -93.1542
1 2 64.2906 -93.3941
1 3 64.7275 -93.6485
1 4 65.1433 -93.9142
1 5 65.5485 -94.1898
1 6 65.9468 -94.4748
1 7 66.34 -94.7691
1 8 66.7294 -95.0729
1 9 67.1156 -95.3863
1 10 67.4991 -95.7097
1 11 67.8803 -96.0434
1 12 68.2592 -96.3878
1 13 68.6361 -96.7433
1 14 69.011 -97.1105
1 15 68.6826 -97.3085
1 16 69.0743 -97.6734
1 17 69.4586 -98.0505
1 18 69.8363 -98.4399
1 19 70.208 -98.8421
1 20 70.5741 -99.2571
1 21 70.9348 -99.6854
1 22 71.2904 -100.127
1 23 71.641 -100.583
1 24 71.9867 -101.054
1 25 72.3276 -101.539
1 26 72.6636 -102.039
1 27 72.9949 -102.554
1 28 73.3213 -103.086
1 29 73.6427 -103.634
1 30 73.9592 -104.199
1 31 74.2706 -104.782
1 32 74.5769 -105.381
1 33 74.8779 -105.999
1 34 75.1736 -106.636
1 35 75.4638 -107.291
1 36 75.7484 -107.965
1 37 76.0273 -108.658
1 38 76.3003 -109.372
1 39 76.5674 -110.105
1 40 76.8283 -110.858
1 41 77.0831 -111.631
1 42 77.3315 -112.425
1 43 77.5734 -113.238
1 44 77.8087 -114.072
1 45 78.1059 -117.141
1 46 78.4209 -118.38
1 47 78.7279 -119.681
1 48 79.0267 -121.047
1 49 79.3169 -122.482
1 50 79.5983 -123.988
1 51 79.8703 -125.57
1 52 80.1325 -127.229
1 53 80.3844 -128.969
1 54 80.6256 -130.791
1 55 80.8553 -132.699
1 56 81.0731 -134.693
1 57 81.2783 -136.774
1 58 81.4703 -138.941
1 59 81.6485 -141.193
1 60 81.8122 -143.528
1 61 81.9609 -145.942
1 62 82.0939 -148.43
1 63 82.2108 -150.984
1 64 82.3111 -153.598
1 65 82.3944 -156.261
1 66 82.4605 -158.962
1 67 82.5091 -161.69
1 68 82.5403 -164.433
1 69 82.554 -167.177
1 70 82.5505 -169.909
1 71 82.5301 -172.617
1 72 82.4932 -175.289
1 73 82.4404 -177.914
1 74 82.3722 179.519
1 75 82.2893 177.017
1 76 82.1925 174.589
1 77 82.0826 172.239
1 78 81.9604 169.971
1 79 81.8267 167.789
1 80 81.6823 165.695
1 81 81.5281 163.688
1 82 81.3648 161.769
1 83 81.1933 159.937
1 84 81.0141 158.189
1 85 80.8281 156.523
1 86 80.6359 154.938
1 87 80.4381 153.429
1 88 80.2353 151.994
1 89 80.0281 150.629
1 90 79.8169 149.332
1 91 79.6022 148.099
1 92 79.3845 146.926
1 93 79.1641 145.812
1 94 78.9415 144.752
1 95 78.717 143.744
1 96 78.4909 142.786
1 97 78.2635 141.873
1 98 78.0351 141.005
1 99 77.806 140.179
1 100 77.5764 139.391
1 101 77.3465 138.641
1 102 77.1166 137.926
1 103 76.8868 137.245
1 104 76.6573 136.595
1 105 76.4282 135.975
1 106 76.1998 135.384
1 107 75.9722 134.819
1 108 75.7455 134.28
1 109 75.5198 133.765
1 110 75.2953 133.274
1 111 75.072 132.804
1 112 74.8502 132.355
1 113 74.6298 131.926
1 114 74.411 131.516
1 115 74.1939 131.124
1 116 73.9785 130.75
1 117 73.7649 130.392
1 118 73.5532 130.05
1 119 73.3435 129.723
1 120 73.1358 129.41
1 121 72.9302 129.111
1 122 72.7268 128.826
1 123 72.5256 128.554
1 124 72.3266 128.293
1 125 72.13 128.045
1 126 71.9357 127.808
1 127 71.7438 127.582
1 128 71.5544 127.367
1 129 71.3675 127.162
1 130 71.1831 126.967
1 131 71.0013 126.781
1 132 70.8221 126.605
1 133 70.6455 126.438
1 134 70.4716 126.279
1 135 70.3004 126.129
1 136 70.132 125.987
1 137 69.9663 125.854
1 138 69.8034 125.727
1 139 69.6433 125.609
1 140 69.486 125.498
1 141 69.3316 125.394
1 142 69.1801 125.297
1 143 69.0314 125.207
1 144 68.8857 125.124
1 145 68.743 125.048
1 146 68.6032 124.978
1 147 68.4664 124.914
1 148 68.3325 124.857
1 149 68.2017 124.805
1 150 68.0739 124.76
1 151 67.9491 124.721
1 152 67.8274 124.688
1 153 67.7088 124.66
1 154 67.5932 124.638
1 155 67.4806 124.622
1 156 67.3712 124.612
1 157 67.2649 124.607
1 158 67.1617 124.607
1 159 67.0615 124.613
1 160 66.9645 124.625
1 161 66.8707 124.642
1 162 66.7799 124.664
1 163 66.6923 124.691
1 164 66.6079 124.724
1 165 66.5266 124.763
1 166 66.4484 124.806
1 167 66.3734 124.855
1 168 66.3015 124.909
1 169 66.2328 124.969
1 170 66.1672 125.034
1 171 66.1048 125.104
1 172 66.0455 125.18
1 173 65.9894 125.261
1 174 65.9364 125.347
1 175 65.8866 125.439
1 176 65.8399 125.537
1 177 65.7963 125.64
1 178 65.7559 125.748
1 179 65.7185 125.862
1 180 65.6844 125.982
1 181 65.6533 126.108
1 182 65.6253 126.24
1 183 65.6004 126.377
1 184 65.5786 126.52
1 185 65.5599 126.67
1 186 65.5442 126.825
1 187 65.5316 126.987
1 188 65.522 127.155
1 189 65.5155 127.329
1 190 65.512 127.51
1 191 65.5114 127.698
1 192 65.5139 127.892
1 193 65.5193 128.093
1 194 65.5276 128.302
1 195 65.5389 128.517
1 196 65.5531 128.74
1 197 65.5701 128.97
1 198 65.59 129.208
1 199 65.6128 129.453
1 200 65.6383 129.706
1 201 65.6666 129.968
1 202 65.6977 130.238
1 203 65.7315 130.516
1 204 65.7679 130.803
1 205 65.8071 131.099
1 206 65.8488 131.404
1 207 65.8931 131.719
1 208 65.9399 132.043
1 209 65.9892 132.377
1 210 66.0409 132.721
1 211 66.0951 133.076
1 212 66.1515 133.441
1 213 66.2103 133.818
1 214 66.2713 134.205
1 215 66.3344 134.605
1 216 66.3996 135.016
1 217 66.4669 135.44
1 218 66.5361 135.876
1 219 66.6071 136.326
1 220 66.68 136.789
1 221 66.7546 137.265
1 222 66.8307 137.757
1 223 66.9084 138.263
1 224 66.9875 138.784
1 225 67.0678 139.321
2 1 63.8513 -92.9549
2 2 64.3261 -93.1422
2 3 64.7676 -93.3422
2 4 65.1889 -93.5521
2 5 65.6001 -93.7703
2 6 66.0046 -93.9964
2 7 66.4044 -94.2301
2 8 66.8007 -94.4717
2 9 67.194 -94.7212
2 10 67.585 -94.9789
2 11 67.9738 -95.2451
2 12 68.3607 -95.5202
2 13 68.7458 -95.8044
2 14 69.1292 -96.0983
2 15 68.8161 -96.2839
2 16 69.2156 -96.5753
2 17 69.6082 -96.8771
2 18 69.9945 -97.1894
2 19 70.3753 -97.5124
2 20 70.7507 -97.8464
2 21 71.1213 -98.1917
2 22 71.487 -98.5486
2 23 71.8482 -98.9175
2 24 72.2049 -99.2988
2 25 72.5571 -99.6928
2 26 72.9049 -100.1
2 27 73.2482 -100.521
2 28 73.5871 -100.955
2 29 73.9215 -101.405
2 30 74.2514 -101.869
2 31 74.5766 -102.348
2 32 74.8971 -102.844
2 33 75.2129 -103.356
2 34 75.5237 -103.885
2 35 75.8295 -104.431
2 36 76.1302 -104.995
2 37 76.4256 -105.577
2 38 76.7158 -106.178
2 39 77.0004 -106.799
2 40 77.2794 -107.439
2 41 77.5527 -108.099
2 42 77.8201 -108.779
2 43 78.0815 -109.48
2 44 78.3368 -110.202
2 45 78.7395 -112.989
2 46 79.0828 -114.088
2 47 79.4195 -115.253
2 48 79.7493 -116.489
2 49 80.072 -117.799
2 50 80.3872 -119.19
2 51 80.6945 -120.667
2 52 80.9934 -122.237
2 53 81.2833 -123.904
2 54 81.5638 -125.677
2 55 81.834 -127.56
2 56 82.0934 -129.56
2 57 82.341 -131.683
2 58 82.5762 -133.933
2 59 82.7978 -136.315
2 60 83.0051 -138.831
2 61 83.197 -141.481
2 62 83.3724 -144.265
2 63 83.5305 -147.178
2 64 83.6702 -150.212
2 65 83.7906 -153.358
2 66 83.891 -156.6
2 67 83.9707 -159.922
2 68 84.0292 -163.303
2 69 84.0663 -166.719
2 70 84.0818 -170.146
2 71 84.076 -173.56
2 72 84.0494 -176.936
2 73 84.0025 179.75
2 74 83.9362 176.516
2 75 83.8514 173.382
2 76 83.7493 170.361
2 77 83.631 167.462
2 78 83.4978 164.694
2 79 83.3508 162.061
2 80 83.1914 159.563
2 81 83.0207 157.2
2 82 82.8397 154.969
2 83 82.6497 152.866
2 84 82.4515 150.886
2 85 82.2461 149.023
2 86 82.0344 147.272
2 87 81.8171 145.626
2 88 81.5949 144.079
2 89 81.3686 142.625
2 90 81.1386 141.257
2 91 80.9056 139.97
2 92 80.6699 138.759
2 93 80.4322 137.619
2 94 80.1927 136.544
2 95 79.9518 135.531
2 96 79.7099 134.575
2 97 79.4673 133.673
2 98 79.2243 132.82
2 99 78.9811 132.013
2 100 78.7379 131.25
2 101 78.4949 130.528
2 102 78.2524 129.844
2 103 78.0106 129.195
2 104 77.7696 128.58
2 105 77.5295 127.995
2 106 77.2905 127.441
2 107 77.0528 126.914
2 108 76.8164 126.413
2 109 76.5814 125.936
2 110 76.3481 125.483
2 111 76.1164 125.051
2 112 75.8865 124.64
2 113 75.6584 124.249
2 114 75.4323 123.876
2 115 75.2082 123.521
2 116 74.9861 123.182
2 117 74.7662 122.86
2 118 74.5485 122.552
2 119 74.3331 122.259
2 120 74.12 121.979
2 121 73.9093 121.713
2 122 73.7011 121.459
2 123 73.4953 121.217
2 124 73.292 120.986
2 125 73.0914 120.766
2 126 72.8933 120.557
2 127 72.6979 120.358
2 128 72.5051 120.169
2 129 72.3151 119.989
2 130 72.1279 119.818
2 131 71.9434 119.656
2 132 71.7617 119.502
2 133 71.583 119.356
2 134 71.407 119.218
2 135 71.234 119.087
2 136 71.064 118.964
2 137 70.8969 118.848
2 138 70.7327 118.739
2 139 70.5716 118.637
2 140 70.4135 118.541
2 141 70.2584 118.452
2 142 70.1064 118.369
2 143 69.9575 118.292
2 144 69.8117 118.221
2 145 69.669 118.156
2 146 69.5294 118.096
2 147 69.393 118.042
2 148 69.2597 117.994
2 149 69.1296 117.951
2 150 69.0027 117.913
2 151 68.8791 117.88
2 152 68.7586 117.853
2 153 68.6413 117.83
2 154 68.5273 117.813
2 155 68.4166 117.8
2 156 68.3091 117.793
2 157 68.2049 117.79
2 158 68.1039 117.792
2 159 68.0062 117.799
2 160 67.9119 117.81
2 161 67.8208 117.826
2 162 67.733 117.847
2 163 67.6486 117.872
2 164 67.5674 117.903
2 165 67.4896 117.937
2 166 67.4151 117.977
2 167 67.3439 118.021
2 168 67.2761 118.069
2 169 67.2116 118.122
2 170 67.1505 118.18
2 171 67.0926 118.243
2 172 67.0382 118.31
2 173 66.987 118.382
2 174 66.9393 118.458
2 175 66.8948 118.54
2 176 66.8537 118.626
2 177 66.816 118.717
2 178 66.7816 118.813
2 179 66.7506 118.914
2 180 66.7228 119.02
2 181 66.6985 119.13
2 182 66.6774 119.246
2 183 66.6597 119.368
2 184 66.6453 119.494
2 185 66.6343 119.626
2 186 66.6265 119.763
2 187 66.6221 119.906
2 188 66.621 120.054
2 189 66.6231 120.208
2 190 66.6286 120.368
2 191 66.6374 120.533
2 192 66.6494 120.705
2 193 66.6647 120.883
2 194 66.6832 121.067
2 195 66.705 121.257
2 196 66.73 121.454
2 197 66.7582 121.658
2 198 66.7896 121.869
2 199 66.8242 122.087
2 200 66.862 122.311
2 201 66.9029 122.544
2 202 66.947 122.784
2 203 66.9942 123.031
2 204 67.0445 123.287
2 205 67.0978 123.551
2 206 67.1542 123.823
2 207 67.2137 124.104
2 208 67.2761 124.393
2 209 67.3415 124.692
2 210 67.4098 125.001
2 211 67.4811 125.319
2 212 67.5552 125.647
2 213 67.6321 125.986
2 214 67.7119 126.335
2 215 67.7944 126.696
2 216 67.8796 127.068
2 217 67.9674 127.451
2 218 68.0579 127.847
2 219 68.1509 128.256
2 220 68.2464 128.677
2 221 68.3444 129.112
2 222 68.4447 129.561
2 223 68.5473 130.025
2 224 68.6521 130.503
2 225 68.759 130.998
3 1 63.8767 -92.7532
3 2 64.3536 -92.8867
3 3 64.7987 -93.0312
3 4 65.2241 -93.1841
3 5 65.6398 -93.3436
3 6 66.0492 -93.5094
3 7 66.4541 -93.6811
3 8 66.8556 -93.8588
3 9 67.2545 -94.0426
3 10 67.6511 -94.2326
3 11 68.0459 -94.4291
3 12 68.4389 -94.6323
3 13 68.8303 -94.8425
3 14 69.2203 -95.06
3 15 68.9196 -95.2318
3 16 69.3252 -95.4465
3 17 69.7242 -95.6693
3 18 70.1173 -95.9004
3 19 70.5051 -96.1399
3 20 70.8879 -96.3881
3 21 71.2661 -96.6451
3 22 71.6398 -96.9113
3 23 72.0092 -97.1869
3 24 72.3745 -97.4723
3 25 72.7357 -97.7677
3 26 73.0927 -98.0736
3 27 73.4457 -98.3904
3 28 73.7945 -98.7183
3 29 74.1392 -99.0579
3 30 74.4798 -99.4096
3 31 74.816 -99.7738
3 32 75.148 -100.151
3 33 75.4756 -100.542
3 34 75.7986 -100.946
3 35 76.1171 -101.365
3 36 76.431 -101.8
3 37 76.74 -102.249
3 38 77.0441 -102.715
3 39 77.3432 -103.198
3 40 77.6372 -103.697
3 41 77.926 -104.214
3 42 78.2094 -104.75
3 43 78.4873 -105.304
3 44 78.7596 -105.877
3 45 79.2535 -108.232
3 46 79.6218 -109.125
3 47 79.985 -110.079
3 48 80.3429 -111.101
3 49 80.6954 -112.195
3 50 81.0422 -113.37
3 51 81.3829 -114.634
3 52 81.7171 -115.994
3 53 82.0444 -117.46
3 54 82.3643 -119.045
3 55 82.6761 -120.758
3 56 82.9791 -122.612
3 57 83.2725 -124.622
3 58 83.5553 -126.802
3 59 83.8265 -129.166
3 60 84.0848 -131.73
3 61 84.3288 -134.508
3 62 84.557 -137.513
3 63 84.7679 -140.754
3 64 84.9595 -144.236
3 65 85.1302 -147.96
3 66 85.2779 -151.914
3 67 85.4011 -156.079
3 68 85.4982 -160.426
3 69 85.5678 -164.912
3 70 85.6092 -169.486
3 71 85.6221 -174.091
3 72 85.6067 -178.666
3 73 85.5637 176.845
3 74 85.4945 172.494
3 75 85.4007 168.324
3 76 85.2842 164.365
3 77 85.1471 160.636
3 78 84.9916 157.149
3 79 84.8196 153.904
3 80 84.6334 150.897
3 81 84.4345 148.118
3 82 84.2249 145.553
3 83 84.0059 143.19
3 84 83.779 141.012
3 85 83.5453 139.005
3 86 83.3059 137.155
3 87 83.0617 135.448
3 88 82.8136 133.871
3 89 82.5622 132.412
3 90 82.3082 131.061
3 91 82.0522 129.808
3 92 81.7946 128.644
3 93 81.5359 127.561
3 94 81.2764 126.553
3 95 81.0165 125.612
3 96 80.7565 124.733
3 97 80.4966 123.911
3 98 80.2371 123.14
3 99 79.9783 122.418
3 100 79.7203 121.74
3 101 79.4633 121.102
3 102 79.2074 120.502
3 103 78.9528 119.937
3 104 78.6997 119.404
3 105 78.4481 118.901
3 106 78.1982 118.425
3 107 77.95 117.976
3 108 77.7038 117.551
3 109 77.4595 117.148
3 110 77.2172 116.767
3 111 76.977 116.405
3 112 76.7391 116.062
3 113 76.5034 115.736
3 114 76.27 115.427
3 115 76.039 115.134
3 116 75.8105 114.855
3 117 75.5844 114.59
3 118 75.3608 114.338
3 119 75.1399 114.099
3 120 74.9216 113.872
3 121 74.7059 113.655
3 122 74.493 113.45
3 123 74.2828 113.254
3 124 74.0753 113.069
3 125 73.8708 112.892
3 126 73.669 112.725
3 127 73.4702 112.565
3 128 73.2742 112.415
3 129 73.0812 112.271
3 130 72.8912 112.136
3 131 72.7042 112.007
3 132 72.5201 111.886
3 133 72.3392 111.771
3 134 72.1613 111.663
3 135 71.9865 111.561
3 136 71.8148 111.465
3 137 71.6462 111.375
3 138 71.4808 111.29
3 139 71.3186 111.211
3 140 71.1596 111.138
3 141 71.0037 111.069
3 142 70.8511 111.006
3 143 70.7018 110.948
3 144 70.5557 110.894
3 145 70.4129 110.845
3 146 70.2733 110.801
3 147 70.1371 110.762
3 148 70.0042 110.726
3 149 69.8746 110.696
3 150 69.7483 110.669
3 151 69.6254 110.647
3 152 69.5059 110.628
3 153 69.3897 110.614
3 154 69.2769 110.604
3 155 69.1676 110.598
3 156 69.0616 110.596
3 157 68.959 110.598
3 158 68.8599 110.603
3 159 68.7642 110.613
3 160 68.6719 110.626
3 161 68.5831 110.643
3 162 68.4977 110.664
3 163 68.4158 110.689
3 164 68.3374 110.717
3 165 68.2625 110.749
3 166 68.191 110.785
3 167 68.123 110.825
3 168 68.0585 110.868
3 169 67.9975 110.915
3 170 67.94 110.966
3 171 67.886 111.021
3 172 67.8355 111.08
3 173 67.7885 111.142
3 174 67.7451 111.208
3 175 67.7052 111.278
3 176 67.6688 111.352
3 177 67.6359 111.43
3 178 67.6065 111.513
3 179 67.5807 111.599
3 180 67.5584 111.689
3 181 67.5397 111.783
3 182 67.5244 111.882
3 183 67.5128 111.985
3 184 67.5046 112.092
3 185 67.5 112.204
3 186 67.4989 112.32
3 187 67.5014 112.441
3 188 67.5074 112.567
3 189 67.5169 112.697
3 190 67.53 112.832
3 191 67.5466 112.972
3 192 67.5667 113.117
3 193 67.5904 113.267
3 194 67.6176 113.423
3 195 67.6483 113.584
3 196 67.6825 113.751
3 197 67.7202 113.923
3 198 67.7615 114.101
3 199 67.8062 114.286
3 200 67.8545 114.476
3 201 67.9062 114.673
3 202 67.9614 114.876
3 203 68.0201 115.086
3 204 68.0822 115.303
3 205 68.1479 115.527
3 206 68.2169 115.758
3 207 68.2894 115.997
3 208 68.3653 116.244
3 209 68.4446 116.499
3 210 68.5273 116.762
3 211 68.6134 117.034
3 212 68.7028 117.315
3 213 68.7956 117.605
3 214 68.8917 117.904
3 215 68.9912 118.214
3 216 69.0938 118.534
3 217 69.1998 118.864
3 218 69.3089 119.206
3 219 69.4213 119.559
3 220 69.5368 119.924
3 221 69.6554 120.302
3 222 69.7771 120.692
3 223 69.9018 121.096
3 224 70.0295 121.515
3 225 70.1602 121.947
4 1 63.895 -92.5496
4 2 64.376 -92.628
4 3 64.8206 -92.7168
4 4 65.2489 -92.8118
4 5 65.6677 -92.9117
4 6 66.0804 -93.0161
4 7 66.4888 -93.1246
4 8 66.894 -93.2372
4 9 67.2967 -93.3538
4 10 67.6973 -93.4747
4 11 68.0962 -93.5997
4 12 68.4935 -93.7292
4 13 68.8893 -93.8634
4 14 69.2839 -94.0023
4 15 68.9928 -94.1593
4 16 69.4026 -94.2946
4 17 69.806 -94.4357
4 18 70.2038 -94.5826
4 19 70.5965 -94.7353
4 20 70.9845 -94.8939
4 21 71.368 -95.0586
4 22 71.7474 -95.2296
4 23 72.1227 -95.407
4 24 72.494 -95.591
4 25 72.8615 -95.782
4 26 73.2251 -95.9801
4 27 73.5848 -96.1857
4 28 73.9408 -96.3989
4 29 74.2929 -96.6202
4 30 74.641 -96.8498
4 31 74.9853 -97.0881
4 32 75.3255 -97.3355
4 33 75.6616 -97.5923
4 34 75.9935 -97.8589
4 35 76.3213 -98.1358
4 36 76.6446 -98.4233
4 37 76.9636 -98.722
4 38 77.278 -99.0322
4 39 77.5879 -99.3545
4 40 77.893 -99.6893
4 41 78.1933 -100.037
4 42 78.4886 -100.399
4 43 78.779 -100.774
4 44 79.0642 -101.165
4 45 79.63 -102.937
4 46 80.0179 -103.555
4 47 80.4021 -104.221
4 48 80.7825 -104.939
4 49 81.1592 -105.715
4 50 81.5319 -106.557
4 51 81.9005 -107.472
4 52 82.2648 -108.47
4 53 82.6246 -109.561
4 54 82.9795 -110.758
4 55 83.3291 -112.077
4 56 83.6729 -113.533
4 57 84.0104 -115.149
4 58 84.3408 -116.947
4 59 84.6632 -118.956
4 60 84.9766 -121.209
4 61 85.2796 -123.745
4 62 85.5705 -126.608
4 63 85.8473 -129.847
4 64 86.1076 -133.516
4 65 86.3483 -137.667
4 66 86.5661 -142.351
4 67 86.7569 -147.599
4 68 86.9163 -153.415
4 69 87.0401 -159.754
4 70 87.1243 -166.517
4 71 87.1661 -173.542
4 72 87.1645 179.373
4 73 87.1202 172.443
4 74 87.0359 165.855
4 75 86.9156 159.743
4 76 86.7639 154.182
4 77 86.5856 149.192
4 78 86.3854 144.754
4 79 86.1672 140.829
4 80 85.9344 137.364
4 81 85.69 134.304
4 82 85.4364 131.599
4 83 85.1753 129.2
4 84 84.9085 127.066
4 85 84.6373 125.161
4 86 84.3626 123.455
4 87 84.0854 121.921
4 88 83.8064 120.536
4 89 83.5262 119.282
4 90 83.2453 118.142
4 91 82.9642 117.103
4 92 82.6831 116.152
4 93 82.4024 115.281
4 94 82.1224 114.479
4 95 81.8433 113.74
4 96 81.5654 113.057
4 97 81.2887 112.424
4 98 81.0134 111.837
4 99 80.7398 111.291
4 100 80.4678 110.783
4 101 80.1977 110.308
4 102 79.9295 109.864
4 103 79.6633 109.448
4 104 79.3993 109.059
4 105 79.1374 108.693
4 106 78.8778 108.35
4 107 78.6205 108.026
4 108 78.3656 107.722
4 109 78.1131 107.435
4 110 77.8631 107.164
4 111 77.6157 106.909
4 112 77.3708 106.667
4 113 77.1286 106.439
4 114 76.8891 106.223
4 115 76.6523 106.019
4 116 76.4183 105.826
4 117 76.187 105.643
4 118 75.9586 105.469
4 119 75.733 105.305
4 120 75.5104 105.149
4 121 75.2906 105.002
4 122 75.0738 104.862
4 123 74.86 104.73
4 124 74.6492 104.605
4 125 74.4414 104.487
4 126 74.2367 104.374
4 127 74.035 104.268
4 128 73.8365 104.168
4 129 73.6411 104.074
4 130 73.4488 103.984
4 131 73.2597 103.9
4 132 73.0738 103.821
4 133 72.8911 103.747
4 134 72.7116 103.677
4 135 72.5354 103.612
4 136 72.3624 103.551
4 137 72.1927 103.494
4 138 72.0263 103.441
4 139 71.8632 103.392
4 140 71.7034 103.347
4 141 71.547 103.306
4 142 71.3939 103.268
4 143 71.2442 103.234
4 144 71.0979 103.203
4 145 70.955 103.175
4 146 70.8155 103.151
4 147 70.6794 103.13
4 148 70.5467 103.112
4 149 70.4175 103.097
4 150 70.2918 103.085
4 151 70.1695 103.076
4 152 70.0507 103.071
4 153 69.9354 103.068
4 154 69.8236 103.068
4 155 69.7153 103.07
4 156 69.6106 103.076
4 157 69.5093 103.084
4 158 69.4116 103.096
4 159 69.3175 103.11
4 160 69.2269 103.126
4 161 69.1398 103.146
4 162 69.0564 103.168
4 163 68.9765 103.193
4 164 68.9002 103.22
4 165 68.8275 103.251
4 166 68.7584 103.284
4 167 68.6929 103.319
4 168 68.6311 103.358
4 169 68.5728 103.399
4 170 68.5182 103.443
4 171 68.4672 103.49
4 172 68.4199 103.539
4 173 68.3762 103.592
4 174 68.3362 103.647
4 175 68.2998 103.705
4 176 68.2671 103.766
4 177 68.2381 103.83
4 178 68.2127 103.897
4 179 68.191 103.967
4 180 68.173 104.04
4 181 68.1587 104.116
4 182 68.1481 104.195
4 183 68.1412 104.278
4 184 68.138 104.364
4 185 68.1385 104.453
4 186 68.1427 104.545
4 187 68.1507 104.641
4 188 68.1623 104.741
4 189 68.1777 104.844
4 190 68.1968 104.951
4 191 68.2197 105.061
4 192 68.2463 105.176
4 193 68.2766 105.294
4 194 68.3107 105.417
4 195 68.3485 105.544
4 196 68.3901 105.675
4 197 68.4354 105.81
4 198 68.4845 105.95
4 199 68.5374 106.095
4 200 68.594 106.245
4 201 68.6544 106.399
4 202 68.7185 106.559
4 203 68.7865 106.724
4 204 68.8582 106.894
4 205 68.9337 107.07
4 206 69.0129 107.252
4 207 69.096 107.439
4 208 69.1828 107.633
4 209 69.2734 107.834
4 210 69.3678 108.041
4 211 69.466 108.255
4 212 69.5679 108.477
4 213 69.6736 108.706
4 214 69.7831 108.942
4 215 69.8964 109.187
4 216 70.0135 109.44
4 217 70.1343 109.702
4 218 70.2589 109.974
4 219 70.3872 110.255
4 220 70.5193 110.545
4 221 70.6551 110.847
4 222 70.7946 111.159
4 223 70.9379 111.482
4 224 71.0848 111.818
4 225 71.2354 112.166
5 1 63.9062 -92.345
5 2 64.3877 -92.3682
5 3 64.8334 -92.4002
5 4 65.2632 -92.4368
5 5 65.6836 -92.4765
5 6 66.0981 -92.5188
5 7 66.5085 -92.5634
5 8 66.9157 -92.61
5 9 67.3205 -92.6587
5 10 67.7233 -92.7093
5 11 68.1244 -92.7619
5 12 68.5241 -92.8165
5 13 68.9224 -92.8732
5 14 69.3195 -92.932
5 15 69.0353 -93.0735
5 16 69.4473 -93.1279
5 17 69.8532 -93.1854
5 18 70.2535 -93.246
5 19 70.649 -93.3096
5 20 71.0398 -93.3763
5 21 71.4263 -93.4459
5 22 71.8088 -93.5187
5 23 72.1874 -93.5947
5 24 72.5621 -93.6739
5 25 72.9331 -93.7564
5 26 73.3004 -93.8423
5 27 73.6641 -93.9318
5 28 74.0241 -94.025
5 29 74.3803 -94.1221
5 30 74.7329 -94.2231
5 31 75.0816 -94.3283
5 32 75.4265 -94.4379
5 33 75.7676 -94.552
5 34 76.1047 -94.6708
5 35 76.4377 -94.7946
5 36 76.7667 -94.9236
5 37 77.0914 -95.0581
5 38 77.4119 -95.1982
5 39 77.728 -95.3443
5 40 78.0397 -95.4966
5 41 78.3468 -95.6555
5 42 78.6492 -95.8212
5 43 78.9469 -95.9941
5 44 79.2398 -96.1746
5 45 79.8539 -97.2423
5 46 80.2537 -97.5284
5 47 80.6509 -97.8383
5 48 81.0454 -98.1749
5 49 81.4372 -98.5416
5 50 81.8265 -98.9423
5 51 82.2131 -99.3818
5 52 82.5972 -99.8657
5 53 82.9786 -100.401
5 54 83.3573 -100.995
5 55 83.7332 -101.659
5 56 84.1062 -102.404
5 57 84.4762 -103.247
5 58 84.8429 -104.207
5 59 85.206 -105.308
5 60 85.5652 -106.584
5 61 85.92 -108.077
5 62 86.2696 -109.845
5 63 86.6131 -111.965
5 64 86.9492 -114.546
5 65 87.2758 -117.74
5 66 87.5899 -121.766
5 67 87.887 -126.933
5 68 88.16 -133.674
5 69 88.3978 -142.532
5 70 88.584 -154.012
5 71 88.698 -168.11
5 72 88.722 176.325
5 73 88.6527 161.386
5 74 88.5045 148.737
5 75 88.2991 138.81
5 76 88.0557 131.239
5 77 87.7878 125.464
5 78 87.5041 120.998
5 79 87.2102 117.483
5 80 86.9099 114.664
5 81 86.6053 112.366
5 82 86.2983 110.461
5 83 85.9899 108.862
5 84 85.681 107.502
5 85 85.3722 106.334
5 86 85.0639 105.321
5 87 84.7566 104.434
5 88 84.4504 103.653
5 89 84.1455 102.959
5 90 83.8423 102.341
5 91 83.5408 101.785
5 92 83.2412 101.285
5 93 82.9436 100.832
5 94 82.648 100.419
5 95 82.3545 100.043
5 96 82.0633 99.6991
5 97 81.7744 99.383
5 98 81.4879 99.092
5 99 81.2037 98.8234
5 100 80.922 98.5749
5 101 80.6428 98.3445
5 102 80.3661 98.1305
5 103 80.0921 97.9315
5 104 79.8206 97.746
5 105 79.5519 97.5729
5 106 79.2858 97.4112
5 107 79.0224 97.2599
5 108 78.7618 97.1182
5 109 78.504 96.9854
5 110 78.249 96.8609
5 111 77.9969 96.7439
5 112 77.7477 96.6341
5 113 77.5013 96.5309
5 114 77.2579 96.434
5 115 77.0174 96.3428
5 116 76.7799 96.257
5 117 76.5455 96.1764
5 118 76.314 96.1005
5 119 76.0856 96.0292
5 120 75.8603 95.9622
5 121 75.638 95.8993
5 122 75.4189 95.8402
5 123 75.2029 95.7848
5 124 74.99 95.7329
5 125 74.7803 95.6843
5 126 74.5739 95.6389
5 127 74.3706 95.5965
5 128 74.1705 95.557
5 129 73.9737 95.5203
5 130 73.7802 95.4863
5 131 73.5899 95.4548
5 132 73.4029 95.4258
5 133 73.2193 95.3993
5 134 73.0389 95.375
5 135 72.8619 95.353
5 136 72.6883 95.3331
5 137 72.518 95.3154
5 138 72.3512 95.2997
5 139 72.1877 95.286
5 140 72.0276 95.2742
5 141 71.871 95.2644
5 142 71.7178 95.2563
5 143 71.5681 95.2501
5 144 71.4218 95.2457
5 145 71.279 95.243
5 146 71.1397 95.2421
5 147 71.0039 95.2428
5 148 70.8716 95.2452
5 149 70.7428 95.2492
5 150 70.6176 95.2548
5 151 70.4959 95.2621
5 152 70.3778 95.2709
5 153 70.2632 95.2813
5 154 70.1523 95.2933
5 155 70.0449 95.3068
5 156 69.9411 95.3219
5 157 69.8409 95.3384
5 158 69.7443 95.3566
5 159 69.6514 95.3762
5 160 69.562 95.3974
5 161 69.4764 95.4202
5 162 69.3943 95.4444
5 163 69.316 95.4702
5 164 69.2413 95.4976
5 165 69.1703 95.5265
5 166 69.1029 95.5569
5 167 69.0393 95.589
5 168 68.9794 95.6226
5 169 68.9231 95.6578
5 170 68.8706 95.6947
5 171 68.8218 95.7332
5 172 68.7768 95.7733
5 173 68.7354 95.8151
5 174 68.6979 95.8586
5 175 68.6641 95.9039
5 176 68.634 95.9508
5 177 68.6077 95.9996
5 178 68.5852 96.0502
5 179 68.5665 96.1026
5 180 68.5515 96.1569
5 181 68.5404 96.213
5 182 68.5331 96.2712
5 183 68.5296 96.3313
5 184 68.5299 96.3935
5 185 68.534 96.4577
5 186 68.542 96.5241
5 187 68.5538 96.5927
5 188 68.5695 96.6634
5 189 68.5891 96.7365
5 190 68.6125 96.8119
5 191 68.6398 96.8898
5 192 68.6709 96.9701
5 193 68.706 97.0529
5 194 68.745 97.1384
5 195 68.7879 97.2266
5 196 68.8347 97.3175
5 197 68.8854 97.4113
5 198 68.9401 97.5081
5 199 68.9988 97.6079
5 200 69.0614 97.7109
5 201 69.1279 97.8171
5 202 69.1985 97.9267
5 203 69.273 98.0398
5 204 69.3516 98.1565
5 205 69.4341 98.2769
5 206 69.5207 98.4012
5 207 69.6113 98.5296
5 208 69.706 98.6621
5 209 69.8047 98.799
5 210 69.9075 98.9404
5 211 70.0144 99.0865
5 212 70.1254 99.2375
5 213 70.2404 99.3936
5 214 70.3596 99.555
5 215 70.483 99.722
5 216 70.6105 99.8949
5 217 70.7421 100.074
5 218 70.878 100.259
5 219 71.018 100.451
5 220 71.1622 100.65
5 221 71.3107 100.856
5 222 71.4634 101.07
5 223 71.6203 101.292
5 224 71.7815 101.522
5 225 71.947 101.762
6 1 63.9105 -92.14
6 2 64.3914 -92.1079
6 3 64.8371 -92.0828
6 4 65.2669 -92.0606
6 5 65.6876 -92.0399
6 6 66.1024 -92.0199
6 7 66.513 -92.0002
6 8 66.9206 -91.9806
6 9 67.3257 -91.9608
6 10 67.7289 -91.9408
6 11 68.1304 -91.9204
6 12 68.5305 -91.8996
6 13 68.9293 -91.8782
6 14 69.3269 -91.8563
6 15 69.047 -91.982
6 16 69.4593 -91.9547
6 17 69.8655 -91.9278
6 18 70.2663 -91.9012
6 19 70.6621 -91.8748
6 20 71.0534 -91.8484
6 21 71.4405 -91.8219
6 22 71.8236 -91.7951
6 23 72.2027 -91.7681
6 24 72.5782 -91.7408
6 25 72.9499 -91.7131
6 26 73.318 -91.6849
6 27 73.6824 -91.6562
6 28 74.0432 -91.6269
6 29 74.4004 -91.5971
6 30 74.7538 -91.5666
6 31 75.1036 -91.5354
6 32 75.4495 -91.5035
6 33 75.7916 -91.4708
6 34 76.1299 -91.4374
6 35 76.4641 -91.4031
6 36 76.7943 -91.3681
6 37 77.1204 -91.3321
6 38 77.4422 -91.2953
6 39 77.7598 -91.2576
6 40 78.073 -91.2189
6 41 78.3817 -91.1793
6 42 78.6859 -91.1388
6 43 78.9854 -91.0973
6 44 79.2801 -91.0549
6 45 79.9152 -91.3474
6 46 80.3179 -91.2714
6 47 80.7181 -91.1904
6 48 81.1159 -91.1036
6 49 81.5114 -91.0103
6 50 81.9047 -90.9095
6 51 82.2958 -90.7999
6 52 82.6848 -90.6804
6 53 83.0718 -90.5492
6 54 83.4566 -90.4044
6 55 83.8395 -90.2434
6 56 84.2203 -90.0632
6 57 84.5991 -89.8598
6 58 84.9759 -89.6283
6 59 85.3507 -89.3619
6 60 85.7234 -89.0519
6 61 86.0941 -88.6862
6 62 86.4628 -88.248
6 63 86.8292 -87.7126
6 64 87.1934 -87.0432
6 65 87.5553 -86.1817
6 66 87.9144 -85.031
6 67 88.2705 -83.4159
6 68 88.6226 -80.987
6 69 88.9687 -76.939
6 70 89.3027 -68.9754
6 71 89.599 -48.2377
6 72 89.7117 10.1132
6 73 89.5011 52.9807
6 74 89.1914 66.9389
6 75 88.8626 72.9799
6 76 88.5289 76.2792
6 77 88.1943 78.3467
6 78 87.8602 79.7612
6 79 87.5273 80.7895
6 80 87.1959 81.571
6 81 86.8664 82.1851
6 82 86.5388 82.6808
6 83 86.2133 83.0896
6 84 85.8899 83.4327
6 85 85.5686 83.725
6 86 85.2496 83.9772
6 87 84.9329 84.1972
6 88 84.6185 84.391
6 89 84.3065 84.5631
6 90 83.9968 84.7172
6 91 83.6896 84.856
6 92 83.3848 84.9818
6 93 83.0825 85.0965
6 94 82.7827 85.2016
6 95 82.4855 85.2983
6 96 82.1908 85.3877
6 97 81.8987 85.4707
6 98 81.6093 85.548
6 99 81.3225 85.6202
6 100 81.0383 85.688
6 101 80.7569 85.7517
6 102 80.4782 85.8118
6 103 80.2022 85.8687
6 104 79.929 85.9226
6 105 79.6586 85.9739
6 106 79.391 86.0227
6 107 79.1263 86.0694
6 108 78.8645 86.114
6 109 78.6055 86.1568
6 110 78.3494 86.198
6 111 78.0963 86.2376
6 112 77.8461 86.2758
6 113 77.599 86.3127
6 114 77.3548 86.3484
6 115 77.1136 86.3831
6 116 76.8755 86.4167
6 117 76.6404 86.4494
6 118 76.4084 86.4813
6 119 76.1796 86.5123
6 120 75.9538 86.5427
6 121 75.7312 86.5723
6 122 75.5117 86.6014
6 123 75.2955 86.6299
6 124 75.0824 86.6578
6 125 74.8725 86.6853
6 126 74.6659 86.7124
6 127 74.4625 86.739
6 128 74.2623 86.7653
6 129 74.0655 86.7912
6 130 73.8719 86.8169
6 131 73.6817 86.8422
6 132 73.4948 86.8674
6 133 73.3112 86.8923
6 134 73.131 86.917
6 135 72.9542 86.9415
6 136 72.7808 86.9659
6 137 72.6107 86.9902
6 138 72.4441 87.0144
6 139 72.2809 87.0384
6 140 72.1212 87.0625
6 141 71.9649 87.0864
6 142 71.8121 87.1104
6 143 71.6627 87.1343
6 144 71.5169 87.1582
6 145 71.3746 87.1822
6 146 71.2358 87.2062
6 147 71.1005 87.2303
6 148 70.9687 87.2544
6 149 70.8406 87.2786
6 150 70.7159 87.3029
6 151 70.5949 87.3274
6 152 70.4774 87.3519
6 153 70.3636 87.3766
6 154 70.2533 87.4015
6 155 70.1467 87.4266
6 156 70.0437 87.4518
6 157 69.9443 87.4772
6 158 69.8486 87.5029
6 159 69.7566 87.5288
6 160 69.6682 87.5549
6 161 69.5835 87.5813
6 162 69.5024 87.608
6 163 69.4251 87.635
6 164 69.3515 87.6623
6 165 69.2815 87.6899
6 166 69.2153 87.7178
6 167 69.1529 87.7461
6 168 69.0941 87.7748
6 169 69.0392 87.8038
6 170 68.9879 87.8333
6 171 68.9405 87.8632
6 172 68.8968 87.8935
6 173 68.8569 87.9243
6 174 68.8208 87.9555
6 175 68.7885 87.9873
6 176 68.76 88.0195
6 177 68.7353 88.0523
6 178 68.7145 88.0857
6 179 68.6974 88.1196
6 180 68.6843 88.1542
6 181 68.675 88.1893
6 182 68.6695 88.2251
6 183 68.6679 88.2616
6 184 68.6702 88.2988
6 185 68.6764 88.3366
6 186 68.6865 88.3753
6 187 68.7005 88.4147
6 188 68.7184 88.4549
6 189 68.7403 88.496
6 190 68.7661 88.5379
6 191 68.7959 88.5808
6 192 68.8296 88.6246
6 193 68.8673 88.6693
6 194 68.909 88.7151
6 195 68.9547 88.7619
6 196 69.0044 88.8098
6 197 69.0581 88.8589
6 198 69.1159 88.9091
6 199 69.1777 88.9606
6 200 69.2436 89.0133
6 201 69.3135 89.0674
6 202 69.3876 89.1229
6 203 69.4658 89.1798
6 204 69.5481 89.2382
6 205 69.6345 89.2982
6 206 69.7251 89.3599
6 207 69.8199 89.4232
6 208 69.9189 89.4884
6 209 70.0221 89.5554
6 210 70.1295 89.6243
6 211 70.2412 89.6953
6 212 70.3572 89.7685
6 213 70.4775 89.8439
6 214 70.6021 89.9216
6 215 70.731 90.0018
6 216 70.8643 90.0845
6 217 71.002 90.17
6 218 71.1441 90.2583
6 219 71.2907 90.3496
6 220 71.4417 90.4441
6 221 71.5973 90.5418
6 222 71.7574 90.6431
6 223 71.922 90.7481
6 224 72.0913 90.8569
6 225 72.2651 90.9699
7 1 63.908 -91.9356
7 2 64.3874 -91.848
7 3 64.8317 -91.7659
7 4 65.2602 -91.6851
7 5 65.6796 -91.6039
7 6 66.0931 -91.5217
7 7 66.5024 -91.4378
7 8 66.9086 -91.352
7 9 67.3124 -91.2639
7 10 67.7142 -91.1734
7 11 68.1142 -91.0802
7 12 68.5128 -90.9841
7 13 68.9101 -90.885
7 14 69.3061 -90.7825
7 15 69.0279 -90.8925
7 16 69.4385 -90.7836
7 17 69.8429 -90.6726
7 18 70.2419 -90.5591
7 19 70.6359 -90.4429
7 20 71.0254 -90.3237
7 21 71.4105 -90.2013
7 22 71.7916 -90.0755
7 23 72.1688 -89.946
7 24 72.5421 -89.8126
7 25 72.9116 -89.6752
7 26 73.2775 -89.5334
7 27 73.6396 -89.3871
7 28 73.9981 -89.2361
7 29 74.3528 -89.0801
7 30 74.7037 -88.9189
7 31 75.0508 -88.7523
7 32 75.3941 -88.58
7 33 75.7334 -88.4018
7 34 76.0687 -88.2174
7 35 76.3999 -88.0265
7 36 76.727 -87.8289
7 37 77.0499 -87.6243
7 38 77.3684 -87.4124
7 39 77.6825 -87.193
7 40 77.9921 -86.9657
7 41 78.2971 -86.7302
7 42 78.5975 -86.4862
7 43 78.893 -86.2335
7 44 79.1836 -85.9716
7 45 79.8114 -85.4886
7 46 80.2073 -85.0568
7 47 80.6001 -84.5923
7 48 80.99 -84.0911
7 49 81.3769 -83.5486
7 50 81.7609 -82.9593
7 51 82.1418 -82.3168
7 52 82.5197 -81.6137
7 53 82.8943 -80.8411
7 54 83.2656 -79.9881
7 55 83.6333 -79.0417
7 56 83.9972 -77.9863
7 57 84.357 -76.8025
7 58 84.7123 -75.4663
7 59 85.0626 -73.9477
7 60 85.4071 -72.2093
7 61 85.7451 -70.2033
7 62 86.0752 -67.8689
7 63 86.3961 -65.1278
7 64 86.7056 -61.8799
7 65 87.0008 -57.9981
7 66 87.278 -53.3246
7 67 87.5318 -47.6746
7 68 87.7553 -40.8568
7 69 87.9395 -32.7281
7 70 88.0743 -23.2954
7 71 88.15 -12.8386
7 72 88.1604 -1.95035
7 73 88.1056 8.61733
7 74 87.9919 18.2324
7 75 87.8297 26.5657
7 76 87.6297 33.576
7 77 87.4015 39.3912
7 78 87.1526 44.2
7 79 86.8887 48.19
7 80 86.6141 51.5237
7 81 86.3316 54.3329
7 82 86.0436 56.7213
7 83 85.7517 58.7702
7 84 85.4572 60.5429
7 85 85.1611 62.0888
7 86 84.8641 63.4469
7 87 84.5667 64.6482
7 88 84.2694 65.7173
7 89 83.9727 66.6744
7 90 83.6768 67.5355
7 91 83.382 68.3141
7 92 83.0885 69.0213
7 93 82.7965 69.6661
7 94 82.5061 70.2563
7 95 82.2174 70.7984
7 96 81.9307 71.298
7 97 81.6459 71.7597
7 98 81.3632 72.1876
7 99 81.0827 72.5852
7 100 80.8044 72.9556
7 101 80.5284 73.3014
7 102 80.2548 73.625
7 103 79.9837 73.9283
7 104 79.715 74.2131
7 105 79.4488 74.4811
7 106 79.1852 74.7337
7 107 78.9243 74.9721
7 108 78.666 75.1975
7 109 78.4104 75.4108
7 110 78.1575 75.6131
7 111 77.9074 75.805
7 112 77.6601 75.9873
7 113 77.4157 76.1608
7 114 77.1741 76.326
7 115 76.9354 76.4834
7 116 76.6997 76.6337
7 117 76.4669 76.7772
7 118 76.2371 76.9143
7 119 76.0103 77.0455
7 120 75.7865 77.1711
7 121 75.5658 77.2915
7 122 75.3482 77.4068
7 123 75.1337 77.5176
7 124 74.9223 77.6238
7 125 74.714 77.726
7 126 74.509 77.8241
7 127 74.3071 77.9185
7 128 74.1084 78.0093
7 129 73.9129 78.0968
7 130 73.7207 78.181
7 131 73.5318 78.2622
7 132 73.3462 78.3405
7 133 73.1638 78.416
7 134 72.9848 78.4888
7 135 72.8091 78.5591
7 136 72.6367 78.627
7 137 72.4678 78.6925
7 138 72.3022 78.7559
7 139 72.14 78.8171
7 140 71.9812 78.8763
7 141 71.8259 78.9335
7 142 71.674 78.9888
7 143 71.5255 79.0423
7 144 71.3805 79.0941
7 145 71.239 79.1442
7 146 71.101 79.1927
7 147 70.9666 79.2396
7 148 70.8356 79.2851
7 149 70.7082 79.3291
7 150 70.5843 79.3717
7 151 70.4639 79.4129
7 152 70.3472 79.4528
7 153 70.234 79.4915
7 154 70.1244 79.5289
7 155 70.0184 79.5652
7 156 69.916 79.6003
7 157 69.8173 79.6342
7 158 69.7222 79.6671
7 159 69.6307 79.6989
7 160 69.5429 79.7297
7 161 69.4587 79.7595
7 162 69.3782 79.7884
7 163 69.3014 79.8162
7 164 69.2283 79.8432
7 165 69.1589 79.8692
7 166 69.0932 79.8944
7 167 69.0313 79.9187
7 168 68.973 79.9421
7 169 68.9185 79.9648
7 170 68.8678 79.9866
7 171 68.8208 80.0076
7 172 68.7776 80.0279
7 173 68.7382 80.0474
7 174 68.7025 80.0661
7 175 68.6706 80.0841
7 176 68.6426 80.1014
7 177 68.6183 80.118
7 178 68.5979 80.1339
7 179 68.5813 80.149
7 180 68.5686 80.1635
7 181 68.5597 80.1774
7 182 68.5546 80.1905
7 183 68.5535 80.203
7 184 68.5562 80.2149
7 185 68.5628 80.2261
7 186 68.5733 80.2366
7 187 68.5878 80.2465
7 188 68.6061 80.2558
7 189 68.6284 80.2645
7 190 68.6546 80.2725
7 191 68.6848 80.2799
7 192 68.719 80.2867
7 193 68.7571 80.2928
7 194 68.7992 80.2984
7 195 68.8454 80.3033
7 196 68.8955 80.3076
7 197 68.9497 80.3112
7 198 69.0079 80.3142
7 199 69.0702 80.3166
7 200 69.1366 80.3184
7 201 69.2071 80.3195
7 202 69.2816 80.32
7 203 69.3603 80.3198
7 204 69.4432 80.3189
7 205 69.5302 80.3174
7 206 69.6213 80.3152
7 207 69.7167 80.3123
7 208 69.8163 80.3087
7 209 69.9201 80.3044
7 210 70.0282 80.2994
7 211 70.1406 80.2936
7 212 70.2572 80.2871
7 213 70.3782 80.2798
7 214 70.5035 80.2717
7 215 70.6333 80.2628
7 216 70.7674 80.253
7 217 70.9059 80.2423
7 218 71.0489 80.2308
7 219 71.1964 80.2184
7 220 71.3484 80.205
7 221 71.505 80.1906
7 222 71.6661 80.1752
7 223 71.8319 80.1587
7 224 72.0023 80.1411
7 225 72.1775 80.1224
8 1 63.8987 -91.7324
8 2 64.3755 -91.5896
8 3 64.8172 -91.4508
8 4 65.2431 -91.3117
8 5 65.6598 -91.1705
8 6 66.0704 -91.0264
8 7 66.4768 -90.8789
8 8 66.8799 -90.7275
8 9 67.2806 -90.5718
8 10 67.6792 -90.4114
8 11 68.0759 -90.2462
8 12 68.4711 -90.0757
8 13 68.8648 -89.8997
8 14 69.2571 -89.7179
8 15 68.9783 -89.8125
8 16 69.3851 -89.6232
8 17 69.7857 -89.4293
8 18 70.1808 -89.2303
8 19 70.5707 -89.0259
8 20 70.9559 -88.8156
8 21 71.3367 -88.5993
8 22 71.7133 -88.3764
8 23 72.0858 -88.1467
8 24 72.4543 -87.9098
8 25 72.8189 -87.6654
8 26 73.1796 -87.4132
8 27 73.5364 -87.1528
8 28 73.8893 -86.8838
8 29 74.2383 -86.6058
8 30 74.5833 -86.3186
8 31 74.9243 -86.0216
8 32 75.2612 -85.7145
8 33 75.594 -85.3969
8 34 75.9225 -85.0684
8 35 76.2467 -84.7286
8 36 76.5665 -84.3769
8 37 76.8818 -84.013
8 38 77.1925 -83.6365
8 39 77.4984 -83.2468
8 40 77.7996 -82.8435
8 41 78.0959 -82.4262
8 42 78.3871 -81.9944
8 43 78.6733 -81.5476
8 44 78.9542 -81.0855
8 45 79.548 -79.8956
8 46 79.9282 -79.1484
8 47 80.3043 -78.3481
8 48 80.6762 -77.4891
8 49 81.0438 -76.5648
8 50 81.4068 -75.568
8 51 81.765 -74.4902
8 52 82.1182 -73.3218
8 53 82.466 -72.0519
8 54 82.808 -70.668
8 55 83.1437 -69.1556
8 56 83.4724 -67.4983
8 57 83.7936 -65.6773
8 58 84.1062 -63.6712
8 59 84.4093 -61.456
8 60 84.7017 -59.0049
8 61 84.9819 -56.2885
8 62 85.2482 -53.2755
8 63 85.4986 -49.9343
8 64 85.7309 -46.2349
8 65 85.9423 -42.1525
8 66 86.1301 -37.6726
8 67 86.2912 -32.7972
8 68 86.4225 -27.5514
8 69 86.5214 -21.9886
8 70 86.5855 -16.1922
8 71 86.6136 -10.2712
8 72 86.6054 -4.34981
8 73 86.5617 1.4479
8 74 86.4845 7.0126
8 75 86.3765 12.2606
8 76 86.241 17.138
8 77 86.0813 21.6196
8 78 85.9009 25.7031
8 79 85.7028 29.4029
8 80 85.4899 32.7436
8 81 85.2647 35.7552
8 82 85.0292 38.4693
8 83 84.7854 40.9173
8 84 84.5347 43.1284
8 85 84.2785 45.1296
8 86 84.0179 46.9449
8 87 83.7538 48.5956
8 88 83.4869 50.1007
8 89 83.2181 51.4765
8 90 82.9477 52.7375
8 91 82.6764 53.8961
8 92 82.4046 54.9635
8 93 82.1326 55.9491
8 94 81.8608 56.8613
8 95 81.5893 57.7075
8 96 81.3186 58.4941
8 97 81.0487 59.2268
8 98 80.7799 59.9106
8 99 80.5124 60.5499
8 100 80.2463 61.1488
8 101 79.9817 61.7106
8 102 79.7188 62.2385
8 103 79.4577 62.7353
8 104 79.1985 63.2034
8 105 78.9412 63.6452
8 106 78.686 64.0626
8 107 78.433 64.4575
8 108 78.1823 64.8315
8 109 77.9338 65.186
8 110 77.6876 65.5225
8 111 77.4439 65.8422
8 112 77.2027 66.1461
8 113 76.964 66.4354
8 114 76.7279 66.7109
8 115 76.4945 66.9735
8 116 76.2637 67.224
8 117 76.0356 67.4631
8 118 75.8103 67.6914
8 119 75.5877 67.9097
8 120 75.368 68.1184
8 121 75.1512 68.3181
8 122 74.9373 68.5092
8 123 74.7263 68.6922
8 124 74.5182 68.8676
8 125 74.3132 69.0356
8 126 74.1112 69.1968
8 127 73.9122 69.3513
8 128 73.7163 69.4995
8 129 73.5235 69.6418
8 130 73.3339 69.7783
8 131 73.1473 69.9093
8 132 72.964 70.0351
8 133 72.7838 70.1559
8 134 72.6069 70.2718
8 135 72.4332 70.3832
8 136 72.2627 70.4901
8 137 72.0955 70.5928
8 138 71.9316 70.6913
8 139 71.7711 70.7859
8 140 71.6138 70.8767
8 141 71.4599 70.9638
8 142 71.3094 71.0474
8 143 71.1622 71.1275
8 144 71.0185 71.2044
8 145 70.8781 71.278
8 146 70.7412 71.3485
8 147 70.6077 71.4159
8 148 70.4776 71.4805
8 149 70.3511 71.5421
8 150 70.228 71.601
8 151 70.1084 71.6572
8 152 69.9923 71.7108
8 153 69.8797 71.7618
8 154 69.7707 71.8102
8 155 69.6652 71.8563
8 156 69.5632 71.8999
8 157 69.4648 71.9412
8 158 69.37 71.9801
8 159 69.2788 72.0169
8 160 69.1912 72.0513
8 161 69.1072 72.0837
8 162 69.0268 72.1138
8 163 68.9501 72.1419
8 164 68.8769 72.1679
8 165 68.8075 72.1918
8 166 68.7416 72.2137
8 167 68.6795 72.2336
8 168 68.621 72.2515
8 169 68.5663 72.2674
8 170 68.5152 72.2814
8 171 68.4678 72.2934
8 172 68.4241 72.3035
8 173 68.3842 72.3118
8 174 68.348 72.3181
8 175 68.3155 72.3225
8 176 68.2868 72.325
8 177 68.2618 72.3256
8 178 68.2407 72.3244
8 179 68.2232 72.3212
8 180 68.2096 72.3162
8 181 68.1998 72.3092
8 182 68.1938 72.3004
8 183 68.1915 72.2896
8 184 68.1931 72.2769
8 185 68.1986 72.2623
8 186 68.2079 72.2457
8 187 68.221 72.2272
8 188 68.238 72.2066
8 189 68.2588 72.184
8 190 68.2836 72.1594
8 191 68.3122 72.1328
8 192 68.3447 72.104
8 193 68.3812 72.0731
8 194 68.4216 72.0401
8 195 68.4659 72.0048
8 196 68.5141 71.9673
8 197 68.5663 71.9275
8 198 68.6225 71.8854
8 199 68.6826 71.8409
8 200 68.7468 71.794
8 201 68.8149 71.7446
8 202 68.8871 71.6926
8 203 68.9633 71.6381
8 204 69.0435 71.5808
8 205 69.1278 71.5208
8 206 69.2162 71.4579
8 207 69.3087 71.3921
8 208 69.4053 71.3234
8 209 69.506 71.2515
8 210 69.6109 71.1764
8 211 69.7199 71.0979
8 212 69.8331 71.0161
8 213 69.9504 70.9307
8 214 70.072 70.8416
8 215 70.1979 70.7487
8 216 70.328 70.6518
8 217 70.4623 70.5507
8 218 70.601 70.4454
8 219 70.744 70.3356
8 220 70.8913 70.221
8 221 71.0431 70.1016
8 222 71.1992 69.9771
8 223 71.3597 69.8472
8 224 71.5246 69.7117
8 225 71.6941 69.5703
9 1 63.8827 -91.5313
9 2 64.3532 -91.3345
9 3 64.7938 -91.1388
9 4 65.2156 -90.942
9 5 65.6281 -90.7416
9 6 66.0343 -90.5365
9 7 66.4362 -90.3263
9 8 66.8347 -90.1103
9 9 67.2305 -89.888
9 10 67.6241 -89.6592
9 11 68.0157 -89.4233
9 12 68.4055 -89.18
9 13 68.7937 -88.9288
9 14 69.1804 -88.6694
9 15 68.8984 -88.7495
9 16 69.2996 -88.4819
9 17 69.6944 -88.2073
9 18 70.0833 -87.9253
9 19 70.467 -87.6353
9 20 70.8457 -87.3371
9 21 71.2198 -87.03
9 22 71.5894 -86.7137
9 23 71.9548 -86.3879
9 24 72.3158 -86.0519
9 25 72.6728 -85.7055
9 26 73.0255 -85.3482
9 27 73.3741 -84.9796
9 28 73.7185 -84.5991
9 29 74.0587 -84.2065
9 30 74.3947 -83.8011
9 31 74.7263 -83.3825
9 32 75.0535 -82.9503
9 33 75.3762 -82.504
9 34 75.6943 -82.0432
9 35 76.0078 -81.5672
9 36 76.3164 -81.0757
9 37 76.6202 -80.5682
9 38 76.919 -80.0442
9 39 77.2126 -79.5032
9 40 77.5011 -78.9449
9 41 77.7842 -78.3687
9 42 78.0619 -77.7744
9 43 78.334 -77.1614
9 44 78.6005 -76.5295
9 45 79.1372 -74.751
9 46 79.4949 -73.7512
9 47 79.847 -72.688
9 48 80.1934 -71.5558
9 49 80.5337 -70.3486
9 50 80.8676 -69.0596
9 51 81.1948 -67.6815
9 52 81.5149 -66.2065
9 53 81.8272 -64.6259
9 54 82.1313 -62.9306
9 55 82.4265 -61.1109
9 56 82.712 -59.1565
9 57 82.9869 -57.0569
9 58 83.2504 -54.8016
9 59 83.5014 -52.3803
9 60 83.7387 -49.7838
9 61 83.9611 -47.0041
9 62 84.1673 -44.0356
9 63 84.3557 -40.8761
9 64 84.5251 -37.5277
9 65 84.674 -33.998
9 66 84.8009 -30.3007
9 67 84.9047 -26.4568
9 68 84.9844 -22.4938
9 69 85.0392 -18.4458
9 70 85.0687 -14.3515
9 71 85.0729 -10.2526
9 72 85.0521 -6.19078
9 73 85.0071 -2.20588
9 74 84.939 1.66687
9 75 84.8491 5.39818
9 76 84.7389 8.96559
9 77 84.6101 12.3536
9 78 84.4644 15.5532
9 79 84.3034 18.5611
9 80 84.1289 21.3787
9 81 83.9423 24.0106
9 82 83.745 26.4644
9 83 83.5385 28.7492
9 84 83.324 30.8748
9 85 83.1024 32.852
9 86 82.8749 34.6911
9 87 82.6422 36.4026
9 88 82.4052 37.9961
9 89 82.1646 39.4811
9 90 81.9209 40.8662
9 91 81.6748 42.1595
9 92 81.4267 43.3684
9 93 81.1771 44.4996
9 94 80.9264 45.5595
9 95 80.6749 46.5537
9 96 80.423 47.4874
9 97 80.1709 48.3652
9 98 79.9189 49.1916
9 99 79.6673 49.9703
9 100 79.4162 50.705
9 101 79.1658 51.3988
9 102 78.9164 52.0548
9 103 78.668 52.6756
9 104 78.4209 53.2637
9 105 78.1751 53.8212
9 106 77.9309 54.3503
9 107 77.6882 54.8529
9 108 77.4472 55.3306
9 109 77.2081 55.7851
9 110 76.9708 56.2177
9 111 76.7356 56.6299
9 112 76.5024 57.0228
9 113 76.2714 57.3977
9 114 76.0426 57.7554
9 115 75.8161 58.097
9 116 75.5919 58.4235
9 117 75.3701 58.7356
9 118 75.1508 59.034
9 119 74.934 59.3196
9 120 74.7198 59.5929
9 121 74.5082 59.8546
9 122 74.2992 60.1053
9 123 74.0929 60.3454
9 124 73.8894 60.5756
9 125 73.6887 60.7962
9 126 73.4907 61.0077
9 127 73.2956 61.2104
9 128 73.1035 61.4049
9 129 72.9142 61.5914
9 130 72.7279 61.7702
9 131 72.5445 61.9417
9 132 72.3642 62.1062
9 133 72.1869 62.2639
9 134 72.0126 62.4151
9 135 71.8415 62.56
9 136 71.6735 62.6989
9 137 71.5085 62.832
9 138 71.3468 62.9595
9 139 71.1882 63.0815
9 140 71.0329 63.1983
9 141 70.8807 63.31
9 142 70.7318 63.4168
9 143 70.5862 63.5188
9 144 70.4438 63.6162
9 145 70.3048 63.7091
9 146 70.169 63.7976
9 147 70.0366 63.8818
9 148 69.9075 63.9619
9 149 69.7818 64.0379
9 150 69.6595 64.11
9 151 69.5405 64.1782
9 152 69.425 64.2426
9 153 69.3129 64.3034
9 154 69.2042 64.3605
9 155 69.099 64.4141
9 156 68.9972 64.4642
9 157 68.8989 64.5108
9 158 68.8041 64.5541
9 159 68.7127 64.5941
9 160 68.6249 64.6309
9 161 68.5406 64.6644
9 162 68.4598 64.6947
9 163 68.3826 64.7219
9 164 68.3089 64.746
9 165 68.2388 64.767
9 166 68.1722 64.785
9 167 68.1092 64.8
9 168 68.0498 64.8119
9 169 67.994 64.8209
9 170 67.9418 64.8269
9 171 67.8932 64.83
9 172 67.8482 64.8301
9 173 67.8068 64.8273
9 174 67.7691 64.8216
9 175 67.735 64.8129
9 176 67.7046 64.8013
9 177 67.6779 64.7867
9 178 67.6548 64.7692
9 179 67.6354 64.7487
9 180 67.6196 64.7253
9 181 67.6076 64.6989
9 182 67.5992 64.6695
9 183 67.5946 64.637
9 184 67.5937 64.6015
9 185 67.5965 64.5629
9 186 67.603 64.5212
9 187 67.6132 64.4763
9 188 67.6272 64.4283
9 189 67.645 64.377
9 190 67.6665 64.3224
9 191 67.6917 64.2645
9 192 67.7208 64.2032
9 193 67.7536 64.1385
9 194 67.7902 64.0702
9 195 67.8305 63.9984
9 196 67.8747 63.923
9 197 67.9227 63.8438
9 198 67.9745 63.7609
9 199 68.0302 63.674
9 200 68.0896 63.5832
9 201 68.1529 63.4883
9 202 68.2201 63.3892
9 203 68.2911 63.2859
9 204 68.3659 63.1782
9 205 68.4447 63.0659
9 206 68.5273 62.949
9 207 68.6138 62.8273
9 208 68.7042 62.7007
9 209 68.7985 62.5689
9 210 68.8967 62.4319
9 211 68.9988 62.2895
9 212 69.1049 62.1415
9 213 69.2149 61.9876
9 214 69.3289 61.8278
9 215 69.4468 61.6616
9 216 69.5686 61.4891
9 217 69.6945 61.3097
9 218 69.8243 61.1234
9 219 69.9582 60.9298
9 220 70.096 60.7286
9 221 70.2378 60.5195
9 222 70.3837 60.3021
9 223 70.5335 60.0762
9 224 70.6874 59.8412
9 225 70.8454 59.5968
10 1 63.8599 -91.3331
10 2 64.3259 -91.0822
10 3 64.7614 -90.8312
10 4 65.1779 -90.5777
10 5 65.5847 -90.319
10 6 65.9851 -90.0542
10 7 66.3808 -89.7826
10 8 66.7731 -89.5034
10 9 67.1624 -89.2163
10 10 67.5493 -88.9206
10 11 67.934 -88.6161
10 12 68.3166 -88.3021
10 13 68.6974 -87.9781
10 14 69.0764 -87.6438
10 15 68.7888 -87.7107
10 16 69.1826 -87.3676
10 17 69.5695 -87.0155
10 18 69.9504 -86.6539
10 19 70.3257 -86.2822
10 20 70.6958 -85.9001
10 21 71.0609 -85.507
10 22 71.4213 -85.1024
10 23 71.7771 -84.6859
10 24 72.1283 -84.257
10 25 72.475 -83.8153
10 26 72.8172 -83.3602
10 27 73.1549 -82.8914
10 28 73.4881 -82.4084
10 29 73.8167 -81.9106
10 30 74.1407 -81.3977
10 31 74.46 -80.8692
10 32 74.7744 -80.3247
10 33 75.084 -79.7636
10 34 75.3885 -79.1856
10 35 75.688 -78.5903
10 36 75.9822 -77.9772
10 37 76.2711 -77.346
10 38 76.5546 -76.6963
10 39 76.8325 -76.0278
10 40 77.1047 -75.3403
10 41 77.3711 -74.6335
10 42 77.6316 -73.9072
10 43 77.8861 -73.1614
10 44 78.1344 -72.396
10 45 78.5957 -70.1702
10 46 78.9262 -68.9877
10 47 79.2496 -67.7406
10 48 79.5658 -66.4246
10 49 79.8744 -65.0354
10 50 80.175 -63.5683
10 51 80.4671 -62.0184
10 52 80.7503 -60.3809
10 53 81.024 -58.6511
10 54 81.2877 -56.8242
10 55 81.5407 -54.8958
10 56 81.7824 -52.8618
10 57 82.0119 -50.719
10 58 82.2286 -48.4648
10 59 82.4315 -46.0979
10 60 82.62 -43.6181
10 61 82.7931 -41.0274
10 62 82.95 -38.3295
10 63 83.0899 -35.5302
10 64 83.2122 -32.6381
10 65 83.316 -29.6638
10 66 83.401 -26.6208
10 67 83.4666 -23.5243
10 68 83.5126 -20.3918
10 69 83.5389 -17.2415
10 70 83.5457 -14.0929
10 71 83.533 -10.9649
10 72 83.5015 -7.87598
10 73 83.4517 -4.84323
10 74 83.3843 -1.88184
10 75 83.3002 0.995187
10 76 83.2003 3.77727
10 77 83.0857 6.4563
10 78 82.9573 9.02656
10 79 82.8163 11.4845
10 80 82.6636 13.8287
10 81 82.5002 16.0591
10 82 82.3272 18.1773
10 83 82.1455 20.1859
10 84 81.9559 22.0883
10 85 81.7593 23.8886
10 86 81.5565 25.5913
10 87 81.3481 27.2009
10 88 81.1348 28.7224
10 89 80.9173 30.1605
10 90 80.696 31.52
10 91 80.4716 32.8054
10 92 80.2444 34.0213
10 93 80.0149 35.1718
10 94 79.7835 36.261
10 95 79.5506 37.2927
10 96 79.3165 38.2705
10 97 79.0814 39.1978
10 98 78.8458 40.0776
10 99 78.6097 40.913
10 100 78.3736 41.7067
10 101 78.1375 42.4611
10 102 77.9018 43.1788
10 103 77.6665 43.8619
10 104 77.4319 44.5124
10 105 77.1981 45.1323
10 106 76.9653 45.7233
10 107 76.7335 46.2872
10 108 76.503 46.8253
10 109 76.2739 47.3393
10 110 76.0462 47.8303
10 111 75.8201 48.2997
10 112 75.5957 48.7485
10 113 75.373 49.1779
10 114 75.1522 49.5889
10 115 74.9333 49.9823
10 116 74.7164 50.3591
10 117 74.5016 50.7201
10 118 74.289 51.066
10 119 74.0785 51.3976
10 120 73.8704 51.7155
10 121 73.6645 52.0204
10 122 73.4611 52.3128
10 123 73.2601 52.5932
10 124 73.0616 52.8623
10 125 72.8657 53.1204
10 126 72.6723 53.3681
10 127 72.4816 53.6057
10 128 72.2935 53.8337
10 129 72.1082 54.0524
10 130 71.9256 54.2622
10 131 71.7457 54.4634
10 132 71.5687 54.6564
10 133 71.3946 54.8414
10 134 71.2233 55.0186
10 135 71.0549 55.1885
10 136 70.8895 55.3512
10 137 70.7271 55.5069
10 138 70.5676 55.6559
10 139 70.4112 55.7984
10 140 70.2578 55.9346
10 141 70.1075 56.0646
10 142 69.9603 56.1887
10 143 69.8162 56.3069
10 144 69.6753 56.4195
10 145 69.5374 56.5266
10 146 69.4028 56.6284
10 147 69.2714 56.7249
10 148 69.1432 56.8163
10 149 69.0182 56.9027
10 150 68.8964 56.9842
10 151 68.7779 57.0609
10 152 68.6627 57.133
10 153 68.5508 57.2004
10 154 68.4422 57.2633
10 155 68.3369 57.3218
10 156 68.235 57.3759
10 157 68.1364 57.4257
10 158 68.0412 57.4713
10 159 67.9493 57.5126
10 160 67.8608 57.5499
10 161 67.7757 57.5831
10 162 67.6941 57.6122
10 163 67.6158 57.6373
10 164 67.5409 57.6585
10 165 67.4695 57.6758
10 166 67.4016 57.6891
10 167 67.3371 57.6986
10 168 67.276 57.7042
10 169 67.2184 57.706
10 170 67.1643 57.704
10 171 67.1137 57.6982
10 172 67.0666 57.6885
10 173 67.023 57.6751
10 174 66.9829 57.6578
10 175 66.9463 57.6368
10 176 66.9132 57.6119
10 177 66.8836 57.5832
10 178 66.8576 57.5507
10 179 66.8351 57.5143
10 180 66.8162 57.474
10 181 66.8008 57.4299
10 182 66.7889 57.3818
10 183 66.7806 57.3297
10 184 66.7759 57.2736
10 185 66.7747 57.2135
10 186 66.7771 57.1493
10 187 66.7831 57.081
10 188 66.7927 57.0085
10 189 66.8058 56.9317
10 190 66.8225 56.8506
10 191 66.8428 56.7652
10 192 66.8667 56.6753
10 193 66.8942 56.5809
10 194 66.9253 56.4819
10 195 66.96 56.3782
10 196 66.9983 56.2697
10 197 67.0402 56.1564
10 198 67.0856 56.0381
10 199 67.1347 55.9147
10 200 67.1875 55.7862
10 201 67.2438 55.6523
10 202 67.3037 55.5129
10 203 67.3672 55.368
10 204 67.4344 55.2173
10 205 67.5051 55.0608
10 206 67.5795 54.8982
10 207 67.6575 54.7295
10 208 67.7391 54.5543
10 209 67.8243 54.3725
10 210 67.9131 54.184
10 211 68.0055 53.9885
10 212 68.1015 53.7858
10 213 68.2011 53.5756
10 214 68.3042 53.3577
10 215 68.411 53.1319
10 216 68.5213 52.8978
10 217 68.6353 52.6552
10 218 68.7527 52.4037
10 219 68.8738 52.1431
10 220 68.9984 51.8729
10 221 69.1265 51.5929
10 222 69.2581 51.3025
10 223 69.3932 51.0015
10 224 69.5319 50.6893
10 225 69.6739 50.3656
11 1 63.8304 -91.1384
11 2 64.291 -90.8345
11 3 64.7203 -90.5293
11 4 65.13 -90.2203
11 5 65.5297 -89.9048
11 6 65.9228 -89.5818
11 7 66.311 -89.2503
11 8 66.6954 -88.9099
11 9 67.0766 -88.5599
11 10 67.4551 -88.1998
11 11 67.8311 -87.829
11 12 68.2049 -87.4471
11 13 68.5765 -87.0534
11 14 68.946 -86.6475
11 15 68.6503 -86.7027
11 16 69.0347 -86.2876
11 17 69.412 -85.862
11 18 69.7829 -85.4251
11 19 70.1479 -84.9766
11 20 70.5073 -84.5158
11 21 70.8614 -84.0423
11 22 71.2104 -83.5556
11 23 71.5544 -83.0553
11 24 71.8935 -82.5409
11 25 72.2278 -82.0119
11 26 72.5571 -81.468
11 27 72.8816 -80.9087
11 28 73.2011 -80.3335
11 29 73.5156 -79.7422
11 30 73.8251 -79.1343
11 31 74.1294 -78.5094
11 32 74.4285 -77.8672
11 33 74.7223 -77.2073
11 34 75.0106 -76.5296
11 35 75.2934 -75.8336
11 36 75.5705 -75.1193
11 37 75.8419 -74.3864
11 38 76.1073 -73.6348
11 39 76.3668 -72.8644
11 40 76.6201 -72.0753
11 41 76.8671 -71.2675
11 42 77.1078 -70.4411
11 43 77.3421 -69.5964
11 44 77.5697 -68.7338
11 45 77.942 -66.2015
11 46 78.2427 -64.901
11 47 78.5351 -63.5412
11 48 78.819 -62.1195
11 49 79.094 -60.6332
11 50 79.3599 -59.0799
11 51 79.616 -57.4573
11 52 79.8621 -55.7633
11 53 80.0976 -53.9963
11 54 80.3221 -52.1548
11 55 80.5351 -50.2382
11 56 80.736 -48.2463
11 57 80.9242 -46.1796
11 58 81.0993 -44.0395
11 59 81.2607 -41.8283
11 60 81.4078 -39.5495
11 61 81.5403 -37.2074
11 62 81.6577 -34.8076
11 63 81.7596 -32.3567
11 64 81.8456 -29.8625
11 65 81.9156 -27.3335
11 66 81.9693 -24.7793
11 67 82.0067 -22.2098
11 68 82.0279 -19.6355
11 69 82.033 -17.0669
11 70 82.0221 -14.5146
11 71 81.9957 -11.9885
11 72 81.9542 -9.49806
11 73 81.898 -7.05205
11 74 81.8277 -4.65815
11 75 81.744 -2.32302
11 76 81.6475 -0.0522608
11 77 81.5389 2.14967
11 78 81.4189 4.27939
11 79 81.2882 6.33452
11 80 81.1477 8.31364
11 81 80.9979 10.2161
11 82 80.8396 12.0422
11 83 80.6735 13.7925
11 84 80.5003 15.4683
11 85 80.3205 17.0714
11 86 80.1347 18.6038
11 87 79.9435 20.0677
11 88 79.7475 21.4655
11 89 79.5472 22.7998
11 90 79.343 24.0733
11 91 79.1353 25.2885
11 92 78.9246 26.4481
11 93 78.7113 27.5547
11 94 78.4957 28.6108
11 95 78.2782 29.6189
11 96 78.059 30.5813
11 97 77.8386 31.5003
11 98 77.617 32.3782
11 99 77.3946 33.2169
11 100 77.1717 34.0186
11 101 76.9484 34.785
11 102 76.725 35.5179
11 103 76.5016 36.219
11 104 76.2785 36.89
11 105 76.0557 37.5324
11 106 75.8336 38.1474
11 107 75.6121 38.7366
11 108 75.3914 39.3011
11 109 75.1718 39.8422
11 110 74.9532 40.361
11 111 74.7359 40.8584
11 112 74.5199 41.3356
11 113 74.3053 41.7935
11 114 74.0922 42.2328
11 115 73.8808 42.6546
11 116 73.671 43.0594
11 117 73.4631 43.4482
11 118 73.257 43.8215
11 119 73.0528 44.1801
11 120 72.8507 44.5244
11 121 72.6506 44.8552
11 122 72.4526 45.173
11 123 72.2569 45.4782
11 124 72.0634 45.7714
11 125 71.8722 46.0531
11 126 71.6833 46.3236
11 127 71.4969 46.5834
11 128 71.3129 46.8328
11 129 71.1314 47.0723
11 130 70.9525 47.3021
11 131 70.7761 47.5226
11 132 70.6024 47.7342
11 133 70.4313 47.937
11 134 70.263 48.1315
11 135 70.0973 48.3177
11 136 69.9344 48.4961
11 137 69.7743 48.6668
11 138 69.617 48.83
11 139 69.4626 48.9859
11 140 69.3111 49.1348
11 141 69.1624 49.2769
11 142 69.0167 49.4123
11 143 68.874 49.5411
11 144 68.7342 49.6636
11 145 68.5974 49.7798
11 146 68.4637 49.89
11 147 68.333 49.9943
11 148 68.2053 50.0927
11 149 68.0808 50.1854
11 150 67.9593 50.2726
11 151 67.841 50.3542
11 152 67.7257 50.4305
11 153 67.6137 50.5015
11 154 67.5048 50.5673
11 155 67.399 50.6279
11 156 67.2965 50.6835
11 157 67.1972 50.7341
11 158 67.1011 50.7797
11 159 67.0082 50.8205
11 160 66.9186 50.8565
11 161 66.8322 50.8878
11 162 66.7491 50.9143
11 163 66.6692 50.9361
11 164 66.5926 50.9533
11 165 66.5194 50.9659
11 166 66.4494 50.9739
11 167 66.3827 50.9774
11 168 66.3193 50.9763
11 169 66.2593 50.9707
11 170 66.2026 50.9606
11 171 66.1492 50.946
11 172 66.0992 50.9269
11 173 66.0525 50.9032
11 174 66.0092 50.8751
11 175 65.9692 50.8425
11 176 65.9326 50.8053
11 177 65.8993 50.7636
11 178 65.8694 50.7173
11 179 65.8429 50.6665
11 180 65.8197 50.6111
11 181 65.8 50.551
11 182 65.7836 50.4862
11 183 65.7705 50.4167
11 184 65.7609 50.3425
11 185 65.7546 50.2635
11 186 65.7518 50.1796
11 187 65.7523 50.0908
11 188 65.7562 49.997
11 189 65.7634 49.8982
11 190 65.7741 49.7943
11 191 65.7881 49.6852
11 192 65.8055 49.5708
11 193 65.8263 49.4511
11 194 65.8504 49.326
11 195 65.8779 49.1953
11 196 65.9088 49.059
11 197 65.943 48.9169
11 198 65.9806 48.769
11 199 66.0215 48.6151
11 200 66.0658 48.4551
11 201 66.1134 48.2889
11 202 66.1644 48.1163
11 203 66.2186 47.9371
11 204 66.2762 47.7513
11 205 66.3371 47.5587
11 206 66.4013 47.359
11 207 66.4687 47.1521
11 208 66.5395 46.9378
11 209 66.6135 46.716
11 210 66.6907 46.4863
11 211 66.7712 46.2486
11 212 66.8549 46.0026
11 213 66.9418 45.7481
11 214 67.0318 45.4849
11 215 67.1251 45.2126
11 216 67.2214 44.931
11 217 67.3209 44.6397
11 218 67.4235 44.3386
11 219 67.5291 44.0271
11 220 67.6378 43.705
11 221 67.7495 43.3719
11 222 67.8641 43.0274
11 223 67.9817 42.6711
11 224 68.1022 42.3026
11 225 68.2255 41.9215
12 1 63.7941 -90.9482
12 2 64.2486 -90.5923
12 3 64.6704 -90.2342
12 4 65.0722 -89.8712
12 5 65.4635 -89.5006
12 6 65.8478 -89.1212
12 7 66.227 -88.7321
12 8 66.602 -88.3326
12 9 66.9736 -87.9222
12 10 67.3421 -87.5003
12 11 67.7078 -87.0663
12 12 68.071 -86.6197
12 13 68.4316 -86.1599
12 14 68.7898 -85.6863
12 15 68.4834 -85.7317
12 16 68.857 -85.249
12 17 69.223 -84.7544
12 18 69.5821 -84.2474
12 19 69.935 -83.7274
12 20 70.2819 -83.1939
12 21 70.6231 -82.6466
12 22 70.9587 -82.0849
12 23 71.289 -81.5085
12 24 71.614 -80.9169
12 25 71.9337 -80.3099
12 26 72.2481 -79.6869
12 27 72.5572 -79.0478
12 28 72.8609 -78.3921
12 29 73.1593 -77.7197
12 30 73.4521 -77.0302
12 31 73.7394 -76.3234
12 32 74.021 -75.5992
12 33 74.2968 -74.8574
12 34 74.5668 -74.0979
12 35 74.8308 -73.3208
12 36 75.0887 -72.5259
12 37 75.3405 -71.7134
12 38 75.5859 -70.8834
12 39 75.8249 -70.0362
12 40 76.0574 -69.1721
12 41 76.2833 -68.2914
12 42 76.5025 -67.3946
12 43 76.7149 -66.4823
12 44 76.9204 -65.5552
12 45 77.1943 -62.8408
12 46 77.4642 -61.4759
12 47 77.7249 -60.0602
12 48 77.9762 -58.5926
12 49 78.2178 -57.072
12 50 78.4495 -55.4977
12 51 78.6707 -53.8692
12 52 78.8813 -52.1864
12 53 79.0809 -50.4495
12 54 79.269 -48.6591
12 55 79.4453 -46.8164
12 56 79.6096 -44.923
12 57 79.7613 -42.9812
12 58 79.9002 -40.9936
12 59 80.0261 -38.9637
12 60 80.1385 -36.8953
12 61 80.2373 -34.793
12 62 80.3223 -32.6618
12 63 80.3934 -30.5072
12 64 80.4504 -28.3352
12 65 80.4934 -26.1518
12 66 80.5223 -23.9636
12 67 80.5373 -21.7771
12 68 80.5385 -19.5987
12 69 80.5261 -17.4349
12 70 80.5005 -15.2918
12 71 80.4619 -13.1752
12 72 80.4107 -11.0904
12 73 80.3474 -9.04244
12 74 80.2724 -7.03553
12 75 80.1862 -5.07349
12 76 80.0893 -3.15951
12 77 79.9822 -1.29618
12 78 79.8655 0.514448
12 79 79.7397 2.27088
12 80 79.6054 3.9721
12 81 79.4632 5.61756
12 82 79.3135 7.20714
12 83 79.1568 8.74105
12 84 78.9937 10.2198
12 85 78.8247 11.6442
12 86 78.6503 13.0154
12 87 78.4708 14.3344
12 88 78.2867 15.6026
12 89 78.0985 16.8215
12 90 77.9065 17.9926
12 91 77.7112 19.1174
12 92 77.5128 20.1977
12 93 77.3116 21.235
12 94 77.1081 22.2309
12 95 76.9026 23.1871
12 96 76.6952 24.1051
12 97 76.4862 24.9865
12 98 76.276 25.8328
12 99 76.0647 26.6455
12 100 75.8526 27.426
12 101 75.6399 28.1755
12 102 75.4268 28.8956
12 103 75.2134 29.5873
12 104 75 30.252
12 105 74.7867 30.8907
12 106 74.5737 31.5047
12 107 74.3611 32.0948
12 108 74.149 32.6621
12 109 73.9376 33.2077
12 110 73.7271 33.7323
12 111 73.5175 34.2368
12 112 73.309 34.7221
12 113 73.1016 35.189
12 114 72.8954 35.6381
12 115 72.6907 36.0702
12 116 72.4873 36.486
12 117 72.2855 36.886
12 118 72.0853 37.2709
12 119 71.8868 37.6412
12 120 71.6901 37.9976
12 121 71.4952 38.3404
12 122 71.3023 38.6702
12 123 71.1112 38.9875
12 124 70.9223 39.2927
12 125 70.7354 39.5861
12 126 70.5506 39.8683
12 127 70.3681 40.1395
12 128 70.1878 40.4002
12 129 70.0098 40.6506
12 130 69.8342 40.8911
12 131 69.6609 41.122
12 132 69.4901 41.3435
12 133 69.3217 41.556
12 134 69.1558 41.7598
12 135 68.9925 41.9549
12 136 68.8318 42.1418
12 137 68.6737 42.3206
12 138 68.5183 42.4914
12 139 68.3655 42.6547
12 140 68.2154 42.8104
12 141 68.0681 42.9588
12 142 67.9235 43.1001
12 143 67.7817 43.2344
12 144 67.6428 43.3618
12 145 67.5067 43.4826
12 146 67.3734 43.5968
12 147 67.243 43.7046
12 148 67.1155 43.8061
12 149 66.991 43.9015
12 150 66.8694 43.9907
12 151 66.7507 44.074
12 152 66.6351 44.1514
12 153 66.5224 44.2229
12 154 66.4127 44.2888
12 155 66.3061 44.3491
12 156 66.2025 44.4038
12 157 66.1019 44.453
12 158 66.0044 44.4967
12 159 65.91 44.5351
12 160 65.8187 44.5682
12 161 65.7304 44.596
12 162 65.6453 44.6186
12 163 65.5633 44.6359
12 164 65.4844 44.6481
12 165 65.4086 44.6552
12 166 65.336 44.6572
12 167 65.2665 44.6541
12 168 65.2002 44.6459
12 169 65.1371 44.6326
12 170 65.077 44.6143
12 171 65.0202 44.591
12 172 64.9665 44.5627
12 173 64.916 44.5292
12 174 64.8687 44.4908
12 175 64.8246 44.4473
12 176 64.7836 44.3987
12 177 64.7459 44.345
12 178 64.7113 44.2862
12 179 64.6799 44.2223
12 180 64.6516 44.1531
12 181 64.6266 44.0788
12 182 64.6047 43.9993
12 183 64.5861 43.9144
12 184 64.5706 43.8242
12 185 64.5582 43.7286
12 186 64.5491 43.6276
12 187 64.5431 43.5211
12 188 64.5403 43.409
12 189 64.5406 43.2913
12 190 64.5441 43.1679
12 191 64.5507 43.0386
12 192 64.5604 42.9035
12 193 64.5733 42.7625
12 194 64.5893 42.6154
12 195 64.6084 42.4621
12 196 64.6307 42.3026
12 197 64.656 42.1367
12 198 64.6843 41.9643
12 199 64.7158 41.7854
12 200 64.7503 41.5996
12 201 64.7878 41.407
12 202 64.8284 41.2074
12 203 64.872 41.0006
12 204 64.9186 40.7865
12 205 64.9681 40.5649
12 206 65.0206 40.3357
12 207 65.076 40.0985
12 208 65.1343 39.8534
12 209 65.1955 39.6
12 210 65.2596 39.3382
12 211 65.3265 39.0677
12 212 65.3962 38.7883
12 213 65.4687 38.4998
12 214 65.544 38.2019
12 215 65.6219 37.8944
12 216 65.7025 37.577
12 217 65.7858 37.2493
12 218 65.8716 36.9112
12 219 65.96 36.5622
12 220 66.0509 36.2022
12 221 66.1443 35.8306
12 222 66.2401 35.4472
12 223 66.3382 35.0515
12 224 66.4386 34.6433
12 225 66.5412 34.222
13 1 63.751 -90.7631
13 2 64.1986 -90.3566
13 3 64.612 -89.9472
13 4 65.0045 -89.5321
13 5 65.3862 -89.1083
13 6 65.7605 -88.6746
13 7 66.1291 -88.2301
13 8 66.4934 -87.7742
13 9 66.8538 -87.3063
13 10 67.2108 -86.8257
13 11 67.5647 -86.3319
13 12 67.9157 -85.8243
13 13 68.2638 -85.3023
13 14 68.609 -84.7655
13 15 68.2893 -84.8033
13 16 68.6504 -84.2577
13 17 69.0035 -83.6993
13 18 69.3494 -83.1277
13 19 69.6885 -82.5424
13 20 70.0212 -81.9429
13 21 70.3478 -81.3288
13 22 70.6684 -80.6999
13 23 70.9832 -80.0557
13 24 71.2923 -79.3959
13 25 71.5957 -78.7204
13 26 71.8934 -78.0289
13 27 72.1854 -77.3211
13 28 72.4715 -76.5968
13 29 72.7519 -75.8561
13 30 73.0264 -75.0988
13 31 73.2949 -74.3248
13 32 73.5573 -73.5342
13 33 73.8136 -72.7271
13 34 74.0636 -71.9035
13 35 74.3072 -71.0637
13 36 74.5445 -70.208
13 37 74.7752 -69.3366
13 38 74.9992 -68.4501
13 39 75.2165 -67.5489
13 40 75.4271 -66.6336
13 41 75.6307 -65.7048
13 42 75.8274 -64.7634
13 43 76.0171 -63.8101
13 44 76.1997 -62.846
13 45 76.369 -60.0512
13 46 76.6082 -58.6624
13 47 76.8378 -57.2324
13 48 77.0574 -55.761
13 49 77.2668 -54.2485
13 50 77.4658 -52.6952
13 51 77.6542 -51.1016
13 52 77.8317 -49.4687
13 53 77.9981 -47.7978
13 54 78.1531 -46.0905
13 55 78.2965 -44.3486
13 56 78.4282 -42.5743
13 57 78.5478 -40.7704
13 58 78.6553 -38.9397
13 59 78.7505 -37.0855
13 60 78.8333 -35.2114
13 61 78.9036 -33.3212
13 62 78.9614 -31.4188
13 63 79.0067 -29.5086
13 64 79.0396 -27.5949
13 65 79.06 -25.6819
13 66 79.0681 -23.7742
13 67 79.0642 -21.876
13 68 79.0484 -19.9916
13 69 79.0209 -18.1249
13 70 78.9821 -16.2799
13 71 78.9323 -14.46
13 72 78.8717 -12.6686
13 73 78.8008 -10.9085
13 74 78.7199 -9.18244
13 75 78.6295 -7.49265
13 76 78.53 -5.84105
13 77 78.4218 -4.22923
13 78 78.3053 -2.65844
13 79 78.1809 -1.12965
13 80 78.0492 0.356501
13 81 77.9105 1.79962
13 82 77.7652 3.19956
13 83 77.6138 4.55641
13 84 77.4567 5.87043
13 85 77.2942 7.14206
13 86 77.1268 8.37188
13 87 76.9549 9.56061
13 88 76.7787 10.7091
13 89 76.5986 11.8181
13 90 76.4151 12.8887
13 91 76.2283 13.9219
13 92 76.0385 14.9188
13 93 75.8462 15.8803
13 94 75.6515 16.8076
13 95 75.4547 17.7018
13 96 75.2561 18.564
13 97 75.0558 19.3952
13 98 74.8542 20.1965
13 99 74.6515 20.9689
13 100 74.4478 21.7136
13 101 74.2433 22.4314
13 102 74.0383 23.1233
13 103 73.8329 23.7903
13 104 73.6272 24.4333
13 105 73.4215 25.0531
13 106 73.2159 25.6507
13 107 73.0105 26.2268
13 108 72.8054 26.7822
13 109 72.6009 27.3177
13 110 72.3969 27.8339
13 111 72.1937 28.3316
13 112 71.9914 28.8115
13 113 71.79 29.2741
13 114 71.5896 29.7201
13 115 71.3904 30.1501
13 116 71.1925 30.5646
13 117 70.9959 30.9641
13 118 70.8007 31.3492
13 119 70.6069 31.7203
13 120 70.4148 32.0779
13 121 70.2243 32.4225
13 122 70.0355 32.7544
13 123 69.8484 33.074
13 124 69.6632 33.3818
13 125 69.48 33.6781
13 126 69.2986 33.9633
13 127 69.1193 34.2376
13 128 68.9421 34.5014
13 129 68.7669 34.7551
13 130 68.594 34.9988
13 131 68.4232 35.2328
13 132 68.2547 35.4575
13 133 68.0885 35.6731
13 134 67.9246 35.8797
13 135 67.7631 36.0777
13 136 67.604 36.2672
13 137 67.4473 36.4484
13 138 67.2932 36.6216
13 139 67.1415 36.7869
13 140 66.9924 36.9444
13 141 66.8459 37.0945
13 142 66.7019 37.2371
13 143 66.5606 37.3725
13 144 66.422 37.5008
13 145 66.286 37.6222
13 146 66.1527 37.7367
13 147 66.0222 37.8445
13 148 65.8944 37.9457
13 149 65.7693 38.0404
13 150 65.647 38.1287
13 151 65.5276 38.2107
13 152 65.4109 38.2865
13 153 65.2971 38.3561
13 154 65.1862 38.4197
13 155 65.0781 38.4773
13 156 64.9728 38.529
13 157 64.8705 38.5749
13 158 64.7711 38.615
13 159 64.6745 38.6493
13 160 64.5809 38.6779
13 161 64.4903 38.7009
13 162 64.4026 38.7183
13 163 64.3208 38.7263
13 164 64.2388 38.7327
13 165 64.1598 38.7336
13 166 64.0838 38.729
13 167 64.0108 38.719
13 168 63.9407 38.7034
13 169 63.8737 38.6824
13 170 63.8096 38.6559
13 171 63.7485 38.624
13 172 63.6904 38.5867
13 173 63.6353 38.5439
13 174 63.5832 38.4956
13 175 63.5341 38.4418
13 176 63.488 38.3825
13 177 63.4449 38.3177
13 178 63.4047 38.2474
13 179 63.3676 38.1715
13 180 63.3335 38.09
13 181 63.3023 38.0028
13 182 63.2741 37.91
13 183 63.2489 37.8115
13 184 63.2266 37.7071
13 185 63.2073 37.597
13 186 63.191 37.4809
13 187 63.1776 37.3589
13 188 63.1671 37.2309
13 189 63.1595 37.0968
13 190 63.1549 36.9566
13 191 63.1531 36.8101
13 192 63.1543 36.6573
13 193 63.1583 36.4981
13 194 63.1652 36.3324
13 195 63.1749 36.1601
13 196 63.1875 35.9811
13 197 63.2028 35.7952
13 198 63.221 35.6025
13 199 63.2419 35.4026
13 200 63.2655 35.1956
13 201 63.2919 34.9813
13 202 63.3211 34.7595
13 203 63.3528 34.5302
13 204 63.3873 34.293
13 205 63.4243 34.048
13 206 63.464 33.7949
13 207 63.5062 33.5335
13 208 63.551 33.2637
13 209 63.5983 32.9853
13 210 63.648 32.698
13 211 63.7002 32.4017
13 212 63.7547 32.0962
13 213 63.8116 31.7812
13 214 63.8708 31.4565
13 215 63.9322 31.1219
13 216 63.9959 30.7771
13 217 64.0617 30.4218
13 218 64.1296 30.0557
13 219 64.1995 29.6787
13 220 64.2714 29.2903
13 221 64.3452 28.8903
13 222 64.4172 28.4842
13 223 64.4944 28.0603
13 224 64.5734 27.6238
13 225 64.6539 27.1743
14 1 63.701 -90.584
14 2 64.1411 -90.1284
14 3 64.545 -89.6695
14 4 64.9273 -89.2041
14 5 65.2981 -88.7293
14 6 65.661 -88.2438
14 7 66.0179 -87.7466
14 8 66.3699 -87.2372
14 9 66.7178 -86.7148
14 10 67.0619 -86.179
14 11 67.4026 -85.6291
14 12 67.7398 -85.0646
14 13 68.0739 -84.485
14 14 68.4047 -83.8897
14 15 68.0689 -83.9226
14 16 68.4162 -83.3191
14 17 68.7551 -82.7025
14 18 69.0862 -82.0723
14 19 69.41 -81.4281
14 20 69.7271 -80.7695
14 21 70.0376 -80.0962
14 22 70.3417 -79.408
14 23 70.6396 -78.7046
14 24 70.9313 -77.986
14 25 71.2169 -77.2518
14 26 71.4964 -76.5022
14 27 71.7698 -75.7369
14 28 72.037 -74.956
14 29 72.298 -74.1597
14 30 72.5527 -73.3478
14 31 72.8011 -72.5207
14 32 73.0431 -71.6786
14 33 73.2786 -70.8216
14 34 73.5075 -69.9503
14 35 73.7297 -69.065
14 36 73.9453 -68.1662
14 37 74.154 -67.2545
14 38 74.3559 -66.3305
14 39 74.5508 -65.395
14 40 74.7387 -64.4487
14 41 74.9196 -63.4926
14 42 75.0934 -62.5277
14 43 75.2601 -61.5549
14 44 75.4197 -60.5754
14 45 75.4802 -57.7791
14 46 75.6898 -56.395
14 47 75.8894 -54.979
14 48 76.0787 -53.5317
14 49 76.2577 -52.0538
14 50 76.4262 -50.5462
14 51 76.584 -49.0102
14 52 76.731 -47.4473
14 53 76.8671 -45.8589
14 54 76.9921 -44.247
14 55 77.106 -42.6137
14 56 77.2086 -40.9612
14 57 77.2999 -39.292
14 58 77.3798 -37.6088
14 59 77.4483 -35.9145
14 60 77.5053 -34.2118
14 61 77.551 -32.5039
14 62 77.5853 -30.7939
14 63 77.6084 -29.0849
14 64 77.6203 -27.38
14 65 77.6212 -25.6823
14 66 77.6113 -23.995
14 67 77.5908 -22.3209
14 68 77.5599 -20.6627
14 69 77.5188 -19.0233
14 70 77.4679 -17.4051
14 71 77.4074 -15.8103
14 72 77.3376 -14.241
14 73 77.2588 -12.6991
14 74 77.1714 -11.1863
14 75 77.0758 -9.70389
14 76 76.9722 -8.2532
14 77 76.861 -6.83518
14 78 76.7427 -5.45062
14 79 76.6175 -4.10012
14 80 76.4858 -2.7841
14 81 76.348 -1.50279
14 82 76.2043 -0.256294
14 83 76.0553 0.955437
14 84 75.9011 2.13258
14 85 75.7422 3.27541
14 86 75.5788 4.38433
14 87 75.4112 5.45978
14 88 75.2398 6.50232
14 89 75.0649 7.51254
14 90 74.8867 8.49108
14 91 74.7055 9.43865
14 92 74.5216 10.356
14 93 74.3352 11.2438
14 94 74.1465 12.1028
14 95 73.9559 12.9338
14 96 73.7635 13.7377
14 97 73.5694 14.5151
14 98 73.3741 15.2669
14 99 73.1775 15.9937
14 100 72.98 16.6964
14 101 72.7816 17.3758
14 102 72.5826 18.0324
14 103 72.3832 18.6671
14 104 72.1834 19.2805
14 105 71.9835 19.8734
14 106 71.7835 20.4463
14 107 71.5836 20.9999
14 108 71.3839 21.5348
14 109 71.1847 22.0516
14 110 70.9859 22.5509
14 111 70.7876 23.0333
14 112 70.5901 23.4992
14 113 70.3934 23.9492
14 114 70.1976 24.3838
14 115 70.0027 24.8035
14 116 69.809 25.2087
14 117 69.6164 25.5998
14 118 69.4251 25.9774
14 119 69.2351 26.3417
14 120 69.0465 26.6932
14 121 68.8594 27.0322
14 122 68.6738 27.3591
14 123 68.4899 27.6743
14 124 68.3076 27.9781
14 125 68.1271 28.2707
14 126 67.9483 28.5525
14 127 67.7714 28.8238
14 128 67.5964 29.0849
14 129 67.4234 29.3359
14 130 67.2523 29.5773
14 131 67.0833 29.8091
14 132 66.9164 30.0317
14 133 66.7517 30.2452
14 134 66.5891 30.4498
14 135 66.4287 30.6459
14 136 66.2706 30.8334
14 137 66.1148 31.0127
14 138 65.9613 31.1839
14 139 65.8101 31.3472
14 140 65.6613 31.5027
14 141 65.515 31.6506
14 142 65.3711 31.791
14 143 65.2296 31.924
14 144 65.0907 32.0498
14 145 64.9543 32.1686
14 146 64.8204 32.2803
14 147 64.689 32.3852
14 148 64.5603 32.4832
14 149 64.4342 32.5746
14 150 64.3134 32.6554
14 151 64.1924 32.7341
14 152 64.074 32.8062
14 153 63.9583 32.8721
14 154 63.8452 32.9316
14 155 63.7349 32.985
14 156 63.6273 33.0322
14 157 63.5224 33.0733
14 158 63.4203 33.1083
14 159 63.3209 33.1373
14 160 63.2243 33.1604
14 161 63.1304 33.1776
14 162 63.0393 33.1889
14 163 62.951 33.1943
14 164 62.8655 33.1939
14 165 62.7827 33.1877
14 166 62.7028 33.1757
14 167 62.6257 33.158
14 168 62.5513 33.1344
14 169 62.4798 33.1052
14 170 62.4111 33.0701
14 171 62.3452 33.0294
14 172 62.2821 32.9828
14 173 62.2217 32.9306
14 174 62.1642 32.8725
14 175 62.1095 32.8086
14 176 62.0576 32.739
14 177 62.0085 32.6635
14 178 61.9621 32.5821
14 179 61.9186 32.4949
14 180 61.8778 32.4017
14 181 61.8398 32.3026
14 182 61.8045 32.1975
14 183 61.772 32.0863
14 184 61.7422 31.9691
14 185 61.7151 31.8456
14 186 61.6908 31.716
14 187 61.6691 31.5801
14 188 61.6501 31.4379
14 189 61.6338 31.2893
14 190 61.6202 31.1341
14 191 61.6092 30.9725
14 192 61.6008 30.8042
14 193 61.595 30.6291
14 194 61.5918 30.4473
14 195 61.5911 30.2585
14 196 61.593 30.0627
14 197 61.5974 29.8598
14 198 61.6042 29.6496
14 199 61.6136 29.4321
14 200 61.6253 29.2071
14 201 61.6395 28.9745
14 202 61.656 28.7342
14 203 61.6748 28.4859
14 204 61.696 28.2297
14 205 61.7194 27.9653
14 206 61.745 27.6925
14 207 61.7728 27.4112
14 208 61.8028 27.1213
14 209 61.8349 26.8225
14 210 61.869 26.5147
14 211 61.9051 26.1977
14 212 61.9431 25.8712
14 213 61.983 25.5351
14 214 62.0248 25.1891
14 215 62.0684 24.8331
14 216 62.1136 24.4668
14 217 62.1605 24.0899
14 218 62.209 23.7022
14 219 62.2589 23.3034
14 220 62.3103 22.8933
14 221 62.3631 22.4716
14 222 62.417 22.038
14 223 62.4722 21.5922
14 224 62.5283 21.1339
14 225 62.5855 20.6627
15 1 63.6438 -90.4115
15 2 64.0762 -89.9085
15 3 64.4698 -89.4021
15 4 64.8407 -88.8887
15 5 65.1994 -88.3653
15 6 65.5498 -87.8306
15 7 65.8937 -87.2836
15 8 66.2323 -86.7238
15 9 66.5663 -86.1504
15 10 66.8962 -85.5631
15 11 67.2222 -84.9611
15 12 67.5444 -84.3441
15 13 67.863 -83.7115
15 14 68.178 -83.0629
15 15 67.8231 -83.0937
15 16 68.1555 -82.4378
15 17 68.4789 -81.7688
15 18 68.7941 -81.0862
15 19 69.1015 -80.3897
15 20 69.4016 -79.6791
15 21 69.6947 -78.9542
15 22 69.9811 -78.2149
15 23 70.2607 -77.461
15 24 70.5339 -76.6926
15 25 70.8005 -75.9096
15 26 71.0606 -75.112
15 27 71.3142 -74.3001
15 28 71.5614 -73.474
15 29 71.8019 -72.6339
15 30 72.0359 -71.7801
15 31 72.2633 -70.9129
15 32 72.4839 -70.0328
15 33 72.6978 -69.1402
15 34 72.9049 -68.2357
15 35 73.1051 -67.3199
15 36 73.2983 -66.3934
15 37 73.4846 -65.4571
15 38 73.6639 -64.5118
15 39 73.8361 -63.5583
15 40 74.0013 -62.5976
15 41 74.1593 -61.6307
15 42 74.3103 -60.6588
15 43 74.4542 -59.683
15 44 74.5909 -58.7044
15 45 74.5397 -55.9655
15 46 74.721 -54.6055
15 47 74.8921 -53.2218
15 48 75.053 -51.8154
15 49 75.2035 -50.3874
15 50 75.3435 -48.9391
15 51 75.4732 -47.4717
15 52 75.5922 -45.9869
15 53 75.7007 -44.4864
15 54 75.7986 -42.9719
15 55 75.8859 -41.4455
15 56 75.9624 -39.9092
15 57 76.0284 -38.3652
15 58 76.0837 -36.8156
15 59 76.1285 -35.2629
15 60 76.1628 -33.7093
15 61 76.1867 -32.1572
15 62 76.2003 -30.6089
15 63 76.2037 -29.0668
15 64 76.1971 -27.5331
15 65 76.1807 -26.0102
15 66 76.1547 -24.5
15 67 76.1192 -23.0046
15 68 76.0745 -21.5261
15 69 76.0208 -20.066
15 70 75.9585 -18.6262
15 71 75.8877 -17.2081
15 72 75.8088 -15.8131
15 73 75.722 -14.4425
15 74 75.6276 -13.0972
15 75 75.526 -11.7782
15 76 75.4174 -10.4863
15 77 75.3021 -9.22212
15 78 75.1805 -7.98614
15 79 75.0529 -6.77874
15 80 74.9195 -5.60018
15 81 74.7807 -4.45059
15 82 74.6367 -3.33002
15 83 74.4879 -2.23841
15 84 74.3345 -1.17562
15 85 74.1768 -0.141438
15 86 74.0151 0.864413
15 87 73.8497 1.84227
15 88 73.6807 2.79253
15 89 73.5086 3.71561
15 90 73.3334 4.612
15 91 73.1555 5.48218
15 92 72.9751 6.32668
15 93 72.7924 7.14605
15 94 72.6076 7.94085
15 95 72.4209 8.71164
15 96 72.2325 9.45899
15 97 72.0426 10.1835
15 98 71.8514 10.8857
15 99 71.659 11.5663
15 100 71.4657 12.2257
15 101 71.2716 12.8645
15 102 71.0768 13.4834
15 103 70.8815 14.0828
15 104 70.6859 14.6633
15 105 70.49 15.2254
15 106 70.2941 15.7697
15 107 70.0981 16.2965
15 108 69.9024 16.8065
15 109 69.7069 17.3001
15 110 69.5117 17.7777
15 111 69.3171 18.2399
15 112 69.1231 18.687
15 113 68.9297 19.1194
15 114 68.7372 19.5376
15 115 68.5455 19.9419
15 116 68.3548 20.3328
15 117 68.1651 20.7105
15 118 67.9765 21.0755
15 119 67.7892 21.4281
15 120 67.6031 21.7685
15 121 67.4184 22.0972
15 122 67.2351 22.4144
15 123 67.0532 22.7205
15 124 66.8729 23.0156
15 125 66.6942 23.3
15 126 66.5171 23.5741
15 127 66.3418 23.8381
15 128 66.1682 24.0921
15 129 65.9964 24.3364
15 130 65.8265 24.5713
15 131 65.6585 24.797
15 132 65.4924 25.0136
15 133 65.3283 25.2213
15 134 65.1663 25.4204
15 135 65.0063 25.6109
15 136 64.8484 25.7931
15 137 64.6927 25.9672
15 138 64.5391 26.1332
15 139 64.3878 26.2913
15 140 64.2411 26.4377
15 141 64.094 26.5808
15 142 63.9493 26.7165
15 143 63.8068 26.8448
15 144 63.6667 26.9659
15 145 63.529 27.0798
15 146 63.3936 27.1866
15 147 63.2607 27.2865
15 148 63.1302 27.3796
15 149 63.0021 27.4658
15 150 62.8765 27.5454
15 151 62.7534 27.6184
15 152 62.6328 27.6848
15 153 62.5147 27.7447
15 154 62.3991 27.7983
15 155 62.2861 27.8454
15 156 62.1757 27.8863
15 157 62.0678 27.9209
15 158 61.9624 27.9493
15 159 61.8597 27.9715
15 160 61.7595 27.9876
15 161 61.662 27.9976
15 162 61.567 28.0015
15 163 61.4746 27.9994
15 164 61.3849 27.9913
15 165 61.2978 27.9772
15 166 61.2132 27.957
15 167 61.1313 27.9309
15 168 61.055 27.8948
15 169 60.9785 27.8565
15 170 60.9046 27.8123
15 171 60.8333 27.7621
15 172 60.7646 27.706
15 173 60.6985 27.6438
15 174 60.635 27.5757
15 175 60.5741 27.5015
15 176 60.5158 27.4213
15 177 60.46 27.335
15 178 60.4068 27.2427
15 179 60.3562 27.1442
15 180 60.3081 27.0395
15 181 60.2625 26.9287
15 182 60.2195 26.8116
15 183 60.179 26.6882
15 184 60.1409 26.5585
15 185 60.1053 26.4224
15 186 60.0722 26.2798
15 187 60.0416 26.1307
15 188 60.0133 25.975
15 189 59.9874 25.8127
15 190 59.964 25.6437
15 191 59.9428 25.4678
15 192 59.9241 25.2851
15 193 59.9076 25.0954
15 194 59.8934 24.8987
15 195 59.8814 24.6948
15 196 59.8717 24.4836
15 197 59.8641 24.2651
15 198 59.8587 24.0391
15 199 59.8554 23.8055
15 200 59.8542 23.5642
15 201 59.8551 23.3151
15 202 59.8579 23.0581
15 203 59.8628 22.7929
15 204 59.8695 22.5195
15 205 59.8781 22.2378
15 206 59.8885 21.9475
15 207 59.9007 21.6485
15 208 59.9146 21.3407
15 209 59.9302 21.0239
15 210 59.9474 20.6978
15 211 59.9661 20.3624
15 212 59.9863 20.0175
15 213 60.008 19.6627
15 214 60.0309 19.298
15 215 60.0551 18.9232
15 216 60.0805 18.5379
15 217 60.107 18.142
15 218 60.1345 17.7352
15 219 60.1629 17.3173
15 220 60.1922 16.8881
15 221 60.2222 16.4473
15 222 60.2528 15.9945
15 223 60.2839 15.5296
15 224 60.3153 15.0523
15 225 60.3471 14.5622
