16 110 2999 31556736
0 0.000000 180 45
0 1 43.8039 142.283
0 2 44.1327 141.742
0 3 44.4112 141.236
0 4 44.6679 140.743
0 5 44.9138 140.253
0 6 45.1494 139.767
0 7 45.3786 139.281
0 8 45.6028 138.795
0 9 45.8226 138.307
0 10 46.0386 137.817
0 11 46.2511 137.324
0 12 46.4603 136.83
0 13 46.6663 136.333
0 14 46.8693 135.834
0 15 46.5376 136.046
0 16 46.7595 135.535
0 17 46.9737 135.026
0 18 47.1811 134.519
0 19 47.3821 134.013
0 20 47.5774 133.509
0 21 47.7672 133.006
0 22 47.9519 132.503
0 23 48.1317 132.002
0 24 48.3067 131.502
0 25 48.4772 131.003
0 26 48.6433 130.505
0 27 48.805 130.008
0 28 48.9624 129.513
0 29 49.1156 129.019
0 30 49.2646 128.527
0 31 49.4096 128.037
0 32 49.5504 127.549
0 33 49.6872 127.064
0 34 49.82 126.581
0 35 49.9489 126.1
0 36 50.0737 125.623
0 37 50.1946 125.148
0 38 50.3116 124.678
0 39 50.4247 124.21
0 40 50.5339 123.747
0 41 50.6393 123.288
0 42 50.7408 122.833
0 43 50.8385 122.383
0 44 50.9324 121.938
0 45 50.7662 120.862
0 46 50.9048 120.261
0 47 51.0386 119.66
0 48 51.1677 119.059
0 49 51.2923 118.458
0 50 51.4124 117.856
0 51 51.5282 117.255
0 52 51.6396 116.653
0 53 51.7467 116.052
0 54 51.8496 115.451
0 55 51.9484 114.85
0 56 52.0431 114.249
0 57 52.1337 113.649
0 58 52.2204 113.049
0 59 52.303 112.45
0 60 52.3818 111.852
0 61 52.4566 111.254
0 62 52.5277 110.658
0 63 52.5949 110.062
0 64 52.6583 109.468
0 65 52.718 108.875
0 66 52.7741 108.284
0 67 52.8264 107.694
0 68 52.8752 107.106
0 69 52.9204 106.52
0 70 52.962 105.935
0 71 53.0001 105.353
0 72 53.0348 104.774
0 73 53.0661 104.196
0 74 53.094 103.621
0 75 53.1185 103.049
0 76 53.1398 102.48
0 77 53.1578 101.913
0 78 53.1726 101.35
0 79 53.1842 100.79
0 80 53.1927 100.233
0 81 53.1982 99.6799
0 82 53.2006 99.1302
0 83 53.2001 98.5842
0 84 53.1967 98.042
0 85 53.1904 97.5038
0 86 53.1813 96.9697
0 87 53.1694 96.4398
0 88 53.1548 95.9142
0 89 53.1376 95.393
0 90 53.1177 94.8763
0 91 53.0953 94.3642
0 92 53.0705 93.8568
0 93 53.0432 93.3543
0 94 53.0135 92.8567
0 95 52.9814 92.364
0 96 52.9472 91.8764
0 97 52.9107 91.394
0 98 52.872 90.9169
0 99 52.8313 90.445
0 100 52.7885 89.9786
0 101 52.7438 89.5176
0 102 52.6971 89.0621
0 103 52.6486 88.6122
0 104 52.5983 88.168
0 105 52.5462 87.7295
0 106 52.4924 87.2968
0 107 52.4371 86.8698
0 108 52.3801 86.4488
0 109 52.3216 86.0336
0 110 52.2617 85.6244
1 1 43.8834 142.34
1 2 44.2254 141.821
1 3 44.5205 141.335
1 4 44.7966 140.859
1 5 45.0588 140.389
1 6 45.3128 139.921
1 7 45.5608 139.453
1 8 45.8039 138.984
1 9 46.0428 138.512
1 10 46.278 138.039
1 11 46.5099 137.563
1 12 46.7386 137.085
1 13 46.9643 136.604
1 14 47.1871 136.121
1 15 46.8752 136.329
1 16 47.1157 135.833
1 17 47.3486 135.339
1 18 47.5749 134.846
1 19 47.795 134.355
1 20 48.0094 133.864
1 21 48.2186 133.374
1 22 48.4227 132.884
1 23 48.6219 132.395
1 24 48.8165 131.907
1 25 49.0066 131.419
1 26 49.1922 130.932
1 27 49.3735 130.446
1 28 49.5504 129.96
1 29 49.7232 129.476
1 30 49.8918 128.993
1 31 50.0562 128.511
1 32 50.2165 128.031
1 33 50.3727 127.553
1 34 50.5249 127.077
1 35 50.6729 126.603
1 36 50.8169 126.131
1 37 50.9569 125.662
1 38 51.0928 125.197
1 39 51.2247 124.734
1 40 51.3526 124.275
1 41 51.4766 123.819
1 42 51.5965 123.367
1 43 51.7125 122.92
1 44 51.8245 122.477
1 45 51.7544 121.396
1 46 51.9144 120.796
1 47 52.0697 120.196
1 48 52.2204 119.594
1 49 52.3666 118.991
1 50 52.5083 118.388
1 51 52.6455 117.783
1 52 52.7785 117.178
1 53 52.9072 116.573
1 54 53.0316 115.966
1 55 53.1518 115.36
1 56 53.2679 114.752
1 57 53.3799 114.145
1 58 53.4879 113.537
1 59 53.5917 112.929
1 60 53.6916 112.321
1 61 53.7875 111.714
1 62 53.8795 111.106
1 63 53.9675 110.499
1 64 54.0517 109.893
1 65 54.132 109.287
1 66 54.2085 108.681
1 67 54.2812 108.077
1 68 54.3502 107.474
1 69 54.4154 106.872
1 70 54.477 106.272
1 71 54.5348 105.673
1 72 54.5891 105.075
1 73 54.6398 104.48
1 74 54.6869 103.886
1 75 54.7305 103.295
1 76 54.7706 102.706
1 77 54.8073 102.119
1 78 54.8405 101.535
1 79 54.8704 100.954
1 80 54.8971 100.376
1 81 54.9204 99.8005
1 82 54.9405 99.2283
1 83 54.9575 98.6595
1 84 54.9713 98.0942
1 85 54.982 97.5325
1 86 54.9897 96.9746
1 87 54.9944 96.4206
1 88 54.9962 95.8706
1 89 54.9951 95.3247
1 90 54.9912 94.7831
1 91 54.9846 94.246
1 92 54.9752 93.7134
1 93 54.9632 93.1854
1 94 54.9486 92.6622
1 95 54.9314 92.1438
1 96 54.9117 91.6305
1 97 54.8897 91.1222
1 98 54.8652 90.6191
1 99 54.8385 90.1212
1 100 54.8095 89.6287
1 101 54.7783 89.1417
1 102 54.7451 88.6602
1 103 54.7097 88.1844
1 104 54.6724 87.7142
1 105 54.6331 87.2498
1 106 54.5919 86.7912
1 107 54.5489 86.3386
1 108 54.5041 85.8919
1 109 54.4577 85.4512
1 110 54.4096 85.0166
2 1 43.9573 142.404
2 2 44.3129 141.909
2 3 44.6241 141.444
2 4 44.9174 140.988
2 5 45.1971 140.538
2 6 45.4689 140.089
2 7 45.7349 139.64
2 8 45.9962 139.19
2 9 46.2536 138.738
2 10 46.5074 138.283
2 11 46.758 137.826
2 12 47.0056 137.366
2 13 47.2503 136.903
2 14 47.4922 136.437
2 15 47.1977 136.644
2 16 47.4562 136.166
2 17 47.7074 135.689
2 18 47.9521 135.213
2 19 48.1909 134.737
2 20 48.4241 134.262
2 21 48.6521 133.787
2 22 48.8751 133.313
2 23 49.0933 132.838
2 24 49.307 132.364
2 25 49.5162 131.89
2 26 49.721 131.416
2 27 49.9214 130.943
2 28 50.1176 130.47
2 29 50.3095 129.997
2 30 50.4973 129.525
2 31 50.6809 129.055
2 32 50.8603 128.585
2 33 51.0356 128.117
2 34 51.2068 127.65
2 35 51.3738 127.185
2 36 51.5367 126.722
2 37 51.6954 126.261
2 38 51.8501 125.803
2 39 52.0006 125.347
2 40 52.1471 124.894
2 41 52.2894 124.445
2 42 52.4276 123.999
2 43 52.5617 123.556
2 44 52.6917 123.118
2 45 52.7138 122.047
2 46 52.8955 121.45
2 47 53.0725 120.852
2 48 53.2449 120.253
2 49 53.4128 119.652
2 50 53.5763 119.049
2 51 53.7355 118.444
2 52 53.8903 117.838
2 53 54.0408 117.231
2 54 54.1871 116.622
2 55 54.3292 116.012
2 56 54.4671 115.4
2 57 54.6008 114.788
2 58 54.7305 114.174
2 59 54.856 113.56
2 60 54.9775 112.944
2 61 55.095 112.328
2 62 55.2084 111.712
2 63 55.3178 111.095
2 64 55.4233 110.478
2 65 55.5248 109.86
2 66 55.6224 109.243
2 67 55.716 108.626
2 68 55.8058 108.009
2 69 55.8917 107.392
2 70 55.9738 106.776
2 71 56.0521 106.161
2 72 56.1266 105.547
2 73 56.1974 104.934
2 74 56.2644 104.323
2 75 56.3277 103.712
2 76 56.3874 103.104
2 77 56.4434 102.497
2 78 56.4959 101.893
2 79 56.5448 101.29
2 80 56.5902 100.69
2 81 56.6321 100.092
2 82 56.6706 99.4969
2 83 56.7057 98.9047
2 84 56.7375 98.3154
2 85 56.766 97.7294
2 86 56.7912 97.1466
2 87 56.8132 96.5674
2 88 56.832 95.9918
2 89 56.8478 95.42
2 90 56.8605 94.8521
2 91 56.8702 94.2884
2 92 56.877 93.7289
2 93 56.8808 93.1738
2 94 56.8819 92.6232
2 95 56.8802 92.0773
2 96 56.8757 91.5362
2 97 56.8687 91
2 98 56.859 90.4688
2 99 56.8468 89.9428
2 100 56.8321 89.4221
2 101 56.815 88.9068
2 102 56.7956 88.3969
2 103 56.7739 87.8927
2 104 56.7499 87.3942
2 105 56.7238 86.9014
2 106 56.6956 86.4145
2 107 56.6654 85.9336
2 108 56.6333 85.4587
2 109 56.5992 84.99
2 110 56.5633 84.5274
3 1 44.0257 142.475
3 2 44.3951 142.004
3 3 44.7242 141.559
3 4 45.0318 141.127
3 5 45.3283 140.698
3 6 45.6171 140.271
3 7 45.9004 139.843
3 8 46.1792 139.413
3 9 46.4542 138.982
3 10 46.7258 138.548
3 11 46.9944 138.111
3 12 47.2601 137.671
3 13 47.5231 137.228
3 14 47.7834 136.781
3 15 47.5041 136.99
3 16 47.7801 136.531
3 17 48.049 136.073
3 18 48.3116 135.616
3 19 48.5684 135.159
3 20 48.8198 134.702
3 21 49.066 134.245
3 22 49.3074 133.788
3 23 49.5441 133.33
3 24 49.7763 132.873
3 25 50.0041 132.415
3 26 50.2275 131.957
3 27 50.4466 131.498
3 28 50.6615 131.04
3 29 50.8721 130.582
3 30 51.0786 130.125
3 31 51.2809 129.668
3 32 51.479 129.211
3 33 51.673 128.756
3 34 51.8628 128.301
3 35 52.0484 127.848
3 36 52.2298 127.396
3 37 52.4071 126.946
3 38 52.5802 126.498
3 39 52.749 126.052
3 40 52.9137 125.608
3 41 53.0741 125.167
3 42 53.2303 124.73
3 43 53.3824 124.295
3 44 53.5302 123.864
3 45 53.6404 122.817
3 46 53.8437 122.228
3 47 54.0425 121.636
3 48 54.2368 121.042
3 49 54.4267 120.445
3 50 54.6122 119.846
3 51 54.7933 119.244
3 52 54.9702 118.64
3 53 55.1428 118.034
3 54 55.3112 117.426
3 55 55.4754 116.815
3 56 55.6355 116.203
3 57 55.7913 115.588
3 58 55.9431 114.971
3 59 56.0907 114.353
3 60 56.2343 113.733
3 61 56.3737 113.111
3 62 56.5091 112.488
3 63 56.6404 111.863
3 64 56.7677 111.238
3 65 56.891 110.611
3 66 57.0102 109.983
3 67 57.1254 109.355
3 68 57.2366 108.726
3 69 57.3439 108.097
3 70 57.4472 107.467
3 71 57.5465 106.837
3 72 57.642 106.208
3 73 57.7335 105.579
3 74 57.8212 104.95
3 75 57.905 104.322
3 76 57.985 103.694
3 77 58.0612 103.068
3 78 58.1336 102.443
3 79 58.2023 101.819
3 80 58.2672 101.197
3 81 58.3285 100.577
3 82 58.3862 99.9588
3 83 58.4403 99.3427
3 84 58.4908 98.729
3 85 58.5378 98.1179
3 86 58.5813 97.5095
3 87 58.6213 96.9041
3 88 58.658 96.3018
3 89 58.6914 95.7028
3 90 58.7215 95.1072
3 91 58.7483 94.5154
3 92 58.772 93.9274
3 93 58.7925 93.3434
3 94 58.8099 92.7636
3 95 58.8244 92.1881
3 96 58.8359 91.6171
3 97 58.8445 91.0508
3 98 58.8502 90.4893
3 99 58.8532 89.9328
3 100 58.8534 89.3813
3 101 58.8511 88.8351
3 102 58.8461 88.2943
3 103 58.8386 87.759
3 104 58.8286 87.2293
3 105 58.8163 86.7053
3 106 58.8016 86.1872
3 107 58.7847 85.6751
3 108 58.7656 85.169
3 109 58.7443 84.6691
3 110 58.721 84.1755
4 1 44.0889 142.553
4 2 44.4719 142.106
4 3 44.8162 141.684
4 4 45.1395 141.275
4 5 45.4519 140.87
4 6 45.757 140.465
4 7 46.0568 140.06
4 8 46.3522 139.653
4 9 46.644 139.244
4 10 46.9326 138.832
4 11 47.2183 138.417
4 12 47.5013 137.999
4 13 47.7818 137.578
4 14 48.0597 137.154
4 15 47.7934 137.367
4 16 48.0862 136.929
4 17 48.3722 136.492
4 18 48.652 136.056
4 19 48.9261 135.619
4 20 49.195 135.183
4 21 49.4588 134.746
4 22 49.7179 134.308
4 23 49.9724 133.87
4 24 50.2225 133.432
4 25 50.4682 132.992
4 26 50.7096 132.553
4 27 50.9468 132.113
4 28 51.1797 131.672
4 29 51.4085 131.231
4 30 51.6331 130.791
4 31 51.8536 130.35
4 32 52.0699 129.91
4 33 52.282 129.47
4 34 52.4899 129.03
4 35 52.6937 128.592
4 36 52.8932 128.154
4 37 53.0885 127.718
4 38 53.2795 127.283
4 39 53.4663 126.849
4 40 53.6488 126.418
4 41 53.827 125.989
4 42 54.0009 125.562
4 43 54.1705 125.138
4 44 54.3357 124.718
4 45 54.5298 123.711
4 46 54.7548 123.132
4 47 54.9753 122.55
4 48 55.1914 121.965
4 49 55.4032 121.377
4 50 55.6107 120.785
4 51 55.814 120.19
4 52 56.013 119.592
4 53 56.2079 118.991
4 54 56.3986 118.387
4 55 56.5851 117.78
4 56 56.7675 117.169
4 57 56.9457 116.556
4 58 57.1199 115.94
4 59 57.2899 115.321
4 60 57.4559 114.699
4 61 57.6177 114.075
4 62 57.7755 113.449
4 63 57.9292 112.82
4 64 58.0787 112.189
4 65 58.2242 111.555
4 66 58.3657 110.92
4 67 58.503 110.284
4 68 58.6363 109.645
4 69 58.7655 109.005
4 70 58.8907 108.364
4 71 59.0118 107.722
4 72 59.1289 107.079
4 73 59.242 106.435
4 74 59.3511 105.791
4 75 59.4561 105.146
4 76 59.5572 104.501
4 77 59.6544 103.857
4 78 59.7476 103.212
4 79 59.8368 102.568
4 80 59.9222 101.925
4 81 60.0038 101.283
4 82 60.0815 100.642
4 83 60.1554 100.002
4 84 60.2255 99.3634
4 85 60.2919 98.7269
4 86 60.3546 98.0924
4 87 60.4137 97.4601
4 88 60.4691 96.8302
4 89 60.5209 96.2029
4 90 60.5693 95.5785
4 91 60.6141 94.9572
4 92 60.6555 94.3391
4 93 60.6936 93.7245
4 94 60.7283 93.1136
4 95 60.7598 92.5065
4 96 60.788 91.9035
4 97 60.8131 91.3047
4 98 60.8351 90.7104
4 99 60.854 90.1207
4 100 60.87 89.5358
4 101 60.883 88.9558
4 102 60.8933 88.381
4 103 60.9007 87.8115
4 104 60.9054 87.2475
4 105 60.9075 86.689
4 106 60.907 86.1363
4 107 60.904 85.5895
4 108 60.8986 85.0487
4 109 60.8907 84.5141
4 110 60.8806 83.9858
5 1 44.1467 142.637
5 2 44.5431 142.215
5 3 44.9019 141.818
5 4 45.2401 141.433
5 5 45.5676 141.052
5 6 45.8881 140.672
5 7 46.2034 140.291
5 8 46.5146 139.908
5 9 46.8223 139.523
5 10 47.127 139.135
5 11 47.4289 138.745
5 12 47.7283 138.351
5 13 48.0253 137.954
5 14 48.3199 137.553
5 15 48.0644 137.772
5 16 48.3734 137.358
5 17 48.6757 136.944
5 18 48.9719 136.531
5 19 49.2626 136.117
5 20 49.5482 135.703
5 21 49.8288 135.289
5 22 50.1049 134.873
5 23 50.3764 134.457
5 24 50.6436 134.04
5 25 50.9065 133.622
5 26 51.1651 133.204
5 27 51.4196 132.784
5 28 51.67 132.364
5 29 51.9162 131.944
5 30 52.1583 131.523
5 31 52.3962 131.101
5 32 52.63 130.68
5 33 52.8596 130.258
5 34 53.0851 129.837
5 35 53.3063 129.416
5 36 53.5233 128.996
5 37 53.7361 128.576
5 38 53.9446 128.158
5 39 54.1488 127.74
5 40 54.3486 127.325
5 41 54.5441 126.91
5 42 54.7352 126.498
5 43 54.9219 126.088
5 44 55.1042 125.681
5 45 55.3774 124.732
5 46 55.6238 124.168
5 47 55.8658 123.6
5 48 56.1036 123.028
5 49 56.3372 122.452
5 50 56.5666 121.872
5 51 56.7919 121.289
5 52 57.0131 120.701
5 53 57.2301 120.109
5 54 57.4431 119.513
5 55 57.652 118.914
5 56 57.8569 118.31
5 57 58.0577 117.702
5 58 58.2544 117.091
5 59 58.4471 116.476
5 60 58.6357 115.857
5 61 58.8202 115.235
5 62 59.0007 114.609
5 63 59.1771 113.979
5 64 59.3494 113.347
5 65 59.5176 112.711
5 66 59.6817 112.072
5 67 59.8417 111.431
5 68 59.9976 110.786
5 69 60.1494 110.139
5 70 60.297 109.49
5 71 60.4406 108.838
5 72 60.5801 108.185
5 73 60.7154 107.529
5 74 60.8466 106.872
5 75 60.9737 106.213
5 76 61.0968 105.553
5 77 61.2157 104.892
5 78 61.3305 104.23
5 79 61.4413 103.567
5 80 61.5481 102.904
5 81 61.6508 102.241
5 82 61.7495 101.578
5 83 61.8442 100.915
5 84 61.9349 100.253
5 85 62.0217 99.5914
5 86 62.1046 98.9308
5 87 62.1836 98.2715
5 88 62.2588 97.6136
5 89 62.3302 96.9575
5 90 62.3978 96.3034
5 91 62.4617 95.6515
5 92 62.5219 95.0021
5 93 62.5784 94.3553
5 94 62.6314 93.7115
5 95 62.6809 93.0709
5 96 62.7269 92.4337
5 97 62.7694 91.8001
5 98 62.8086 91.1704
5 99 62.8445 90.5448
5 100 62.8771 89.9235
5 101 62.9066 89.3068
5 102 62.9329 88.6947
5 103 62.9562 88.0876
5 104 62.9765 87.4856
5 105 62.9938 86.889
5 106 63.0083 86.2978
5 107 63.02 85.7124
5 108 63.029 85.1328
5 109 63.0354 84.5593
5 110 63.0392 83.9919
6 1 44.1993 142.726
6 2 44.6086 142.33
6 3 44.9811 141.959
6 4 45.3333 141.6
6 5 45.6751 141.244
6 6 46.01 140.89
6 7 46.3399 140.534
6 8 46.6658 140.178
6 9 46.9884 139.818
6 10 47.3082 139.457
6 11 47.6254 139.092
6 12 47.9401 138.724
6 13 48.2527 138.353
6 14 48.563 137.978
6 15 48.3164 138.205
6 16 48.6406 137.816
6 17 48.9583 137.428
6 18 49.2701 137.04
6 19 49.5765 136.651
6 20 49.8779 136.262
6 21 50.1745 135.872
6 22 50.4666 135.481
6 23 50.7542 135.089
6 24 51.0376 134.696
6 25 51.3169 134.303
6 26 51.5919 133.908
6 27 51.8629 133.512
6 28 52.1298 133.115
6 29 52.3926 132.717
6 30 52.6514 132.319
6 31 52.906 131.92
6 32 53.1565 131.52
6 33 53.4029 131.121
6 34 53.6451 130.721
6 35 53.8832 130.321
6 36 54.117 129.921
6 37 54.3465 129.521
6 38 54.5718 129.123
6 39 54.7927 128.725
6 40 55.0092 128.328
6 41 55.2214 127.932
6 42 55.4291 127.538
6 43 55.6324 127.146
6 44 55.8312 126.755
6 45 56.1782 125.881
6 46 56.4455 125.337
6 47 56.7087 124.787
6 48 56.9679 124.234
6 49 57.2229 123.675
6 50 57.474 123.112
6 51 57.721 122.545
6 52 57.9641 121.972
6 53 58.2032 121.395
6 54 58.4383 120.813
6 55 58.6695 120.226
6 56 58.8968 119.634
6 57 59.1201 119.037
6 58 59.3394 118.436
6 59 59.5548 117.83
6 60 59.7661 117.219
6 61 59.9735 116.604
6 62 60.1769 115.983
6 63 60.3762 115.359
6 64 60.5716 114.73
6 65 60.7628 114.097
6 66 60.95 113.459
6 67 61.1331 112.817
6 68 61.3121 112.172
6 69 61.487 111.522
6 70 61.6577 110.869
6 71 61.8243 110.212
6 72 61.9868 109.552
6 73 62.145 108.889
6 74 62.2992 108.223
6 75 62.4491 107.554
6 76 62.5949 106.882
6 77 62.7364 106.208
6 78 62.8738 105.531
6 79 63.007 104.853
6 80 63.1361 104.173
6 81 63.2609 103.491
6 82 63.3816 102.808
6 83 63.4982 102.124
6 84 63.6106 101.439
6 85 63.7189 100.754
6 86 63.8231 100.068
6 87 63.9232 99.3826
6 88 64.0193 98.6972
6 89 64.1113 98.0124
6 90 64.1994 97.3285
6 91 64.2835 96.6456
6 92 64.3636 95.9641
6 93 64.4399 95.2842
6 94 64.5124 94.6063
6 95 64.581 93.9305
6 96 64.6459 93.2573
6 97 64.7071 92.5868
6 98 64.7647 91.9193
6 99 64.8187 91.2551
6 100 64.8691 90.5945
6 101 64.916 89.9377
6 102 64.9596 89.285
6 103 64.9998 88.6366
6 104 65.0366 87.9928
6 105 65.0703 87.3538
6 106 65.1009 86.7199
6 107 65.1283 86.0913
6 108 65.1527 85.4682
6 109 65.1742 84.8509
6 110 65.1929 84.2395
7 1 44.2464 142.82
7 2 44.6682 142.451
7 3 45.0536 142.107
7 4 45.4188 141.775
7 5 45.7738 141.446
7 6 46.1221 141.119
7 7 46.4656 140.791
7 8 46.8052 140.461
7 9 47.1417 140.129
7 10 47.4755 139.795
7 11 47.8069 139.458
7 12 48.136 139.117
7 13 48.463 138.774
7 14 48.7879 138.427
7 15 48.5481 138.664
7 16 48.8867 138.302
7 17 49.2189 137.941
7 18 49.5453 137.58
7 19 49.8664 137.219
7 20 50.1826 136.857
7 21 50.4942 136.494
7 22 50.8013 136.13
7 23 51.1042 135.765
7 24 51.4028 135.399
7 25 51.6974 135.031
7 26 51.9879 134.663
7 27 52.2744 134.293
7 28 52.5569 133.922
7 29 52.8354 133.55
7 30 53.1098 133.178
7 31 53.3803 132.804
7 32 53.6466 132.43
7 33 53.9089 132.055
7 34 54.167 131.679
7 35 54.4209 131.304
7 36 54.6707 130.928
7 37 54.9161 130.552
7 38 55.1573 130.176
7 39 55.3942 129.801
7 40 55.6267 129.427
7 41 55.8547 129.053
7 42 56.0783 128.681
7 43 56.2974 128.31
7 44 56.512 127.94
7 45 56.9269 127.16
7 46 57.2146 126.64
7 47 57.4984 126.115
7 48 57.7783 125.584
7 49 58.0543 125.049
7 50 58.3265 124.508
7 51 58.5949 123.962
7 52 58.8594 123.411
7 53 59.1202 122.854
7 54 59.3771 122.291
7 55 59.6303 121.723
7 56 59.8797 121.149
7 57 60.1253 120.57
7 58 60.367 119.985
7 59 60.605 119.394
7 60 60.839 118.797
7 61 61.0692 118.195
7 62 61.2955 117.587
7 63 61.5179 116.974
7 64 61.7364 116.355
7 65 61.9508 115.73
7 66 62.1613 115.1
7 67 62.3678 114.465
7 68 62.5702 113.824
7 69 62.7685 113.178
7 70 62.9628 112.528
7 71 63.1529 111.872
7 72 63.3389 111.211
7 73 63.5208 110.546
7 74 63.6985 109.876
7 75 63.8719 109.202
7 76 64.0412 108.524
7 77 64.2062 107.841
7 78 64.367 107.155
7 79 64.5236 106.465
7 80 64.6759 105.772
7 81 64.8239 105.076
7 82 64.9676 104.377
7 83 65.1071 103.675
7 84 65.2423 102.971
7 85 65.3733 102.265
7 86 65.4999 101.557
7 87 65.6224 100.847
7 88 65.7406 100.136
7 89 65.8546 99.4244
7 90 65.9644 98.7117
7 91 66.07 97.9986
7 92 66.1715 97.2854
7 93 66.2688 96.5725
7 94 66.3621 95.86
7 95 66.4513 95.1484
7 96 66.5365 94.438
7 97 66.6178 93.7291
7 98 66.6951 93.0219
7 99 66.7685 92.3169
7 100 66.8381 91.6144
7 101 66.9039 90.9146
7 102 66.9661 90.2179
7 103 67.0245 89.5246
7 104 67.0793 88.8349
7 105 67.1307 88.1493
7 106 67.1785 87.468
7 107 67.2229 86.7913
7 108 67.2641 86.1194
7 109 67.3019 85.4527
7 110 67.3366 84.7915
8 1 44.2881 142.919
8 2 44.7243 142.576
8 3 45.1191 142.261
8 4 45.4964 141.957
8 5 45.8636 141.657
8 6 46.2242 141.358
8 7 46.5801 141.058
8 8 46.9324 140.757
8 9 47.2816 140.454
8 10 47.6283 140.149
8 11 47.9727 139.841
8 12 48.315 139.53
8 13 48.6553 139.216
8 14 48.9937 138.898
8 15 48.7588 139.148
8 16 49.1107 138.815
8 17 49.4562 138.483
8 18 49.7962 138.151
8 19 50.131 137.818
8 20 50.4609 137.486
8 21 50.7864 137.152
8 22 51.1075 136.817
8 23 51.4244 136.481
8 24 51.7373 136.144
8 25 52.0461 135.806
8 26 52.351 135.466
8 27 52.652 135.126
8 28 52.949 134.784
8 29 53.242 134.441
8 30 53.5312 134.096
8 31 53.8163 133.751
8 32 54.0974 133.405
8 33 54.3745 133.058
8 34 54.6475 132.71
8 35 54.9164 132.362
8 36 55.181 132.014
8 37 55.4415 131.665
8 38 55.6977 131.316
8 39 55.9495 130.968
8 40 56.197 130.62
8 41 56.44 130.272
8 42 56.6786 129.925
8 43 56.9127 129.579
8 44 57.1421 129.234
8 45 57.6182 128.567
8 46 57.9255 128.077
8 47 58.2291 127.582
8 48 58.5289 127.081
8 49 58.8251 126.574
8 50 59.1177 126.062
8 51 59.4067 125.544
8 52 59.692 125.02
8 53 59.9738 124.49
8 54 60.252 123.954
8 55 60.5266 123.411
8 56 60.7976 122.862
8 57 61.065 122.307
8 58 61.3288 121.746
8 59 61.5889 121.177
8 60 61.8453 120.603
8 61 62.098 120.021
8 62 62.347 119.433
8 63 62.5922 118.839
8 64 62.8337 118.237
8 65 63.0713 117.63
8 66 63.3051 117.015
8 67 63.535 116.394
8 68 63.7609 115.766
8 69 63.9829 115.132
8 70 64.201 114.492
8 71 64.415 113.845
8 72 64.6249 113.191
8 73 64.8307 112.532
8 74 65.0325 111.866
8 75 65.2301 111.195
8 76 65.4235 110.517
8 77 65.6127 109.834
8 78 65.7976 109.145
8 79 65.9783 108.451
8 80 66.1547 107.752
8 81 66.3269 107.048
8 82 66.4947 106.339
8 83 66.6582 105.626
8 84 66.8173 104.908
8 85 66.9721 104.186
8 86 67.1225 103.46
8 87 67.2685 102.731
8 88 67.4102 101.998
8 89 67.5476 101.263
8 90 67.6805 100.525
8 91 67.8091 99.7843
8 92 67.9334 99.0419
8 93 68.0534 98.2977
8 94 68.169 97.5522
8 95 68.2804 96.8056
8 96 68.3875 96.0584
8 97 68.4904 95.311
8 98 68.5891 94.5636
8 99 68.6836 93.8167
8 100 68.774 93.0705
8 101 68.8604 92.3256
8 102 68.9427 91.5822
8 103 69.0211 90.8408
8 104 69.0955 90.1017
8 105 69.1661 89.3653
8 106 69.2328 88.6319
8 107 69.2958 87.902
8 108 69.3552 87.1759
8 109 69.4109 86.4539
8 110 69.4632 85.7364
9 1 44.3241 143.023
9 2 44.7716 142.707
9 3 45.1774 142.422
9 4 45.5657 142.146
9 5 45.944 141.875
9 6 46.3158 141.606
9 7 46.6831 141.336
9 8 47.0468 141.065
9 9 47.4076 140.792
9 10 47.766 140.517
9 11 48.1222 140.24
9 12 48.4764 139.96
9 13 48.8289 139.677
9 14 49.1796 139.391
9 15 48.9473 139.654
9 16 49.3114 139.352
9 17 49.6693 139.05
9 18 50.0217 138.749
9 19 50.369 138.448
9 20 50.7115 138.146
9 21 51.0497 137.844
9 22 51.3836 137.541
9 23 51.7134 137.236
9 24 52.0393 136.931
9 25 52.3612 136.624
9 26 52.6792 136.316
9 27 52.9934 136.007
9 28 53.3038 135.696
9 29 53.6102 135.384
9 30 53.9128 135.072
9 31 54.2115 134.758
9 32 54.5063 134.443
9 33 54.797 134.127
9 34 55.0837 133.811
9 35 55.3663 133.494
9 36 55.6448 133.176
9 37 55.9191 132.858
9 38 56.1892 132.539
9 39 56.4549 132.221
9 40 56.7163 131.903
9 41 56.9732 131.585
9 42 57.2257 131.267
9 43 57.4736 130.95
9 44 57.717 130.634
9 45 58.2466 130.101
9 46 58.5724 129.646
9 47 58.8946 129.186
9 48 59.2134 128.721
9 49 59.5288 128.25
9 50 59.8408 127.772
9 51 60.1494 127.289
9 52 60.4546 126.8
9 53 60.7565 126.304
9 54 61.055 125.801
9 55 61.3502 125.292
9 56 61.642 124.776
9 57 61.9304 124.253
9 58 62.2154 123.723
9 59 62.497 123.186
9 60 62.7751 122.642
9 61 63.0498 122.091
9 62 63.3209 121.532
9 63 63.5885 120.965
9 64 63.8525 120.391
9 65 64.1129 119.81
9 66 64.3697 119.22
9 67 64.6227 118.623
9 68 64.872 118.019
9 69 65.1176 117.406
9 70 65.3593 116.786
9 71 65.5971 116.158
9 72 65.8311 115.523
9 73 66.0611 114.879
9 74 66.2871 114.228
9 75 66.5091 113.57
9 76 66.7271 112.904
9 77 66.9409 112.23
9 78 67.1506 111.549
9 79 67.3561 110.861
9 80 67.5574 110.165
9 81 67.7544 109.463
9 82 67.9472 108.753
9 83 68.1356 108.037
9 84 68.3197 107.315
9 85 68.4994 106.586
9 86 68.6748 105.851
9 87 68.8457 105.11
9 88 69.0122 104.364
9 89 69.1743 103.612
9 90 69.3319 102.855
9 91 69.485 102.094
9 92 69.6337 101.327
9 93 69.7779 100.557
9 94 69.9176 99.7831
9 95 70.0529 99.0055
9 96 70.1837 98.2249
9 97 70.3101 97.4416
9 98 70.4321 96.6559
9 99 70.5496 95.8684
9 100 70.6628 95.0793
9 101 70.7717 94.2891
9 102 70.8762 93.4983
9 103 70.9765 92.7072
9 104 71.0725 91.9164
9 105 71.1643 91.1262
9 106 71.252 90.3371
9 107 71.3356 89.5496
9 108 71.4152 88.764
9 109 71.4908 87.9809
9 110 71.5625 87.2007
10 1 44.3543 143.13
10 2 44.8124 142.844
10 3 45.2283 142.587
10 4 45.6265 142.342
10 5 46.0148 142.101
10 6 46.3967 141.862
10 7 46.774 141.623
10 8 47.1479 141.383
10 9 47.5191 141.142
10 10 47.8879 140.899
10 11 48.2547 140.653
10 12 48.6197 140.405
10 13 48.9829 140.155
10 14 49.3446 139.902
10 15 49.1129 140.181
10 16 49.4881 139.911
10 17 49.8571 139.642
10 18 50.2206 139.373
10 19 50.5792 139.105
10 20 50.9331 138.836
10 21 51.2827 138.567
10 22 51.6282 138.297
10 23 51.9696 138.026
10 24 52.3071 137.754
10 25 52.6408 137.481
10 26 52.9707 137.207
10 27 53.2969 136.932
10 28 53.6192 136.656
10 29 53.9378 136.378
10 30 54.2526 136.1
10 31 54.5635 135.82
10 32 54.8705 135.539
10 33 55.1736 135.258
10 34 55.4728 134.976
10 35 55.7678 134.693
10 36 56.0588 134.409
10 37 56.3457 134.125
10 38 56.6283 133.84
10 39 56.9066 133.556
10 40 57.1806 133.271
10 41 57.4502 132.987
10 42 57.7154 132.702
10 43 57.976 132.419
10 44 58.232 132.136
10 45 58.8065 131.754
10 46 59.1495 131.342
10 47 59.4891 130.924
10 48 59.8255 130.5
10 49 60.1587 130.071
10 50 60.4888 129.636
10 51 60.8157 129.194
10 52 61.1395 128.747
10 53 61.4603 128.293
10 54 61.7779 127.832
10 55 62.0924 127.364
10 56 62.4038 126.89
10 57 62.7121 126.408
10 58 63.0173 125.919
10 59 63.3193 125.423
10 60 63.6181 124.919
10 61 63.9137 124.407
10 62 64.206 123.888
10 63 64.495 123.36
10 64 64.7808 122.824
10 65 65.0632 122.28
10 66 65.3421 121.728
10 67 65.6177 121.167
10 68 65.8897 120.597
10 69 66.1582 120.019
10 70 66.4232 119.432
10 71 66.6845 118.836
10 72 66.9421 118.231
10 73 67.1961 117.617
10 74 67.4462 116.995
10 75 67.6926 116.363
10 76 67.9351 115.721
10 77 68.1736 115.071
10 78 68.4082 114.412
10 79 68.6388 113.743
10 80 68.8653 113.066
10 81 69.0878 112.379
10 82 69.306 111.683
10 83 69.5201 110.979
10 84 69.73 110.265
10 85 69.9355 109.543
10 86 70.1368 108.812
10 87 70.3337 108.073
10 88 70.5262 107.326
10 89 70.7143 106.57
10 90 70.8979 105.806
10 91 71.0771 105.035
10 92 71.2517 104.256
10 93 71.4219 103.47
10 94 71.5875 102.678
10 95 71.7485 101.878
10 96 71.905 101.073
10 97 72.0569 100.261
10 98 72.2042 99.4444
10 99 72.3469 98.6222
10 100 72.4851 97.7954
10 101 72.6187 96.9642
10 102 72.7478 96.1292
10 103 72.8723 95.2909
10 104 72.9923 94.4496
10 105 73.1078 93.6059
10 106 73.2189 92.7603
10 107 73.3256 91.9132
10 108 73.4279 91.0654
10 109 73.5259 90.2172
10 110 73.6196 89.3692
11 1 44.3784 143.242
11 2 44.8466 142.984
11 3 45.2715 142.758
11 4 45.6786 142.543
11 5 46.0756 142.333
11 6 46.4663 142.126
11 7 46.8525 141.918
11 8 47.2354 141.711
11 9 47.6156 141.502
11 10 47.9936 141.292
11 11 48.3697 141.079
11 12 48.744 140.865
11 13 49.1168 140.649
11 14 49.488 140.43
11 15 49.2547 140.726
11 16 49.6397 140.489
11 17 50.0186 140.254
11 18 50.392 140.02
11 19 50.7605 139.786
11 20 51.1245 139.552
11 21 51.4842 139.318
11 22 51.8398 139.083
11 23 52.1915 138.848
11 24 52.5393 138.612
11 25 52.8834 138.375
11 26 53.2238 138.137
11 27 53.5605 137.898
11 28 53.8934 137.658
11 29 54.2227 137.417
11 30 54.5482 137.175
11 31 54.8699 136.933
11 32 55.1878 136.689
11 33 55.5018 136.445
11 34 55.8119 136.199
11 35 56.118 135.954
11 36 56.4201 135.707
11 37 56.718 135.46
11 38 57.0118 135.213
11 39 57.3013 134.966
11 40 57.5865 134.719
11 41 57.8673 134.471
11 42 58.1437 134.224
11 43 58.4156 133.977
11 44 58.6828 133.731
11 45 59.2927 133.521
11 46 59.6511 133.156
11 47 60.0065 132.786
11 48 60.3589 132.411
11 49 60.7084 132.03
11 50 61.0549 131.644
11 51 61.3985 131.252
11 52 61.7394 130.854
11 53 62.0773 130.45
11 54 62.4124 130.039
11 55 62.7447 129.622
11 56 63.0742 129.198
11 57 63.4008 128.767
11 58 63.7246 128.329
11 59 64.0454 127.883
11 60 64.3634 127.43
11 61 64.6785 126.969
11 62 64.9906 126.501
11 63 65.2997 126.024
11 64 65.6058 125.538
11 65 65.9088 125.045
11 66 66.2087 124.542
11 67 66.5055 124.031
11 68 66.7992 123.511
11 69 67.0895 122.981
11 70 67.3767 122.442
11 71 67.6605 121.894
11 72 67.9409 121.336
11 73 68.2179 120.768
11 74 68.4914 120.19
11 75 68.7615 119.601
11 76 69.0279 119.003
11 77 69.2907 118.394
11 78 69.5498 117.775
11 79 69.8052 117.145
11 80 70.0568 116.504
11 81 70.3045 115.853
11 82 70.5483 115.19
11 83 70.7882 114.517
11 84 71.0241 113.832
11 85 71.2559 113.137
11 86 71.4836 112.431
11 87 71.7071 111.713
11 88 71.9264 110.985
11 89 72.1414 110.245
11 90 72.3522 109.495
11 91 72.5585 108.733
11 92 72.7605 107.961
11 93 72.958 107.179
11 94 73.1511 106.386
11 95 73.3396 105.583
11 96 73.5236 104.769
11 97 73.703 103.946
11 98 73.8778 103.114
11 99 74.0479 102.272
11 100 74.2134 101.421
11 101 74.3743 100.562
11 102 74.5304 99.6944
11 103 74.6819 98.8191
11 104 74.8287 97.9365
11 105 74.9708 97.0471
11 106 75.1082 96.1513
11 107 75.2409 95.2497
11 108 75.369 94.3429
11 109 75.4925 93.4313
11 110 75.6113 92.5156
12 1 44.3963 143.357
12 2 44.8739 143.128
12 3 45.3069 142.933
12 4 45.7216 142.749
12 5 46.1263 142.571
12 6 46.5245 142.396
12 7 46.9184 142.221
12 8 47.3089 142.046
12 9 47.6969 141.871
12 10 48.0827 141.695
12 11 48.4666 141.517
12 12 48.8489 141.337
12 13 49.2298 141.156
12 14 49.6092 140.972
12 15 49.372 141.287
12 16 49.7655 141.086
12 17 50.1529 140.886
12 18 50.5349 140.687
12 19 50.912 140.489
12 20 51.2846 140.291
12 21 51.653 140.094
12 22 52.0173 139.896
12 23 52.3778 139.698
12 24 52.7345 139.499
12 25 53.0875 139.3
12 26 53.4368 139.1
12 27 53.7825 138.899
12 28 54.1245 138.698
12 29 54.4629 138.496
12 30 54.7976 138.293
12 31 55.1286 138.09
12 32 55.4558 137.886
12 33 55.7792 137.681
12 34 56.0987 137.476
12 35 56.4142 137.27
12 36 56.7258 137.064
12 37 57.0333 136.857
12 38 57.3366 136.651
12 39 57.6357 136.444
12 40 57.9305 136.237
12 41 58.221 136.03
12 42 58.507 135.824
12 43 58.7885 135.618
12 44 59.0654 135.412
12 45 59.6998 135.391
12 46 60.0719 135.079
12 47 60.4412 134.762
12 48 60.8077 134.442
12 49 61.1714 134.116
12 50 61.5325 133.786
12 51 61.8909 133.45
12 52 62.2467 133.109
12 53 62.5999 132.763
12 54 62.9505 132.41
12 55 63.2986 132.052
12 56 63.6441 131.688
12 57 63.987 131.317
12 58 64.3274 130.94
12 59 64.6651 130.556
12 60 65.0003 130.164
12 61 65.3328 129.766
12 62 65.6627 129.36
12 63 65.9899 128.946
12 64 66.3144 128.525
12 65 66.6361 128.095
12 66 66.9551 127.657
12 67 67.2713 127.21
12 68 67.5847 126.755
12 69 67.8951 126.29
12 70 68.2027 125.817
12 71 68.5072 125.333
12 72 68.8088 124.84
12 73 69.1073 124.337
12 74 69.4026 123.824
12 75 69.6948 123.3
12 76 69.9838 122.766
12 77 70.2695 122.221
12 78 70.5519 121.664
12 79 70.8309 121.096
12 80 71.1065 120.517
12 81 71.3786 119.926
12 82 71.6472 119.322
12 83 71.9121 118.707
12 84 72.1734 118.079
12 85 72.4309 117.438
12 86 72.6847 116.784
12 87 72.9347 116.118
12 88 73.1807 115.438
12 89 73.4228 114.745
12 90 73.6609 114.038
12 91 73.8949 113.317
12 92 74.1248 112.583
12 93 74.3505 111.835
12 94 74.572 111.074
12 95 74.7892 110.298
12 96 75.002 109.508
12 97 75.2105 108.704
12 98 75.4144 107.886
12 99 75.6139 107.055
12 100 75.8089 106.21
12 101 75.9993 105.351
12 102 76.185 104.478
12 103 76.3661 103.592
12 104 76.5425 102.694
12 105 76.7142 101.782
12 106 76.8811 100.858
12 107 77.0433 99.9225
12 108 77.2007 98.975
12 109 77.3532 98.0163
12 110 77.501 97.047
13 1 44.4076 143.475
13 2 44.8941 143.276
13 3 45.3341 143.111
13 4 45.7554 142.96
13 5 46.1665 142.814
13 6 46.5711 142.671
13 7 46.9712 142.53
13 8 47.3681 142.389
13 9 47.7624 142.248
13 10 48.1546 142.106
13 11 48.5451 141.964
13 12 48.934 141.82
13 13 49.3214 141.674
13 14 49.7076 141.527
13 15 49.4639 141.863
13 16 49.8646 141.697
13 17 50.2592 141.533
13 18 50.6484 141.371
13 19 51.0327 141.21
13 20 51.4125 141.05
13 21 51.788 140.89
13 22 52.1596 140.731
13 23 52.5273 140.571
13 24 52.8913 140.412
13 25 53.2517 140.252
13 26 53.6084 140.092
13 27 53.9615 139.931
13 28 54.311 139.771
13 29 54.6569 139.609
13 30 54.9992 139.448
13 31 55.3377 139.286
13 32 55.6726 139.123
13 33 56.0036 138.961
13 34 56.3309 138.798
13 35 56.6542 138.634
13 36 56.9735 138.471
13 37 57.2888 138.307
13 38 57.5999 138.144
13 39 57.9069 137.98
13 40 58.2096 137.817
13 41 58.5079 137.654
13 42 58.8018 137.491
13 43 59.0912 137.329
13 44 59.376 137.167
13 45 60.0232 137.35
13 46 60.4069 137.096
13 47 60.7878 136.839
13 48 61.1662 136.578
13 49 61.542 136.313
13 50 61.9153 136.045
13 51 62.2862 135.772
13 52 62.6546 135.495
13 53 63.0207 135.214
13 54 63.3845 134.928
13 55 63.7459 134.637
13 56 64.105 134.341
13 57 64.4618 134.04
13 58 64.8162 133.733
13 59 65.1684 133.42
13 60 65.5182 133.101
13 61 65.8656 132.776
13 62 66.2107 132.445
13 63 66.5534 132.107
13 64 66.8937 131.763
13 65 67.2316 131.411
13 66 67.5671 131.052
13 67 67.9 130.685
13 68 68.2305 130.311
13 69 68.5584 129.928
13 70 68.8838 129.538
13 71 69.2065 129.138
13 72 69.5266 128.73
13 73 69.844 128.313
13 74 70.1586 127.886
13 75 70.4705 127.45
13 76 70.7796 127.004
13 77 71.0858 126.547
13 78 71.3891 126.08
13 79 71.6894 125.602
13 80 71.9867 125.112
13 81 72.281 124.612
13 82 72.5721 124.099
13 83 72.8601 123.574
13 84 73.1449 123.037
13 85 73.4263 122.486
13 86 73.7045 121.923
13 87 73.9793 121.346
13 88 74.2506 120.754
13 89 74.5185 120.149
13 90 74.7828 119.529
13 91 75.0434 118.894
13 92 75.3004 118.243
13 93 75.5537 117.577
13 94 75.8032 116.895
13 95 76.0488 116.196
13 96 76.2904 115.48
13 97 76.5281 114.747
13 98 76.7618 113.997
13 99 76.9913 113.229
13 100 77.2167 112.444
13 101 77.4379 111.639
13 102 77.6548 110.817
13 103 77.8673 109.975
13 104 78.0754 109.115
13 105 78.2791 108.236
13 106 78.4782 107.337
13 107 78.6728 106.419
13 108 78.8627 105.482
13 109 79.048 104.526
13 110 79.2285 103.55
14 1 44.412 143.597
14 2 44.9071 143.427
14 3 45.3532 143.293
14 4 45.7799 143.174
14 5 46.196 143.061
14 6 46.6056 142.951
14 7 47.0108 142.844
14 8 47.4126 142.737
14 9 47.8119 142.631
14 10 48.2092 142.525
14 11 48.6047 142.418
14 12 48.9987 142.31
14 13 49.3913 142.202
14 14 49.7827 142.092
14 15 49.5298 142.45
14 16 49.9364 142.321
14 17 50.3368 142.194
14 18 50.7317 142.069
14 19 51.1217 141.946
14 20 51.5072 141.825
14 21 51.8884 141.704
14 22 52.2657 141.584
14 23 52.6391 141.464
14 24 53.0088 141.345
14 25 53.3749 141.226
14 26 53.7373 141.107
14 27 54.0962 140.988
14 28 54.4515 140.869
14 29 54.8032 140.75
14 30 55.1513 140.632
14 31 55.4957 140.513
14 32 55.8364 140.394
14 33 56.1734 140.275
14 34 56.5065 140.156
14 35 56.8358 140.037
14 36 57.161 139.919
14 37 57.4823 139.8
14 38 57.7994 139.682
14 39 58.1124 139.564
14 40 58.421 139.447
14 41 58.7254 139.33
14 42 59.0253 139.214
14 43 59.3207 139.098
14 44 59.6114 138.983
14 45 60.2586 139.383
14 46 60.6514 139.191
14 47 61.0416 138.997
14 48 61.4294 138.801
14 49 61.8148 138.603
14 50 62.1978 138.402
14 51 62.5785 138.198
14 52 62.957 137.991
14 53 63.3333 137.781
14 54 63.7075 137.568
14 55 64.0794 137.351
14 56 64.4493 137.131
14 57 64.817 136.907
14 58 65.1826 136.679
14 59 65.5461 136.447
14 60 65.9075 136.21
14 61 66.2668 135.969
14 62 66.6239 135.723
14 63 66.979 135.473
14 64 67.3319 135.217
14 65 67.6826 134.956
14 66 68.0311 134.69
14 67 68.3775 134.418
14 68 68.7217 134.14
14 69 69.0636 133.855
14 70 69.4032 133.565
14 71 69.7406 133.268
14 72 70.0756 132.964
14 73 70.4083 132.653
14 74 70.7386 132.335
14 75 71.0665 132.009
14 76 71.3919 131.675
14 77 71.7149 131.333
14 78 72.0353 130.983
14 79 72.3532 130.623
14 80 72.6685 130.255
14 81 72.9812 129.877
14 82 73.2912 129.49
14 83 73.5985 129.092
14 84 73.903 128.684
14 85 74.2047 128.265
14 86 74.5036 127.834
14 87 74.7996 127.392
14 88 75.0927 126.938
14 89 75.3828 126.471
14 90 75.6699 125.991
14 91 75.9539 125.498
14 92 76.2348 124.99
14 93 76.5125 124.468
14 94 76.787 123.931
14 95 77.0583 123.378
14 96 77.3262 122.809
14 97 77.5907 122.223
14 98 77.8518 121.62
14 99 78.1094 120.999
14 100 78.3635 120.358
14 101 78.614 119.699
14 102 78.8608 119.019
14 103 79.1039 118.319
14 104 79.3432 117.597
14 105 79.5786 116.852
14 106 79.8102 116.085
14 107 80.0378 115.294
14 108 80.2613 114.479
14 109 80.4808 113.638
14 110 80.6961 112.771
15 1 44.409 143.722
15 2 44.9125 143.58
15 3 45.3637 143.478
15 4 45.7947 143.39
15 5 46.2147 143.31
15 6 46.6281 143.235
15 7 47.0368 143.162
15 8 47.4423 143.09
15 9 47.8452 143.019
15 10 48.246 142.948
15 11 48.6451 142.878
15 12 49.0427 142.807
15 13 49.439 142.736
15 14 49.8341 142.664
15 15 49.569 143.047
15 16 49.9802 142.954
15 17 50.385 142.865
15 18 50.7842 142.778
15 19 51.1784 142.694
15 20 51.568 142.611
15 21 51.9534 142.53
15 22 52.3348 142.451
15 23 52.7122 142.372
15 24 53.086 142.294
15 25 53.4561 142.216
15 26 53.8226 142.14
15 27 54.1855 142.063
15 28 54.5448 141.988
15 29 54.9006 141.912
15 30 55.2527 141.838
15 31 55.6011 141.763
15 32 55.9459 141.689
15 33 56.2869 141.616
15 34 56.6241 141.542
15 35 56.9574 141.47
15 36 57.2867 141.398
15 37 57.612 141.326
15 38 57.9331 141.255
15 39 58.2501 141.185
15 40 58.5628 141.115
15 41 58.8711 141.046
15 42 59.175 140.979
15 43 59.4743 140.912
15 44 59.769 140.846
15 45 60.4022 141.471
15 46 60.8017 141.345
15 47 61.1986 141.218
15 48 61.5931 141.09
15 49 61.9854 140.962
15 50 62.3753 140.832
15 51 62.763 140.701
15 52 63.1486 140.569
15 53 63.5321 140.435
15 54 63.9136 140.3
15 55 64.293 140.164
15 56 64.6704 140.025
15 57 65.0457 139.885
15 58 65.4192 139.742
15 59 65.7906 139.598
15 60 66.1601 139.451
15 61 66.5276 139.302
15 62 66.8932 139.15
15 63 67.2568 138.996
15 64 67.6184 138.839
15 65 67.9781 138.679
15 66 68.3357 138.517
15 67 68.6914 138.351
15 68 69.0451 138.182
15 69 69.3967 138.01
15 70 69.7463 137.834
15 71 70.0938 137.654
15 72 70.4393 137.471
15 73 70.7826 137.284
15 74 71.1238 137.093
15 75 71.4628 136.897
15 76 71.7997 136.698
15 77 72.1344 136.493
15 78 72.4669 136.284
15 79 72.7971 136.07
15 80 73.125 135.85
15 81 73.4506 135.626
15 82 73.7739 135.395
15 83 74.0948 135.159
15 84 74.4134 134.917
15 85 74.7295 134.668
15 86 75.0432 134.413
15 87 75.3544 134.151
15 88 75.6631 133.882
15 89 75.9692 133.606
15 90 76.2728 133.322
15 91 76.5738 133.029
15 92 76.8722 132.729
15 93 77.1679 132.419
15 94 77.4609 132.1
15 95 77.7512 131.772
15 96 78.0387 131.433
15 97 78.3234 131.084
15 98 78.6053 130.723
15 99 78.8844 130.351
15 100 79.1605 129.967
15 101 79.4337 129.571
15 102 79.704 129.16
15 103 79.9713 128.736
15 104 80.2355 128.296
15 105 80.4967 127.842
15 106 80.7548 127.37
15 107 81.0098 126.881
15 108 81.2615 126.374
15 109 81.5101 125.848
15 110 81.7554 125.301
