16 75 2999 31556736
0 0.000000 180 45
0 1 -69.7591 41.7306
0 2 -70.0353 42.9358
0 3 -70.2927 44.0341
0 4 -70.5391 45.0983
0 5 -70.7768 46.1539
0 6 -71.0074 47.2182
0 7 -71.2306 48.2869
0 8 -71.447 49.369
0 9 -71.6566 50.4668
0 10 -71.8593 51.5819
0 11 -72.0552 52.7151
0 12 -72.2441 53.8671
0 13 -72.4258 55.0381
0 14 -72.6002 56.2282
0 15 -72.6732 55.0185
0 16 -72.8429 56.2951
0 17 -73.004 57.572
0 18 -73.1566 58.8512
0 19 -73.301 60.1336
0 20 -73.437 61.4199
0 21 -73.5648 62.7102
0 22 -73.6844 64.0043
0 23 -73.7959 65.3019
0 24 -73.8992 66.602
0 25 -73.9944 67.9041
0 26 -74.0815 69.2069
0 27 -74.1607 70.5094
0 28 -74.232 71.8104
0 29 -74.2955 73.1085
0 30 -74.3513 74.4023
0 31 -74.3995 75.6905
0 32 -74.4404 76.9716
0 33 -74.474 78.2443
0 34 -74.5006 79.507
0 35 -74.5204 80.7585
0 36 -74.5335 81.9972
0 37 -74.5402 83.2221
0 38 -74.5408 84.4316
0 39 -74.5356 85.6248
0 40 -74.5247 86.8005
0 41 -74.5085 87.9575
0 42 -74.4872 89.095
0 43 -74.4613 90.2121
0 44 -74.4309 91.3079
0 45 -74.7314 93.7964
0 46 -74.6437 95.2895
0 47 -74.5478 96.7567
0 48 -74.4437 98.1975
0 49 -74.3319 99.6112
0 50 -74.2126 100.997
0 51 -74.086 102.356
0 52 -73.9525 103.687
0 53 -73.8123 104.989
0 54 -73.6656 106.263
0 55 -73.5129 107.509
0 56 -73.3543 108.726
0 57 -73.1901 109.916
0 58 -73.0206 111.077
0 59 -72.846 112.211
0 60 -72.6667 113.317
0 61 -72.4827 114.397
0 62 -72.2945 115.449
0 63 -72.1023 116.476
0 64 -71.9062 117.477
0 65 -71.7066 118.452
0 66 -71.5036 119.402
0 67 -71.2974 120.329
0 68 -71.0883 121.231
0 69 -70.8778 122.105
0 70 -70.6634 122.963
0 71 -70.4467 123.798
0 72 -70.2279 124.611
0 73 -70.0071 125.404
0 74 -69.7845 126.176
0 75 -69.5603 126.928
1 1 -69.6929 41.9291
1 2 -69.9479 43.1578
1 3 -70.1846 44.2871
1 4 -70.4102 45.3837
1 5 -70.6269 46.4715
1 6 -70.8358 47.5616
1 7 -71.0377 48.6651
1 8 -71.232 49.7754
1 9 -71.4192 50.8994
1 10 -71.5993 52.0384
1 11 -71.7722 53.1931
1 12 -71.9378 54.3638
1 13 -72.0959 55.5506
1 14 -72.2466 56.7534
1 15 -72.3134 55.6319
1 16 -72.4591 56.9137
1 17 -72.5961 58.1931
1 18 -72.7247 59.4717
1 19 -72.8449 60.7502
1 20 -72.9568 62.0292
1 21 -73.0605 63.3086
1 22 -73.156 64.5882
1 23 -73.2436 65.8673
1 24 -73.3231 67.1453
1 25 -73.3947 68.4214
1 26 -73.4584 69.6944
1 27 -73.5145 70.9634
1 28 -73.5629 72.2271
1 29 -73.6039 73.4845
1 30 -73.6376 74.7341
1 31 -73.6641 75.9749
1 32 -73.6837 77.2055
1 33 -73.6964 78.4248
1 34 -73.7026 79.6315
1 35 -73.7025 80.8244
1 36 -73.6962 82.0025
1 37 -73.6841 83.1647
1 38 -73.6664 84.31
1 39 -73.6434 85.4374
1 40 -73.6153 86.5461
1 41 -73.5824 87.6352
1 42 -73.5451 88.7041
1 43 -73.5036 89.7521
1 44 -73.4582 90.7785
1 45 -73.6691 93.1292
1 46 -73.566 94.5132
1 47 -73.4555 95.8719
1 48 -73.3377 97.205
1 49 -73.2129 98.5124
1 50 -73.0813 99.7939
1 51 -72.9432 101.049
1 52 -72.7989 102.279
1 53 -72.6487 103.482
1 54 -72.4926 104.659
1 55 -72.3311 105.811
1 56 -72.1644 106.936
1 57 -71.9926 108.037
1 58 -71.8161 109.112
1 59 -71.6351 110.161
1 60 -71.4498 111.187
1 61 -71.2604 112.188
1 62 -71.0672 113.165
1 63 -70.8715 114.113
1 64 -70.6712 115.044
1 65 -70.4676 115.952
1 66 -70.2611 116.838
1 67 -70.0518 117.702
1 68 -69.8398 118.545
1 69 -69.6254 119.368
1 70 -69.4088 120.17
1 71 -69.1901 120.952
1 72 -68.9695 121.715
1 73 -68.7472 122.458
1 74 -68.5233 123.184
1 75 -68.298 123.892
2 1 -69.6227 42.1061
2 2 -69.8561 43.3575
2 3 -70.0716 44.5146
2 4 -70.2758 45.6395
2 5 -70.4708 46.7549
2 6 -70.6578 47.8714
2 7 -70.8371 48.9945
2 8 -71.0092 50.1318
2 9 -71.1736 51.2761
2 10 -71.3307 52.433
2 11 -71.4802 53.6028
2 12 -71.6223 54.7858
2 13 -71.7567 55.9818
2 14 -71.8834 57.1906
2 15 -71.9428 56.1433
2 16 -72.0646 57.4242
2 17 -72.1777 58.6999
2 18 -72.2824 59.9716
2 19 -72.3787 61.2402
2 20 -72.4668 62.5059
2 21 -72.5468 63.7687
2 22 -72.6188 65.0281
2 23 -72.6829 66.2838
2 24 -72.7392 67.5349
2 25 -72.7878 68.7806
2 26 -72.8289 70.0201
2 27 -72.8626 71.2523
2 28 -72.8891 72.4762
2 29 -72.9084 73.6907
2 30 -72.9208 74.8948
2 31 -72.9265 76.0874
2 32 -72.9257 77.2674
2 33 -72.9186 78.4339
2 34 -72.9053 79.5857
2 35 -72.8863 80.722
2 36 -72.8616 81.8419
2 37 -72.8316 82.9445
2 38 -72.7965 84.0291
2 39 -72.7566 85.0949
2 40 -72.7122 86.1412
2 41 -72.6636 87.1675
2 42 -72.611 88.1733
2 43 -72.5548 89.158
2 44 -72.4952 90.1213
2 45 -72.6216 92.3295
2 46 -72.5041 93.6177
2 47 -72.3797 94.8814
2 48 -72.2488 96.1207
2 49 -72.1115 97.3354
2 50 -71.9682 98.5257
2 51 -71.819 99.6915
2 52 -71.6642 100.833
2 53 -71.5041 101.95
2 54 -71.3388 103.043
2 55 -71.1685 104.113
2 56 -70.9936 105.158
2 57 -70.8151 106.175
2 58 -70.6314 107.175
2 59 -70.4436 108.152
2 60 -70.252 109.107
2 61 -70.0567 110.04
2 62 -69.858 110.951
2 63 -69.6561 111.84
2 64 -69.4511 112.709
2 65 -69.2432 113.557
2 66 -69.0327 114.385
2 67 -68.8196 115.194
2 68 -68.6043 115.983
2 69 -68.3868 116.754
2 70 -68.1673 117.506
2 71 -67.946 118.24
2 72 -67.7229 118.957
2 73 -67.4984 119.656
2 74 -67.2725 120.339
2 75 -67.0454 121.006
3 1 -69.5489 42.2624
3 2 -69.7603 43.535
3 3 -69.9541 44.7164
3 4 -70.1364 45.8656
3 5 -70.3093 47.0042
3 6 -70.4739 48.1421
3 7 -70.6305 49.2846
3 8 -70.7795 50.4345
3 9 -70.9208 51.5934
3 10 -71.0547 52.7665
3 11 -71.1807 53.9457
3 12 -71.2991 55.135
3 13 -71.4097 56.3343
3 14 -71.5125 57.5431
3 15 -71.5636 56.5575
3 16 -71.6616 57.8321
3 17 -71.751 59.0986
3 18 -71.832 60.3583
3 19 -71.9048 61.6117
3 20 -71.9694 62.8592
3 21 -72.0262 64.1006
3 22 -72.0751 65.3357
3 23 -72.1164 66.5639
3 24 -72.1502 67.7845
3 25 -72.1765 68.9969
3 26 -72.1957 70.2002
3 27 -72.2078 71.3935
3 28 -72.213 72.576
3 29 -72.2115 73.7467
3 30 -72.2036 74.9047
3 31 -72.1893 76.0492
3 32 -72.169 77.1792
3 33 -72.1428 78.294
3 34 -72.1111 79.3926
3 35 -72.074 80.4745
3 36 -72.0318 81.5389
3 37 -71.9847 82.5851
3 38 -71.9331 83.6125
3 39 -71.8772 84.6206
3 40 -71.8174 85.609
3 41 -71.7537 86.5771
3 42 -71.6867 87.5246
3 43 -71.6164 88.4512
3 44 -71.5433 89.3567
3 45 -71.5898 91.421
3 46 -71.4584 92.6245
3 47 -71.3209 93.8044
3 48 -71.1774 94.9609
3 49 -71.0282 96.0941
3 50 -70.8743 97.1981
3 51 -70.7143 98.2856
3 52 -70.5492 99.3503
3 53 -70.3793 100.392
3 54 -70.2048 101.412
3 55 -70.0258 102.41
3 56 -69.8426 103.386
3 57 -69.6554 104.34
3 58 -69.4643 105.273
3 59 -69.2696 106.185
3 60 -69.0715 107.077
3 61 -68.8702 107.949
3 62 -68.6657 108.8
3 63 -68.4584 109.633
3 64 -68.2484 110.446
3 65 -68.0358 111.24
3 66 -67.8208 112.017
3 67 -67.6036 112.775
3 68 -67.3844 113.516
3 69 -67.1632 114.24
3 70 -66.9417 114.942
3 71 -66.7174 115.632
3 72 -66.4917 116.307
3 73 -66.2646 116.965
3 74 -66.0363 117.609
3 75 -65.807 118.237
4 1 -69.4719 42.3987
4 2 -69.6611 43.6904
4 3 -69.8326 44.8927
4 4 -69.9926 46.0621
4 5 -70.1429 47.2192
4 6 -70.2847 48.3738
4 7 -70.4184 49.5307
4 8 -70.5442 50.6927
4 9 -70.6622 51.8611
4 10 -70.7724 53.0367
4 11 -70.8748 54.2196
4 12 -70.9696 55.4136
4 13 -71.0564 56.6107
4 14 -71.1354 57.8142
4 15 -71.1775 56.8792
4 16 -71.252 58.1428
4 17 -71.3179 59.3955
4 18 -71.3756 60.6386
4 19 -71.4253 61.8727
4 20 -71.467 63.0979
4 21 -71.501 64.3143
4 22 -71.5275 65.5216
4 23 -71.5465 66.7193
4 24 -71.5584 67.9069
4 25 -71.5632 69.0837
4 26 -71.5611 70.249
4 27 -71.5524 71.4022
4 28 -71.5371 72.5425
4 29 -71.5156 73.669
4 30 -71.4881 74.7811
4 31 -71.4547 75.8781
4 32 -71.4157 76.9592
4 33 -71.3713 78.0239
4 34 -71.3219 79.0714
4 35 -71.2675 80.1012
4 36 -71.2086 81.1127
4 37 -71.1453 82.1056
4 38 -71.078 83.0792
4 39 -71.0069 84.0334
4 40 -70.933 84.9613
4 41 -70.8551 85.8756
4 42 -70.7742 86.7695
4 43 -70.6906 87.6429
4 44 -70.6046 88.4955
4 45 -70.5748 90.4168
4 46 -70.4302 91.5452
4 47 -70.28 92.651
4 48 -70.1244 93.7344
4 49 -69.9637 94.7955
4 50 -69.7979 95.8347
4 51 -69.6274 96.8522
4 52 -69.4523 97.8482
4 53 -69.2728 98.8231
4 54 -69.0892 99.7772
4 55 -68.9016 100.711
4 56 -68.7102 101.624
4 57 -68.5152 102.517
4 58 -68.3167 103.391
4 59 -68.115 104.245
4 60 -67.9103 105.081
4 61 -67.7026 105.898
4 62 -67.4922 106.696
4 63 -67.2792 107.477
4 64 -67.0638 108.24
4 65 -66.8475 108.982
4 66 -66.628 109.711
4 67 -66.4064 110.423
4 68 -66.1831 111.12
4 69 -65.9581 111.801
4 70 -65.7316 112.466
4 71 -65.5038 113.117
4 72 -65.2746 113.753
4 73 -65.0443 114.374
4 74 -64.8131 114.982
4 75 -64.5809 115.576
5 1 -69.3922 42.5155
5 2 -69.5587 43.8239
5 3 -69.7077 45.0435
5 4 -69.845 46.2289
5 5 -69.9725 47.4002
5 6 -70.0912 48.5668
5 7 -70.2017 49.7334
5 8 -70.3041 50.9026
5 9 -70.3987 52.0755
5 10 -70.4853 53.2528
5 11 -70.5641 54.4346
5 12 -70.6351 55.6208
5 13 -70.6983 56.8108
5 14 -70.7537 58.0042
5 15 -70.786 57.1063
5 16 -70.8374 58.3549
5 17 -70.8804 59.59
5 18 -70.9152 60.8129
5 19 -70.9422 62.0241
5 20 -70.9616 63.2239
5 21 -70.9733 64.4189
5 22 -70.9779 65.5958
5 23 -70.9753 66.7608
5 24 -70.9662 67.9072
5 25 -70.9501 69.0471
5 26 -70.9276 70.1736
5 27 -70.8988 71.2861
5 28 -70.8639 72.384
5 29 -70.8232 73.4667
5 30 -70.7768 74.5336
5 31 -70.7251 75.5842
5 32 -70.6682 76.618
5 33 -70.6064 77.6344
5 34 -70.54 78.6329
5 35 -70.4692 79.6132
5 36 -70.3943 80.5748
5 37 -70.3155 81.5175
5 38 -70.2331 82.4409
5 39 -70.1474 83.3447
5 40 -70.0586 84.2288
5 41 -69.967 85.0929
5 42 -69.8729 85.937
5 43 -69.7765 86.7609
5 44 -69.6781 87.5646
5 45 -69.576 89.3443
5 46 -69.4187 90.4047
5 47 -69.2563 91.4434
5 48 -69.089 92.4607
5 49 -68.9171 93.4568
5 50 -68.7406 94.4321
5 51 -68.5598 95.3869
5 52 -68.3749 96.3215
5 53 -68.1861 97.2362
5 54 -67.9935 98.1314
5 55 -67.7973 99.0073
5 56 -67.5977 99.8644
5 57 -67.3949 100.703
5 58 -67.189 101.523
5 59 -66.9802 102.326
5 60 -66.77 103.105
5 61 -66.5561 103.873
5 62 -66.3397 104.623
5 63 -66.1211 105.357
5 64 -65.9003 106.075
5 65 -65.6775 106.777
5 66 -65.4529 107.463
5 67 -65.2266 108.135
5 68 -64.9988 108.791
5 69 -64.7694 109.433
5 70 -64.5388 110.061
5 71 -64.307 110.675
5 72 -64.0741 111.276
5 73 -63.8402 111.863
5 74 -63.6055 112.437
5 75 -63.3701 112.999
6 1 -69.3099 42.6129
6 2 -69.4537 43.9354
6 3 -69.5799 45.1687
6 4 -69.6942 46.3661
6 5 -69.7986 47.5474
6 6 -69.8941 48.7216
6 7 -69.9813 49.8934
6 8 -70.0603 51.0651
6 9 -70.1313 52.2379
6 10 -70.1945 53.4124
6 11 -70.2498 54.5886
6 12 -70.2973 55.7663
6 13 -70.337 56.945
6 14 -70.369 58.1243
6 15 -70.3912 57.2586
6 16 -70.4197 58.4886
6 17 -70.4401 59.7028
6 18 -70.4525 60.9023
6 19 -70.4574 62.0878
6 20 -70.4548 63.2597
6 21 -70.4451 64.418
6 22 -70.4284 65.5627
6 23 -70.405 66.6935
6 24 -70.375 67.8102
6 25 -70.3388 68.9122
6 26 -70.2964 69.9993
6 27 -70.2482 71.0709
6 28 -70.1943 72.1266
6 29 -70.1351 73.1659
6 30 -70.0706 74.1885
6 31 -70.0012 75.1939
6 32 -69.9272 76.1816
6 33 -69.8487 77.1514
6 34 -69.766 78.103
6 35 -69.6794 79.0359
6 36 -69.5891 79.95
6 37 -69.4955 80.8451
6 38 -69.3986 81.7209
6 39 -69.2989 82.5773
6 40 -69.1966 83.4143
6 41 -69.0918 84.2316
6 42 -68.985 85.0293
6 43 -68.8763 85.8073
6 44 -68.7661 86.5656
6 45 -68.5948 88.2055
6 46 -68.4253 89.2045
6 47 -68.2511 90.1825
6 48 -68.0725 91.1401
6 49 -67.8897 92.0775
6 50 -67.7028 92.9952
6 51 -67.512 93.8934
6 52 -67.3175 94.7726
6 53 -67.1194 95.633
6 54 -66.9192 96.4702
6 55 -66.7147 97.2938
6 56 -66.5071 98.0997
6 57 -66.2967 98.8883
6 58 -66.0835 99.6598
6 59 -65.8678 100.415
6 60 -65.6496 101.153
6 61 -65.4292 101.876
6 62 -65.2065 102.583
6 63 -64.9819 103.275
6 64 -64.7554 103.951
6 65 -64.5272 104.613
6 66 -64.2974 105.261
6 67 -64.066 105.894
6 68 -63.8333 106.514
6 69 -63.5994 107.121
6 70 -63.3644 107.714
6 71 -63.1283 108.294
6 72 -62.8914 108.862
6 73 -62.6536 109.418
6 74 -62.4152 109.962
6 75 -62.1762 110.494
7 1 -69.2256 42.6911
7 2 -69.3464 44.0252
7 3 -69.4496 45.2686
7 4 -69.5407 46.4741
7 5 -69.6219 47.6612
7 6 -69.6942 48.8387
7 7 -69.7579 50.0113
7 8 -69.8136 51.1813
7 9 -69.8612 52.3497
7 10 -69.9009 53.5171
7 11 -69.9329 54.6836
7 12 -69.9571 55.8489
7 13 -69.9737 57.0126
7 14 -69.9826 58.1741
7 15 -69.9942 57.3322
7 16 -70.0004 58.5407
7 17 -69.9986 59.7312
7 18 -69.9891 60.9048
7 19 -69.9724 62.0623
7 20 -69.9485 63.2042
7 21 -69.9178 64.3307
7 22 -69.8804 65.4417
7 23 -69.8367 66.5372
7 24 -69.7869 67.6169
7 25 -69.7311 68.6807
7 26 -69.6696 69.7282
7 27 -69.6027 70.7591
7 28 -69.5306 71.7731
7 29 -69.4535 72.7698
7 30 -69.3716 73.7491
7 31 -69.2853 74.7105
7 32 -69.1947 75.6538
7 33 -69.1002 76.5789
7 34 -69.0019 77.4854
7 35 -68.9001 78.3733
7 36 -68.7952 79.2422
7 37 -68.6872 80.0923
7 38 -68.5765 80.9232
7 39 -68.4634 81.735
7 40 -68.348 82.5277
7 41 -68.2307 83.3012
7 42 -68.1117 84.0556
7 43 -67.9912 84.7908
7 44 -67.8695 85.507
7 45 -67.6318 87.0089
7 46 -67.4505 87.9519
7 47 -67.265 88.8748
7 48 -67.0755 89.7781
7 49 -66.8832 90.6572
7 50 -66.6863 91.522
7 51 -66.4859 92.3685
7 52 -66.2822 93.1969
7 53 -66.0752 94.0076
7 54 -65.8652 94.8009
7 55 -65.6524 95.5773
7 56 -65.4368 96.3371
7 57 -65.2187 97.0807
7 58 -64.9981 97.8083
7 59 -64.7753 98.5203
7 60 -64.5502 99.217
7 61 -64.3232 99.8988
7 62 -64.0943 100.566
7 63 -63.8636 101.219
7 64 -63.6312 101.858
7 65 -63.3974 102.483
7 66 -63.1621 103.095
7 67 -62.9256 103.694
7 68 -62.6879 104.28
7 69 -62.4492 104.854
7 70 -62.2095 105.415
7 71 -61.969 105.964
7 72 -61.7277 106.502
7 73 -61.4859 107.029
7 74 -61.2435 107.544
7 75 -61.0006 108.048
8 1 -69.1395 42.7502
8 2 -69.2373 44.0932
8 3 -69.3173 45.3433
8 4 -69.3852 46.553
8 5 -69.4432 47.7419
8 6 -69.4921 48.9188
8 7 -69.5326 50.0882
8 8 -69.5649 51.2524
8 9 -69.5892 52.4125
8 10 -69.6058 53.569
8 11 -69.6146 54.7221
8 12 -69.6159 55.8714
8 13 -69.6097 57.0166
8 14 -69.596 58.1573
8 15 -69.5965 57.3312
8 16 -69.5808 58.5159
8 17 -69.5574 59.6804
8 18 -69.5267 60.8261
8 19 -69.4888 61.9538
8 20 -69.4443 63.0642
8 21 -69.3932 64.1575
8 22 -69.3358 65.2339
8 23 -69.2725 66.2934
8 24 -69.2034 67.3359
8 25 -69.1287 68.3612
8 26 -69.0488 69.3693
8 27 -68.9639 70.3599
8 28 -68.8742 71.3328
8 29 -68.7799 72.2879
8 30 -68.6813 73.225
8 31 -68.5787 74.1438
8 32 -68.4723 75.0444
8 33 -68.3623 75.9264
8 34 -68.2491 76.7899
8 35 -68.1327 77.6347
8 36 -68.0136 78.4608
8 37 -67.8919 79.2681
8 38 -67.768 80.0567
8 39 -67.6419 80.8265
8 40 -67.5141 81.5775
8 41 -67.3846 82.3099
8 42 -67.2539 83.0236
8 43 -67.122 83.7188
8 44 -66.9893 84.3956
8 45 -66.689 85.7554
8 46 -66.4965 86.6468
8 47 -66.3001 87.5189
8 48 -66.1001 88.3722
8 49 -65.8967 89.2072
8 50 -65.6899 90.0243
8 51 -65.48 90.8238
8 52 -65.267 91.6062
8 53 -65.0513 92.3718
8 54 -64.8328 93.1211
8 55 -64.6117 93.8543
8 56 -64.3882 94.5719
8 57 -64.1624 95.2742
8 58 -63.9344 95.9615
8 59 -63.7045 96.6342
8 60 -63.4726 97.2925
8 61 -63.2389 97.9369
8 62 -63.0036 98.5675
8 63 -62.7667 99.1848
8 64 -62.5285 99.789
8 65 -62.2889 100.38
8 66 -62.0481 100.959
8 67 -61.8062 101.526
8 68 -61.5634 102.081
8 69 -61.3197 102.624
8 70 -61.0752 103.156
8 71 -60.8301 103.676
8 72 -60.5843 104.186
8 73 -60.3381 104.685
8 74 -60.0916 105.173
8 75 -59.8447 105.652
9 1 -69.0518 42.7902
9 2 -69.1266 44.1395
9 3 -69.1835 45.3929
9 4 -69.2282 46.6032
9 5 -69.2629 47.7902
9 6 -69.2886 48.9626
9 7 -69.3059 50.125
9 8 -69.3151 51.2797
9 9 -69.3164 52.4279
9 10 -69.3101 53.5701
9 11 -69.2962 54.7063
9 12 -69.2748 55.8365
9 13 -69.2461 56.9604
9 14 -69.2103 58.0774
9 15 -69.1995 57.26
9 16 -69.1625 58.4186
9 17 -69.118 59.5553
9 18 -69.0665 60.6715
9 19 -69.0082 61.7682
9 20 -68.9435 62.8459
9 21 -68.8727 63.9052
9 22 -68.796 64.9463
9 23 -68.7137 65.9694
9 24 -68.626 66.9744
9 25 -68.5331 67.9615
9 26 -68.4355 68.9305
9 27 -68.3332 69.8814
9 28 -68.2265 70.8141
9 29 -68.1157 71.7285
9 30 -68.0011 72.6246
9 31 -67.8828 73.5024
9 32 -67.7611 74.3616
9 33 -67.6363 75.2024
9 34 -67.5087 76.0247
9 35 -67.3784 76.8284
9 36 -67.2457 77.6137
9 37 -67.1108 78.3805
9 38 -66.974 79.1289
9 39 -66.8365 79.8534
9 40 -66.6968 80.5647
9 41 -66.5558 81.258
9 42 -66.4138 81.9331
9 43 -66.2711 82.5903
9 44 -66.1279 83.2297
9 45 -65.7652 84.4597
9 46 -65.5617 85.304
9 47 -65.3548 86.1298
9 48 -65.1445 86.9376
9 49 -64.9311 87.7278
9 50 -64.7148 88.5009
9 51 -64.4956 89.2573
9 52 -64.2736 89.9974
9 53 -64.0492 90.7217
9 54 -63.8223 91.4304
9 55 -63.5931 92.1239
9 56 -63.3618 92.8026
9 57 -63.1284 93.4669
9 58 -62.8931 94.1171
9 59 -62.6561 94.7534
9 60 -62.4173 95.3763
9 61 -62.177 95.9861
9 62 -61.9353 96.583
9 63 -61.6923 97.1673
9 64 -61.448 97.7393
9 65 -61.2026 98.2993
9 66 -60.9563 98.8477
9 67 -60.709 99.3845
9 68 -60.4609 99.9102
9 69 -60.2121 100.425
9 70 -59.9627 100.929
9 71 -59.7127 101.422
9 72 -59.4624 101.906
9 73 -59.2117 102.379
9 74 -58.9608 102.843
9 75 -58.7097 103.297
10 1 -68.963 42.811
10 2 -69.0149 44.1642
10 3 -69.0487 45.4176
10 4 -69.0703 46.6252
10 5 -69.0819 47.8066
10 6 -69.0845 48.971
10 7 -69.0788 50.1229
10 8 -69.0651 51.2647
10 9 -69.0437 52.3976
10 10 -69.0148 53.5222
10 11 -68.9784 54.6387
10 12 -68.9349 55.747
10 13 -68.8843 56.8469
10 14 -68.8267 57.9381
10 15 -68.8044 57.1222
10 16 -68.7466 58.2533
10 17 -68.6816 59.3607
10 18 -68.6099 60.4461
10 19 -68.5318 61.5106
10 20 -68.4477 62.5549
10 21 -68.3577 63.5796
10 22 -68.2623 64.5851
10 23 -68.1616 65.5716
10 24 -68.056 66.5394
10 25 -67.9456 67.4884
10 26 -67.8308 68.4189
10 27 -67.7118 69.3308
10 28 -67.5889 70.2241
10 29 -67.4622 71.099
10 30 -67.3321 71.9554
10 31 -67.1987 72.7933
10 32 -67.0624 73.6128
10 33 -66.9241 74.4087
10 34 -66.7827 75.1911
10 35 -66.639 75.9553
10 36 -66.4934 76.7012
10 37 -66.346 77.4291
10 38 -66.197 78.1389
10 39 -66.0467 78.8308
10 40 -65.8954 79.505
10 41 -65.7432 80.1616
10 42 -65.5904 80.8007
10 43 -65.4371 81.4224
10 44 -65.2837 82.027
10 45 -64.8618 83.1226
10 46 -64.6477 83.9234
10 47 -64.4305 84.7064
10 48 -64.2103 85.4721
10 49 -63.9872 86.221
10 50 -63.7615 86.9536
10 51 -63.5332 87.6702
10 52 -63.3025 88.3712
10 53 -63.0696 89.0572
10 54 -62.8344 89.7283
10 55 -62.5973 90.3852
10 56 -62.3582 91.0279
10 57 -62.1174 91.6571
10 58 -61.8748 92.2728
10 59 -61.6307 92.8755
10 60 -61.3852 93.4656
10 61 -61.1383 94.0431
10 62 -60.8902 94.6086
10 63 -60.641 95.1622
10 64 -60.3907 95.7043
10 65 -60.1395 96.2351
10 66 -59.8874 96.7548
10 67 -59.6347 97.2638
10 68 -59.3812 97.7622
10 69 -59.1273 98.2503
10 70 -58.8728 98.7284
10 71 -58.618 99.1966
10 72 -58.3629 99.6553
10 73 -58.1076 100.104
10 74 -57.8522 100.545
10 75 -57.5967 100.976
11 1 -68.8732 42.8125
11 2 -68.9024 44.1674
11 3 -68.9133 45.4178
11 4 -68.9119 46.6192
11 5 -68.9006 47.7918
11 6 -68.8804 48.9448
11 7 -68.852 50.0829
11 8 -68.8157 51.2087
11 9 -68.7719 52.3233
11 10 -68.7208 53.4276
11 11 -68.6625 54.5217
11 12 -68.5973 55.6056
11 13 -68.5252 56.6794
11 14 -68.4464 57.7426
11 15 -68.4123 56.9214
11 16 -68.3343 58.0237
11 17 -68.2494 59.1008
11 18 -68.1582 60.1545
11 19 -68.0609 61.1861
11 20 -67.9579 62.1964
11 21 -67.8495 63.1862
11 22 -67.736 64.1559
11 23 -67.6177 65.106
11 24 -67.4947 66.0366
11 25 -67.3675 66.9481
11 26 -67.2362 67.8407
11 27 -67.1011 68.7143
11 28 -66.9625 69.5693
11 29 -66.8212 70.4003
11 30 -66.6762 71.2178
11 31 -66.5285 72.0168
11 32 -66.3782 72.7976
11 33 -66.2256 73.5602
11 34 -66.0709 74.3047
11 35 -65.9143 75.0312
11 36 -65.7561 75.74
11 37 -65.5965 76.431
11 38 -65.4357 77.1045
11 39 -65.274 77.7606
11 40 -65.1115 78.3995
11 41 -64.9485 79.0213
11 42 -64.7852 79.6262
11 43 -64.6218 80.2144
11 44 -64.4585 80.786
11 45 -63.9794 81.7473
11 46 -63.755 82.5078
11 47 -63.5278 83.2511
11 48 -63.298 83.9778
11 49 -63.0655 84.6884
11 50 -62.8307 85.3833
11 51 -62.5936 86.063
11 52 -62.3544 86.7278
11 53 -62.1131 87.3782
11 54 -61.8699 88.0146
11 55 -61.6249 88.6372
11 56 -61.3782 89.2466
11 57 -61.13 89.843
11 58 -60.8803 90.4267
11 59 -60.6293 90.9981
11 60 -60.377 91.5575
11 61 -60.1235 92.1051
11 62 -59.869 92.6412
11 63 -59.6136 93.1662
11 64 -59.3573 93.6802
11 65 -59.1003 94.1836
11 66 -58.8425 94.6766
11 67 -58.5842 95.1594
11 68 -58.3254 95.6322
11 69 -58.0663 96.0954
11 70 -57.8067 96.549
11 71 -57.547 96.9934
11 72 -57.287 97.4287
11 73 -57.027 97.8551
11 74 -56.767 98.2729
11 75 -56.5071 98.6822
12 1 -68.7828 42.7945
12 2 -68.7896 44.1491
12 3 -68.7778 45.3937
12 4 -68.7537 46.5858
12 5 -68.7197 47.7464
12 6 -68.677 48.885
12 7 -68.6262 50.0063
12 8 -68.5678 51.1131
12 9 -68.502 52.2068
12 10 -68.4291 53.2882
12 11 -68.3494 54.3575
12 12 -68.2629 55.415
12 13 -68.1699 56.4606
12 14 -68.0705 57.4942
12 15 -68.0243 56.6611
12 16 -67.9267 57.7335
12 17 -67.8226 58.7794
12 18 -67.7125 59.8008
12 19 -67.5967 60.799
12 20 -67.4755 61.775
12 21 -67.3493 62.7298
12 22 -67.2183 63.6638
12 23 -67.0829 64.5776
12 24 -66.9438 65.4664
12 25 -66.8004 66.3406
12 26 -66.6533 67.1955
12 27 -66.5028 68.0314
12 28 -66.3492 68.8486
12 29 -66.1926 69.6471
12 30 -66.0334 70.4272
12 31 -65.8718 71.189
12 32 -65.708 71.9328
12 33 -65.5422 72.6586
12 34 -65.3747 73.3667
12 35 -65.2057 74.0572
12 36 -65.0354 74.7303
12 37 -64.8641 75.3862
12 38 -64.6919 76.025
12 39 -64.5191 76.647
12 40 -64.3459 77.2522
12 41 -64.1725 77.841
12 42 -63.9991 78.4134
12 43 -63.8259 78.9697
12 44 -63.653 79.5101
12 45 -63.1185 80.3363
12 46 -62.8843 81.0593
12 47 -62.6474 81.7657
12 48 -62.4082 82.4561
12 49 -62.1667 83.131
12 50 -61.923 83.7909
12 51 -61.6773 84.4361
12 52 -61.4297 85.0672
12 53 -61.1803 85.6845
12 54 -60.9292 86.2883
12 55 -60.6766 86.8792
12 56 -60.4224 87.4574
12 57 -60.1669 88.0232
12 58 -59.9102 88.577
12 59 -59.6523 89.119
12 60 -59.3933 89.6497
12 61 -59.1334 90.1692
12 62 -58.8726 90.6778
12 63 -58.611 91.1759
12 64 -58.3487 91.6636
12 65 -58.0858 92.1412
12 66 -57.8224 92.609
12 67 -57.5586 93.0671
12 68 -57.2944 93.5159
12 69 -57.03 93.9554
12 70 -56.7653 94.386
12 71 -56.5006 94.8078
12 72 -56.2358 95.2211
12 73 -55.971 95.6259
12 74 -55.7064 96.0226
12 75 -55.4419 96.4112
13 1 -68.692 42.7565
13 2 -68.6767 44.1094
13 3 -68.6425 45.3456
13 4 -68.5961 46.5255
13 5 -68.5398 47.6712
13 6 -68.4749 48.7924
13 7 -68.4022 49.8943
13 8 -68.322 50.9796
13 9 -68.2347 52.0498
13 10 -68.1406 53.106
13 11 -68.0399 54.1485
13 12 -67.9327 55.1777
13 13 -67.8194 56.1935
13 14 -67.7 57.1961
13 15 -67.6414 56.3443
13 16 -67.5249 57.3861
13 17 -67.4022 58.4003
13 18 -67.2738 59.3889
13 19 -67.1401 60.3534
13 20 -67.0014 61.2951
13 21 -66.8584 62.2091
13 22 -66.7108 63.1073
13 23 -66.559 63.9849
13 24 -66.4035 64.8424
13 25 -66.2444 65.6801
13 26 -66.0821 66.4985
13 27 -65.9167 67.2979
13 28 -65.7486 68.0785
13 29 -65.578 68.8406
13 30 -65.405 69.5844
13 31 -65.23 70.3102
13 32 -65.0532 71.0182
13 33 -64.8748 71.7086
13 34 -64.695 72.3817
13 35 -64.5141 73.0376
13 36 -64.3322 73.6765
13 37 -64.1496 74.2987
13 38 -63.9665 74.9043
13 39 -63.7831 75.4936
13 40 -63.5995 76.0667
13 41 -63.4161 76.6239
13 42 -63.2329 77.1654
13 43 -63.0502 77.6913
13 44 -62.8682 78.2019
13 45 -62.2799 78.8914
13 46 -62.0361 79.5794
13 47 -61.7899 80.2514
13 48 -61.5416 80.9079
13 49 -61.2913 81.5495
13 50 -61.0391 82.1766
13 51 -60.785 82.7897
13 52 -60.5292 83.3892
13 53 -60.2719 83.9755
13 54 -60.0131 84.549
13 55 -59.753 85.11
13 56 -59.4915 85.6589
13 57 -59.2289 86.196
13 58 -58.9652 86.7217
13 59 -58.7006 87.2363
13 60 -58.435 87.7399
13 61 -58.1687 88.233
13 62 -57.9016 88.7158
13 63 -57.6339 89.1885
13 64 -57.3657 89.6514
13 65 -57.097 90.1047
13 66 -56.828 90.5486
13 67 -56.5586 90.9835
13 68 -56.2891 91.4094
13 69 -56.0194 91.8266
13 70 -55.7496 92.2353
13 71 -55.4798 92.6357
13 72 -55.2101 93.028
13 73 -54.9406 93.4123
13 74 -54.6713 93.7888
13 75 -54.4022 94.1578
14 1 -68.6009 42.6979
14 2 -68.5642 44.0482
14 3 -68.508 45.2736
14 4 -68.4395 46.4388
14 5 -68.3614 47.5669
14 6 -68.2748 48.6682
14 7 -68.1805 49.748
14 8 -68.0791 50.8094
14 9 -67.9708 51.8541
14 10 -67.856 52.883
14 11 -67.7349 53.897
14 12 -67.6077 54.8962
14 13 -67.4745 55.8808
14 14 -67.3357 56.8511
14 15 -67.2646 55.9736
14 16 -67.1298 56.9844
14 17 -66.9892 57.9665
14 18 -66.8435 58.916
14 19 -66.6926 59.8465
14 20 -66.5371 60.7535
14 21 -66.3773 61.6381
14 22 -66.2135 62.5011
14 23 -66.046 63.3432
14 24 -65.875 64.165
14 25 -65.701 64.9669
14 26 -65.524 65.7495
14 27 -65.3444 66.5132
14 28 -65.1623 67.2581
14 29 -64.9782 67.9848
14 30 -64.792 68.6935
14 31 -64.6042 69.3844
14 32 -64.4149 70.0579
14 33 -64.2244 70.7141
14 34 -64.0328 71.3534
14 35 -63.8404 71.9759
14 36 -63.6473 72.582
14 37 -63.4539 73.1718
14 38 -63.2602 73.7456
14 39 -63.0666 74.3035
14 40 -62.8731 74.8459
14 41 -62.6799 75.3729
14 42 -62.4873 75.8847
14 43 -62.2955 76.3815
14 44 -62.1046 76.8636
14 45 -61.4641 77.4139
14 46 -61.211 78.0691
14 47 -60.9559 78.7089
14 48 -60.6988 79.3337
14 49 -60.44 79.9441
14 50 -60.1794 80.5405
14 51 -59.9172 81.1235
14 52 -59.6536 81.6933
14 53 -59.3885 82.2505
14 54 -59.1222 82.7955
14 55 -58.8547 83.3285
14 56 -58.5861 83.8499
14 57 -58.3165 84.36
14 58 -58.0461 84.8593
14 59 -57.7748 85.3478
14 60 -57.5028 85.826
14 61 -57.2301 86.2942
14 62 -56.9569 86.7525
14 63 -56.6832 87.2012
14 64 -56.4091 87.6406
14 65 -56.1347 88.0708
14 66 -55.86 88.4922
14 67 -55.5852 88.9049
14 68 -55.3103 89.3092
14 69 -55.0353 89.7051
14 70 -54.7605 90.093
14 71 -54.4857 90.473
14 72 -54.2111 90.8452
14 73 -53.9368 91.2099
14 74 -53.6627 91.5672
14 75 -53.3891 91.9173
15 1 -68.5098 42.6178
15 2 -68.4522 43.9653
15 3 -68.3746 45.178
15 4 -68.2846 46.3261
15 5 -68.185 47.4342
15 6 -68.0772 48.5131
15 7 -67.962 49.5687
15 8 -67.8398 50.6041
15 9 -67.7111 51.6212
15 10 -67.5762 52.6212
15 11 -67.4352 53.6049
15 12 -67.2885 54.5728
15 13 -67.1363 55.5251
15 14 -66.9786 56.4621
15 15 -66.8947 55.5446
15 16 -66.7425 56.5241
15 17 -66.5847 57.4738
15 18 -66.4219 58.3961
15 19 -66.2544 59.293
15 20 -66.0827 60.1659
15 21 -65.907 61.0159
15 22 -65.7277 61.8441
15 23 -65.5451 62.6512
15 24 -65.3594 63.4379
15 25 -65.1709 64.2047
15 26 -64.9799 64.9523
15 27 -64.7866 65.681
15 28 -64.5912 66.3913
15 29 -64.3941 67.0835
15 30 -64.1953 67.758
15 31 -63.9952 68.4151
15 32 -63.7939 69.0551
15 33 -63.5917 69.6783
15 34 -63.3887 70.285
15 35 -63.1853 70.8754
15 36 -62.9815 71.4498
15 37 -62.7777 72.0084
15 38 -62.5739 72.5515
15 39 -62.3703 73.0794
15 40 -62.1673 73.5922
15 41 -61.9648 74.0901
15 42 -61.7632 74.5735
15 43 -61.5625 75.0424
15 44 -61.363 75.4971
15 45 -60.6716 75.9043
15 46 -60.4097 76.5289
15 47 -60.1459 77.1385
15 48 -59.8804 77.7336
15 49 -59.6132 78.3147
15 50 -59.3446 78.8823
15 51 -59.0746 79.4369
15 52 -58.8032 79.9789
15 53 -58.5307 80.5087
15 54 -58.2571 81.0268
15 55 -57.9824 81.5333
15 56 -57.7069 82.0288
15 57 -57.4305 82.5135
15 58 -57.1534 82.9877
15 59 -56.8756 83.4517
15 60 -56.5972 83.9059
15 61 -56.3184 84.3503
15 62 -56.0391 84.7855
15 63 -55.7595 85.2114
15 64 -55.4796 85.6285
15 65 -55.1995 86.0368
15 66 -54.9194 86.4367
15 67 -54.6391 86.8284
15 68 -54.3589 87.2119
15 69 -54.0788 87.5876
15 70 -53.7988 87.9556
15 71 -53.519 88.316
15 72 -53.2396 88.6691
15 73 -52.9605 89.015
15 74 -52.6818 89.3539
15 75 -52.4035 89.6858
