16 110 2010 15346800
0 0.000000 180 45
0 1 39.3411 -100.728
0 2 39.6801 -101.178
0 3 39.9816 -101.609
0 4 40.2672 -102.034
0 5 40.5398 -102.455
0 6 40.805 -102.876
0 7 41.0646 -103.296
0 8 41.3199 -103.718
0 9 41.5713 -104.141
0 10 41.8195 -104.566
0 11 42.0647 -104.993
0 12 42.307 -105.422
0 13 42.5467 -105.853
0 14 42.7839 -106.286
0 15 42.4468 -106.141
0 16 42.7021 -106.581
0 17 42.95 -107.021
0 18 43.1915 -107.459
0 19 43.4271 -107.896
0 20 43.6572 -108.333
0 21 43.8822 -108.768
0 22 44.1023 -109.204
0 23 44.3178 -109.639
0 24 44.5289 -110.073
0 25 44.7356 -110.507
0 26 44.9381 -110.94
0 27 45.1364 -111.372
0 28 45.3306 -111.803
0 29 45.5207 -112.233
0 30 45.7068 -112.662
0 31 45.8889 -113.09
0 32 46.067 -113.516
0 33 46.2412 -113.941
0 34 46.4114 -114.364
0 35 46.5776 -114.784
0 36 46.7398 -115.203
0 37 46.8981 -115.619
0 38 47.0524 -116.033
0 39 47.2027 -116.443
0 40 47.3491 -116.851
0 41 47.4914 -117.255
0 42 47.6297 -117.656
0 43 47.7641 -118.054
0 44 47.8944 -118.447
0 45 47.8437 -119.53
0 46 48.0325 -120.062
0 47 48.2168 -120.595
0 48 48.3969 -121.129
0 49 48.5728 -121.663
0 50 48.7446 -122.2
0 51 48.9124 -122.737
0 52 49.0761 -123.275
0 53 49.2359 -123.814
0 54 49.3918 -124.354
0 55 49.5439 -124.895
0 56 49.6922 -125.437
0 57 49.8367 -125.98
0 58 49.9774 -126.523
0 59 50.1144 -127.067
0 60 50.2478 -127.611
0 61 50.3774 -128.156
0 62 50.5034 -128.702
0 63 50.6258 -129.247
0 64 50.7446 -129.793
0 65 50.8598 -130.339
0 66 50.9714 -130.885
0 67 51.0794 -131.43
0 68 51.184 -131.976
0 69 51.285 -132.521
0 70 51.3826 -133.065
0 71 51.4766 -133.609
0 72 51.5672 -134.152
0 73 51.6544 -134.694
0 74 51.7382 -135.236
0 75 51.8186 -135.776
0 76 51.8956 -136.315
0 77 51.9693 -136.852
0 78 52.0397 -137.388
0 79 52.1068 -137.922
0 80 52.1706 -138.455
0 81 52.2312 -138.986
0 82 52.2886 -139.514
0 83 52.3428 -140.041
0 84 52.3938 -140.565
0 85 52.4418 -141.087
0 86 52.4867 -141.606
0 87 52.5285 -142.122
0 88 52.5673 -142.636
0 89 52.6031 -143.146
0 90 52.636 -143.654
0 91 52.666 -144.158
0 92 52.6931 -144.66
0 93 52.7174 -145.157
0 94 52.7389 -145.651
0 95 52.7576 -146.142
0 96 52.7737 -146.628
0 97 52.7871 -147.111
0 98 52.7979 -147.59
0 99 52.8062 -148.064
0 100 52.8119 -148.535
0 101 52.8151 -149.001
0 102 52.8159 -149.462
0 103 52.8143 -149.919
0 104 52.8104 -150.372
0 105 52.8041 -150.819
0 106 52.7957 -151.262
0 107 52.785 -151.7
0 108 52.7722 -152.133
0 109 52.7573 -152.561
0 110 52.7404 -152.984
1 1 39.4197 -100.658
1 2 39.7721 -101.086
1 3 40.0913 -101.499
1 4 40.3911 -101.903
1 5 40.6806 -102.305
1 6 40.9629 -102.706
1 7 41.2399 -103.107
1 8 41.5127 -103.51
1 9 41.7819 -103.915
1 10 42.0479 -104.321
1 11 42.3111 -104.73
1 12 42.5716 -105.14
1 13 42.8295 -105.554
1 14 43.0851 -105.969
1 15 42.7676 -105.825
1 16 43.04 -106.248
1 17 43.3054 -106.67
1 18 43.5644 -107.091
1 19 43.8177 -107.512
1 20 44.0657 -107.932
1 21 44.3086 -108.352
1 22 44.5469 -108.771
1 23 44.7805 -109.191
1 24 45.0098 -109.61
1 25 45.2348 -110.029
1 26 45.4555 -110.447
1 27 45.6722 -110.865
1 28 45.8847 -111.283
1 29 46.0932 -111.7
1 30 46.2977 -112.116
1 31 46.4981 -112.531
1 32 46.6946 -112.945
1 33 46.887 -113.357
1 34 47.0754 -113.768
1 35 47.2598 -114.178
1 36 47.4402 -114.586
1 37 47.6165 -114.992
1 38 47.7888 -115.395
1 39 47.9571 -115.796
1 40 48.1212 -116.195
1 41 48.2813 -116.591
1 42 48.4372 -116.983
1 43 48.589 -117.373
1 44 48.7367 -117.759
1 45 48.7821 -118.823
1 46 48.9916 -119.346
1 47 49.1968 -119.871
1 48 49.3978 -120.398
1 49 49.5947 -120.926
1 50 49.7876 -121.457
1 51 49.9765 -121.988
1 52 50.1614 -122.522
1 53 50.3425 -123.057
1 54 50.5197 -123.594
1 55 50.6931 -124.132
1 56 50.8627 -124.671
1 57 51.0285 -125.212
1 58 51.1906 -125.755
1 59 51.349 -126.299
1 60 51.5036 -126.843
1 61 51.6546 -127.389
1 62 51.802 -127.936
1 63 51.9456 -128.484
1 64 52.0856 -129.033
1 65 52.222 -129.583
1 66 52.3548 -130.133
1 67 52.484 -130.684
1 68 52.6096 -131.235
1 69 52.7316 -131.786
1 70 52.85 -132.338
1 71 52.9649 -132.889
1 72 53.0762 -133.441
1 73 53.184 -133.992
1 74 53.2883 -134.543
1 75 53.3891 -135.093
1 76 53.4864 -135.643
1 77 53.5802 -136.192
1 78 53.6707 -136.74
1 79 53.7576 -137.287
1 80 53.8412 -137.833
1 81 53.9215 -138.378
1 82 53.9983 -138.921
1 83 54.0718 -139.462
1 84 54.1421 -140.002
1 85 54.209 -140.54
1 86 54.2727 -141.076
1 87 54.3332 -141.609
1 88 54.3905 -142.14
1 89 54.4447 -142.669
1 90 54.4957 -143.195
1 91 54.5437 -143.719
1 92 54.5886 -144.239
1 93 54.6304 -144.756
1 94 54.6694 -145.271
1 95 54.7054 -145.781
1 96 54.7385 -146.289
1 97 54.7687 -146.793
1 98 54.7962 -147.293
1 99 54.8208 -147.789
1 100 54.8428 -148.281
1 101 54.8621 -148.769
1 102 54.8788 -149.253
1 103 54.8928 -149.733
1 104 54.9044 -150.208
1 105 54.9135 -150.679
1 106 54.9201 -151.144
1 107 54.9243 -151.606
1 108 54.9262 -152.062
1 109 54.9259 -152.513
1 110 54.9233 -152.959
2 1 39.4924 -100.582
2 2 39.8582 -100.988
2 3 40.1926 -101.379
2 4 40.5081 -101.762
2 5 40.8136 -102.143
2 6 41.1123 -102.524
2 7 41.4059 -102.905
2 8 41.6954 -103.287
2 9 41.9816 -103.672
2 10 42.2647 -104.058
2 11 42.545 -104.446
2 12 42.8229 -104.837
2 13 43.0983 -105.23
2 14 43.3714 -105.626
2 15 43.071 -105.481
2 16 43.36 -105.885
2 17 43.6421 -106.288
2 18 43.9181 -106.69
2 19 44.1885 -107.092
2 20 44.4536 -107.494
2 21 44.7139 -107.895
2 22 44.9696 -108.297
2 23 45.2208 -108.699
2 24 45.4676 -109.101
2 25 45.7102 -109.503
2 26 45.9487 -109.905
2 27 46.183 -110.307
2 28 46.4133 -110.708
2 29 46.6396 -111.109
2 30 46.8618 -111.51
2 31 47.08 -111.91
2 32 47.2942 -112.309
2 33 47.5044 -112.707
2 34 47.7106 -113.105
2 35 47.9127 -113.501
2 36 48.1107 -113.895
2 37 48.3046 -114.288
2 38 48.4944 -114.679
2 39 48.6801 -115.068
2 40 48.8616 -115.455
2 41 49.039 -115.84
2 42 49.2121 -116.222
2 43 49.3811 -116.601
2 44 49.5458 -116.977
2 45 49.682 -118.008
2 46 49.9121 -118.52
2 47 50.138 -119.034
2 48 50.3598 -119.551
2 49 50.5776 -120.07
2 50 50.7915 -120.591
2 51 51.0015 -121.114
2 52 51.2076 -121.64
2 53 51.4099 -122.168
2 54 51.6084 -122.698
2 55 51.8031 -123.23
2 56 51.9941 -123.765
2 57 52.1814 -124.301
2 58 52.365 -124.839
2 59 52.5449 -125.38
2 60 52.7211 -125.922
2 61 52.8936 -126.466
2 62 53.0624 -127.012
2 63 53.2276 -127.559
2 64 53.3892 -128.108
2 65 53.5471 -128.659
2 66 53.7013 -129.211
2 67 53.8519 -129.764
2 68 53.9989 -130.318
2 69 54.1423 -130.873
2 70 54.282 -131.429
2 71 54.4181 -131.986
2 72 54.5506 -132.544
2 73 54.6795 -133.102
2 74 54.8048 -133.66
2 75 54.9265 -134.219
2 76 55.0446 -134.778
2 77 55.1592 -135.337
2 78 55.2702 -135.895
2 79 55.3777 -136.453
2 80 55.4817 -137.011
2 81 55.5822 -137.568
2 82 55.6791 -138.125
2 83 55.7726 -138.68
2 84 55.8627 -139.234
2 85 55.9493 -139.787
2 86 56.0325 -140.339
2 87 56.1124 -140.889
2 88 56.1889 -141.437
2 89 56.2621 -141.984
2 90 56.3319 -142.528
2 91 56.3986 -143.07
2 92 56.462 -143.61
2 93 56.5222 -144.147
2 94 56.5792 -144.681
2 95 56.6331 -145.213
2 96 56.6839 -145.741
2 97 56.7317 -146.267
2 98 56.7765 -146.789
2 99 56.8183 -147.307
2 100 56.8572 -147.822
2 101 56.8933 -148.334
2 102 56.9265 -148.841
2 103 56.9569 -149.344
2 104 56.9846 -149.844
2 105 57.0095 -150.338
2 106 57.0319 -150.829
2 107 57.0517 -151.315
2 108 57.0689 -151.796
2 109 57.0836 -152.272
2 110 57.0959 -152.743
3 1 39.5596 -100.499
3 2 39.9384 -100.882
3 3 40.2873 -101.251
3 4 40.6177 -101.612
3 5 40.9385 -101.971
3 6 41.2527 -102.33
3 7 41.562 -102.689
3 8 41.8675 -103.05
3 9 42.1696 -103.412
3 10 42.4689 -103.776
3 11 42.7656 -104.143
3 12 43.0599 -104.512
3 13 43.352 -104.884
3 14 43.6418 -105.259
3 15 43.3561 -105.11
3 16 43.6609 -105.493
3 17 43.9591 -105.875
3 18 44.2513 -106.256
3 19 44.538 -106.638
3 20 44.8197 -107.019
3 21 45.0965 -107.401
3 22 45.3689 -107.783
3 23 45.6368 -108.165
3 24 45.9005 -108.548
3 25 46.16 -108.931
3 26 46.4154 -109.314
3 27 46.6668 -109.697
3 28 46.9142 -110.08
3 29 47.1575 -110.463
3 30 47.3968 -110.846
3 31 47.6322 -111.228
3 32 47.8635 -111.61
3 33 48.0908 -111.992
3 34 48.314 -112.373
3 35 48.5332 -112.753
3 36 48.7482 -113.132
3 37 48.9592 -113.509
3 38 49.1659 -113.885
3 39 49.3685 -114.26
3 40 49.5669 -114.632
3 41 49.761 -115.003
3 42 49.9509 -115.371
3 43 50.1365 -115.737
3 44 50.3177 -116.1
3 45 50.5393 -117.085
3 46 50.7897 -117.582
3 47 51.0361 -118.083
3 48 51.2785 -118.586
3 49 51.517 -119.091
3 50 51.7517 -119.6
3 51 51.9825 -120.111
3 52 52.2097 -120.626
3 53 52.4331 -121.143
3 54 52.6528 -121.663
3 55 52.8688 -122.185
3 56 53.0811 -122.711
3 57 53.2898 -123.239
3 58 53.4948 -123.77
3 59 53.6962 -124.303
3 60 53.894 -124.839
3 61 54.0881 -125.378
3 62 54.2786 -125.919
3 63 54.4655 -126.462
3 64 54.6487 -127.008
3 65 54.8283 -127.556
3 66 55.0043 -128.106
3 67 55.1766 -128.658
3 68 55.3453 -129.212
3 69 55.5103 -129.768
3 70 55.6717 -130.325
3 71 55.8294 -130.885
3 72 55.9835 -131.445
3 73 56.1339 -132.007
3 74 56.2807 -132.57
3 75 56.4238 -133.135
3 76 56.5633 -133.7
3 77 56.6991 -134.266
3 78 56.8314 -134.832
3 79 56.9599 -135.399
3 80 57.0849 -135.967
3 81 57.2062 -136.534
3 82 57.3239 -137.102
3 83 57.4381 -137.669
3 84 57.5486 -138.237
3 85 57.6557 -138.803
3 86 57.7591 -139.369
3 87 57.8591 -139.934
3 88 57.9555 -140.498
3 89 58.0485 -141.061
3 90 58.138 -141.623
3 91 58.224 -142.183
3 92 58.3067 -142.742
3 93 58.386 -143.298
3 94 58.462 -143.853
3 95 58.5346 -144.405
3 96 58.604 -144.954
3 97 58.6701 -145.502
3 98 58.733 -146.046
3 99 58.7928 -146.588
3 100 58.8494 -147.126
3 101 58.903 -147.661
3 102 58.9535 -148.193
3 103 59.0011 -148.721
3 104 59.0456 -149.245
3 105 59.0873 -149.765
3 106 59.1261 -150.281
3 107 59.1622 -150.793
3 108 59.1954 -151.301
3 109 59.226 -151.804
3 110 59.2539 -152.302
4 1 39.6211 -100.412
4 2 40.0125 -100.771
4 3 40.3752 -101.116
4 4 40.7197 -101.454
4 5 41.0549 -101.789
4 6 41.3837 -102.124
4 7 41.7079 -102.46
4 8 42.0282 -102.798
4 9 42.3455 -103.137
4 10 42.66 -103.478
4 11 42.9721 -103.822
4 12 43.2819 -104.168
4 13 43.5896 -104.516
4 14 43.8952 -104.867
4 15 43.6219 -104.714
4 16 43.9418 -105.074
4 17 44.2552 -105.433
4 18 44.5628 -105.792
4 19 44.865 -106.151
4 20 45.1623 -106.51
4 21 45.455 -106.87
4 22 45.7431 -107.23
4 23 46.027 -107.591
4 24 46.3067 -107.952
4 25 46.5823 -108.313
4 26 46.8539 -108.675
4 27 47.1214 -109.037
4 28 47.385 -109.4
4 29 47.6447 -109.762
4 30 47.9003 -110.125
4 31 48.152 -110.488
4 32 48.3996 -110.85
4 33 48.6433 -111.212
4 34 48.8829 -111.574
4 35 49.1184 -111.935
4 36 49.3498 -112.296
4 37 49.577 -112.655
4 38 49.8001 -113.014
4 39 50.0189 -113.371
4 40 50.2335 -113.726
4 41 50.4438 -114.08
4 42 50.6497 -114.432
4 43 50.8513 -114.782
4 44 51.0484 -115.13
4 45 51.3499 -116.052
4 46 51.6201 -116.532
4 47 51.8865 -117.014
4 48 52.149 -117.5
4 49 52.4078 -117.989
4 50 52.6629 -118.481
4 51 52.9144 -118.976
4 52 53.1622 -119.475
4 53 53.4064 -119.977
4 54 53.647 -120.483
4 55 53.884 -120.992
4 56 54.1175 -121.504
4 57 54.3474 -122.02
4 58 54.5738 -122.539
4 59 54.7966 -123.061
4 60 55.0159 -123.587
4 61 55.2315 -124.116
4 62 55.4437 -124.648
4 63 55.6522 -125.183
4 64 55.8572 -125.721
4 65 56.0586 -126.262
4 66 56.2564 -126.806
4 67 56.4505 -127.353
4 68 56.6411 -127.903
4 69 56.828 -128.455
4 70 57.0113 -129.01
4 71 57.1909 -129.568
4 72 57.3669 -130.128
4 73 57.5392 -130.689
4 74 57.7079 -131.254
4 75 57.8728 -131.82
4 76 58.0341 -132.388
4 77 58.1917 -132.957
4 78 58.3456 -133.528
4 79 58.4958 -134.101
4 80 58.6423 -134.675
4 81 58.7852 -135.25
4 82 58.9243 -135.826
4 83 59.0597 -136.403
4 84 59.1915 -136.98
4 85 59.3196 -137.558
4 86 59.4441 -138.136
4 87 59.5649 -138.714
4 88 59.682 -139.292
4 89 59.7956 -139.87
4 90 59.9055 -140.447
4 91 60.0119 -141.024
4 92 60.1147 -141.599
4 93 60.214 -142.174
4 94 60.3097 -142.747
4 95 60.402 -143.319
4 96 60.4908 -143.89
4 97 60.5762 -144.458
4 98 60.6582 -145.025
4 99 60.7368 -145.589
4 100 60.8121 -146.151
4 101 60.8841 -146.71
4 102 60.9529 -147.266
4 103 61.0185 -147.819
4 104 61.0809 -148.37
4 105 61.1402 -148.916
4 106 61.1964 -149.459
4 107 61.2496 -149.999
4 108 61.2998 -150.534
4 109 61.3471 -151.066
4 110 61.3915 -151.593
5 1 39.6769 -100.319
5 2 40.0831 -100.655
5 3 40.4561 -100.974
5 4 40.8139 -101.287
5 5 41.1625 -101.598
5 6 41.5049 -101.909
5 7 41.8428 -102.22
5 8 42.1771 -102.533
5 9 42.5085 -102.847
5 10 42.8372 -103.164
5 11 43.1637 -103.482
5 12 43.488 -103.803
5 13 43.8103 -104.127
5 14 44.1306 -104.453
5 15 43.8676 -104.293
5 16 44.2016 -104.629
5 17 44.5294 -104.964
5 18 44.8514 -105.298
5 19 45.1683 -105.633
5 20 45.4803 -105.968
5 21 45.7878 -106.304
5 22 46.0908 -106.64
5 23 46.3897 -106.977
5 24 46.6845 -107.314
5 25 46.9752 -107.652
5 26 47.262 -107.991
5 27 47.5449 -108.33
5 28 47.8238 -108.669
5 29 48.0988 -109.009
5 30 48.3698 -109.349
5 31 48.637 -109.689
5 32 48.9001 -110.03
5 33 49.1592 -110.37
5 34 49.4143 -110.71
5 35 49.6653 -111.05
5 36 49.9122 -111.389
5 37 50.155 -111.728
5 38 50.3935 -112.066
5 39 50.6278 -112.403
5 40 50.8578 -112.739
5 41 51.0835 -113.073
5 42 51.3047 -113.406
5 43 51.5216 -113.737
5 44 51.734 -114.066
5 45 52.1091 -114.912
5 46 52.3985 -115.369
5 47 52.6843 -115.829
5 48 52.9664 -116.293
5 49 53.245 -116.761
5 50 53.52 -117.233
5 51 53.7914 -117.708
5 52 54.0594 -118.187
5 53 54.3239 -118.67
5 54 54.585 -119.156
5 55 54.8427 -119.647
5 56 55.0969 -120.141
5 57 55.3477 -120.64
5 58 55.595 -121.142
5 59 55.8389 -121.649
5 60 56.0794 -122.159
5 61 56.3164 -122.673
5 62 56.55 -123.191
5 63 56.78 -123.713
5 64 57.0066 -124.238
5 65 57.2297 -124.767
5 66 57.4493 -125.301
5 67 57.6653 -125.837
5 68 57.8777 -126.378
5 69 58.0866 -126.921
5 70 58.2919 -127.469
5 71 58.4936 -128.019
5 72 58.6917 -128.573
5 73 58.8862 -129.13
5 74 59.0769 -129.69
5 75 59.2641 -130.253
5 76 59.4475 -130.819
5 77 59.6272 -131.388
5 78 59.8033 -131.959
5 79 59.9756 -132.533
5 80 60.1442 -133.109
5 81 60.3091 -133.687
5 82 60.4702 -134.267
5 83 60.6276 -134.849
5 84 60.7813 -135.432
5 85 60.9312 -136.018
5 86 61.0773 -136.604
5 87 61.2197 -137.192
5 88 61.3584 -137.78
5 89 61.4934 -138.37
5 90 61.6246 -138.96
5 91 61.7522 -139.55
5 92 61.876 -140.141
5 93 61.9962 -140.731
5 94 62.1127 -141.321
5 95 62.2255 -141.911
5 96 62.3348 -142.5
5 97 62.4404 -143.089
5 98 62.5425 -143.676
5 99 62.641 -144.262
5 100 62.736 -144.846
5 101 62.8276 -145.429
5 102 62.9157 -146.01
5 103 63.0003 -146.588
5 104 63.0816 -147.164
5 105 63.1596 -147.737
5 106 63.2343 -148.308
5 107 63.3057 -148.876
5 108 63.374 -149.44
5 109 63.4391 -150
5 110 63.501 -150.558
6 1 39.7271 -100.222
6 2 40.1448 -100.532
6 3 40.5298 -100.825
6 4 40.8998 -101.113
6 5 41.2608 -101.398
6 6 41.6158 -101.683
6 7 41.9665 -101.969
6 8 42.3136 -102.255
6 9 42.658 -102.544
6 10 42.9999 -102.834
6 11 43.3396 -103.127
6 12 43.6773 -103.421
6 13 44.0131 -103.719
6 14 44.3471 -104.018
6 15 44.0922 -103.85
6 16 44.4395 -104.159
6 17 44.7806 -104.468
6 18 45.1161 -104.777
6 19 45.4465 -105.086
6 20 45.7722 -105.395
6 21 46.0935 -105.705
6 22 46.4104 -106.015
6 23 46.7233 -106.326
6 24 47.0321 -106.638
6 25 47.337 -106.95
6 26 47.6379 -107.263
6 27 47.935 -107.577
6 28 48.2283 -107.891
6 29 48.5176 -108.206
6 30 48.8031 -108.521
6 31 49.0847 -108.836
6 32 49.3623 -109.152
6 33 49.6359 -109.468
6 34 49.9056 -109.784
6 35 50.1711 -110.099
6 36 50.4326 -110.415
6 37 50.6899 -110.73
6 38 50.943 -111.044
6 39 51.1918 -111.358
6 40 51.4363 -111.671
6 41 51.6765 -111.983
6 42 51.9122 -112.294
6 43 52.1435 -112.603
6 44 52.3703 -112.911
6 45 52.8124 -113.664
6 46 53.1202 -114.094
6 47 53.4246 -114.529
6 48 53.7255 -114.967
6 49 54.023 -115.409
6 50 54.3171 -115.855
6 51 54.6079 -116.305
6 52 54.8953 -116.759
6 53 55.1795 -117.218
6 54 55.4604 -117.681
6 55 55.738 -118.148
6 56 56.0123 -118.619
6 57 56.2834 -119.095
6 58 56.5512 -119.575
6 59 56.8157 -120.06
6 60 57.0769 -120.549
6 61 57.3348 -121.043
6 62 57.5893 -121.541
6 63 57.8406 -122.043
6 64 58.0884 -122.55
6 65 58.3329 -123.062
6 66 58.574 -123.578
6 67 58.8116 -124.098
6 68 59.0458 -124.623
6 69 59.2766 -125.152
6 70 59.5038 -125.685
6 71 59.7275 -126.223
6 72 59.9477 -126.765
6 73 60.1643 -127.31
6 74 60.3773 -127.86
6 75 60.5867 -128.414
6 76 60.7925 -128.972
6 77 60.9947 -129.533
6 78 61.1931 -130.098
6 79 61.3879 -130.667
6 80 61.579 -131.239
6 81 61.7663 -131.814
6 82 61.9499 -132.392
6 83 62.1298 -132.974
6 84 62.3059 -133.558
6 85 62.4782 -134.145
6 86 62.6467 -134.735
6 87 62.8115 -135.327
6 88 62.9725 -135.921
6 89 63.1296 -136.517
6 90 63.283 -137.115
6 91 63.4326 -137.715
6 92 63.5784 -138.316
6 93 63.7204 -138.918
6 94 63.8586 -139.522
6 95 63.9931 -140.126
6 96 64.1238 -140.731
6 97 64.2508 -141.336
6 98 64.374 -141.941
6 99 64.4936 -142.546
6 100 64.6094 -143.15
6 101 64.7217 -143.755
6 102 64.8303 -144.358
6 103 64.9352 -144.96
6 104 65.0367 -145.561
6 105 65.1346 -146.16
6 106 65.2289 -146.757
6 107 65.3199 -147.353
6 108 65.4074 -147.946
6 109 65.4915 -148.536
6 110 65.5723 -149.124
7 1 39.7714 -100.12
7 2 40.2 -100.404
7 3 40.596 -100.671
7 4 40.9772 -100.932
7 5 41.3496 -101.191
7 6 41.7161 -101.449
7 7 42.0784 -101.707
7 8 42.4373 -101.967
7 9 42.7935 -102.228
7 10 43.1473 -102.491
7 11 43.4991 -102.756
7 12 43.8491 -103.023
7 13 44.1972 -103.292
7 14 44.5437 -103.564
7 15 44.2949 -103.385
7 16 44.6543 -103.667
7 17 45.0077 -103.949
7 18 45.3556 -104.23
7 19 45.6986 -104.512
7 20 46.0368 -104.793
7 21 46.3708 -105.075
7 22 46.7005 -105.358
7 23 47.0262 -105.641
7 24 47.3479 -105.925
7 25 47.6658 -106.21
7 26 47.9798 -106.495
7 27 48.29 -106.781
7 28 48.5965 -107.068
7 29 48.8991 -107.355
7 30 49.1978 -107.643
7 31 49.4927 -107.931
7 32 49.7837 -108.219
7 33 50.0708 -108.508
7 34 50.3538 -108.797
7 35 50.6329 -109.086
7 36 50.9078 -109.375
7 37 51.1786 -109.664
7 38 51.4452 -109.952
7 39 51.7075 -110.24
7 40 51.9655 -110.528
7 41 52.2191 -110.814
7 42 52.4683 -111.1
7 43 52.713 -111.384
7 44 52.9532 -111.667
7 45 53.455 -112.311
7 46 53.7803 -112.711
7 47 54.1022 -113.115
7 48 54.4209 -113.523
7 49 54.7363 -113.934
7 50 55.0486 -114.35
7 51 55.3577 -114.77
7 52 55.6637 -115.195
7 53 55.9666 -115.623
7 54 56.2664 -116.057
7 55 56.563 -116.495
7 56 56.8566 -116.937
7 57 57.1472 -117.385
7 58 57.4346 -117.837
7 59 57.7189 -118.294
7 60 58.0001 -118.755
7 61 58.2781 -119.222
7 62 58.553 -119.694
7 63 58.8248 -120.17
7 64 59.0933 -120.652
7 65 59.3586 -121.139
7 66 59.6207 -121.63
7 67 59.8795 -122.127
7 68 60.1349 -122.629
7 69 60.3871 -123.136
7 70 60.6359 -123.648
7 71 60.8814 -124.165
7 72 61.1234 -124.687
7 73 61.362 -125.214
7 74 61.5971 -125.745
7 75 61.8287 -126.282
7 76 62.0567 -126.823
7 77 62.2813 -127.37
7 78 62.5022 -127.921
7 79 62.7196 -128.476
7 80 62.9333 -129.036
7 81 63.1433 -129.601
7 82 63.3497 -130.17
7 83 63.5523 -130.743
7 84 63.7513 -131.32
7 85 63.9465 -131.902
7 86 64.1379 -132.487
7 87 64.3255 -133.075
7 88 64.5094 -133.668
7 89 64.6895 -134.264
7 90 64.8657 -134.863
7 91 65.0381 -135.465
7 92 65.2067 -136.07
7 93 65.3714 -136.677
7 94 65.5323 -137.287
7 95 65.6894 -137.9
7 96 65.8426 -138.514
7 97 65.992 -139.13
7 98 66.1376 -139.748
7 99 66.2793 -140.368
7 100 66.4172 -140.988
7 101 66.5514 -141.609
7 102 66.6817 -142.231
7 103 66.8084 -142.853
7 104 66.9312 -143.475
7 105 67.0504 -144.097
7 106 67.1659 -144.719
7 107 67.2777 -145.34
7 108 67.3859 -145.96
7 109 67.4905 -146.578
7 110 67.5916 -147.195
8 1 39.8099 -100.015
8 2 40.2485 -100.271
8 3 40.6545 -100.511
8 4 41.0459 -100.745
8 5 41.4285 -100.976
8 6 41.8054 -101.206
8 7 42.1781 -101.437
8 8 42.5476 -101.668
8 9 42.9144 -101.901
8 10 43.2791 -102.135
8 11 43.6418 -102.371
8 12 44.0027 -102.609
8 13 44.3619 -102.849
8 14 44.7196 -103.092
8 15 44.4749 -102.902
8 16 44.8453 -103.155
8 17 45.2099 -103.408
8 18 45.569 -103.66
8 19 45.9233 -103.912
8 20 46.2729 -104.164
8 21 46.6183 -104.417
8 22 46.9596 -104.67
8 23 47.2969 -104.924
8 24 47.6304 -105.178
8 25 47.96 -105.434
8 26 48.2859 -105.689
8 27 48.608 -105.946
8 28 48.9264 -106.203
8 29 49.241 -106.46
8 30 49.5518 -106.718
8 31 49.8588 -106.977
8 32 50.162 -107.236
8 33 50.4612 -107.495
8 34 50.7565 -107.755
8 35 51.0478 -108.015
8 36 51.335 -108.275
8 37 51.6181 -108.534
8 38 51.897 -108.794
8 39 52.1716 -109.053
8 40 52.442 -109.312
8 41 52.7079 -109.57
8 42 52.9694 -109.827
8 43 53.2264 -110.084
8 44 53.4788 -110.339
8 45 54.0323 -110.86
8 46 54.3738 -111.224
8 47 54.7121 -111.593
8 48 55.0473 -111.965
8 49 55.3794 -112.341
8 50 55.7086 -112.722
8 51 56.0349 -113.107
8 52 56.3582 -113.496
8 53 56.6786 -113.889
8 54 56.9961 -114.287
8 55 57.3107 -114.69
8 56 57.6225 -115.098
8 57 57.9313 -115.51
8 58 58.2373 -115.928
8 59 58.5403 -116.35
8 60 58.8404 -116.778
8 61 59.1376 -117.211
8 62 59.4319 -117.648
8 63 59.7231 -118.092
8 64 60.0114 -118.54
8 65 60.2966 -118.994
8 66 60.5788 -119.454
8 67 60.8579 -119.919
8 68 61.1339 -120.389
8 69 61.4068 -120.865
8 70 61.6765 -121.347
8 71 61.943 -121.834
8 72 62.2062 -122.327
8 73 62.4662 -122.826
8 74 62.7229 -123.33
8 75 62.9762 -123.84
8 76 63.2262 -124.356
8 77 63.4728 -124.877
8 78 63.7159 -125.404
8 79 63.9556 -125.937
8 80 64.1918 -126.475
8 81 64.4244 -127.018
8 82 64.6535 -127.567
8 83 64.879 -128.122
8 84 65.1009 -128.682
8 85 65.3191 -129.247
8 86 65.5337 -129.817
8 87 65.7445 -130.392
8 88 65.9516 -130.972
8 89 66.155 -131.557
8 90 66.3546 -132.147
8 91 66.5504 -132.741
8 92 66.7424 -133.34
8 93 66.9306 -133.943
8 94 67.115 -134.55
8 95 67.2955 -135.161
8 96 67.4721 -135.776
8 97 67.6449 -136.395
8 98 67.8138 -137.016
8 99 67.9788 -137.641
8 100 68.14 -138.269
8 101 68.2973 -138.899
8 102 68.4507 -139.532
8 103 68.6003 -140.167
8 104 68.746 -140.804
8 105 68.8879 -141.442
8 106 69.026 -142.082
8 107 69.1602 -142.722
8 108 69.2907 -143.364
8 109 69.4174 -144.006
8 110 69.5404 -144.648
9 1 39.8423 -99.9058
9 2 40.2901 -100.135
9 3 40.7052 -100.347
9 4 41.1056 -100.552
9 5 41.4973 -100.755
9 6 41.8833 -100.956
9 7 42.2653 -101.158
9 8 42.6441 -101.36
9 9 43.0204 -101.563
9 10 43.3945 -101.768
9 11 43.7668 -101.974
9 12 44.1375 -102.182
9 13 44.5065 -102.392
9 14 44.8741 -102.604
9 15 44.6313 -102.401
9 16 45.0116 -102.624
9 17 45.3861 -102.846
9 18 45.7553 -103.068
9 19 46.1196 -103.29
9 20 46.4794 -103.511
9 21 46.835 -103.733
9 22 47.1866 -103.955
9 23 47.5342 -104.178
9 24 47.8781 -104.401
9 25 48.2182 -104.625
9 26 48.5546 -104.849
9 27 48.8873 -105.074
9 28 49.2163 -105.299
9 29 49.5416 -105.525
9 30 49.8632 -105.752
9 31 50.1809 -105.979
9 32 50.4949 -106.206
9 33 50.805 -106.434
9 34 51.1112 -106.662
9 35 51.4134 -106.89
9 36 51.7116 -107.118
9 37 52.0056 -107.346
9 38 52.2955 -107.574
9 39 52.5812 -107.802
9 40 52.8625 -108.029
9 41 53.1394 -108.256
9 42 53.4119 -108.482
9 43 53.6799 -108.708
9 44 53.9433 -108.933
9 45 54.5398 -109.314
9 46 54.8959 -109.639
9 47 55.2491 -109.968
9 48 55.5994 -110.3
9 49 55.9468 -110.636
9 50 56.2915 -110.977
9 51 56.6334 -111.321
9 52 56.9726 -111.669
9 53 57.309 -112.022
9 54 57.6428 -112.379
9 55 57.9739 -112.741
9 56 58.3023 -113.107
9 57 58.6281 -113.478
9 58 58.9511 -113.854
9 59 59.2715 -114.235
9 60 59.5892 -114.621
9 61 59.9041 -115.012
9 62 60.2164 -115.408
9 63 60.5258 -115.81
9 64 60.8325 -116.218
9 65 61.1364 -116.63
9 66 61.4374 -117.049
9 67 61.7356 -117.473
9 68 62.031 -117.903
9 69 62.3233 -118.338
9 70 62.6128 -118.78
9 71 62.8992 -119.227
9 72 63.1827 -119.681
9 73 63.4631 -120.141
9 74 63.7404 -120.606
9 75 64.0146 -121.078
9 76 64.2856 -121.557
9 77 64.5534 -122.041
9 78 64.818 -122.532
9 79 65.0793 -123.029
9 80 65.3373 -123.532
9 81 65.592 -124.042
9 82 65.8433 -124.558
9 83 66.0912 -125.081
9 84 66.3357 -125.61
9 85 66.5766 -126.145
9 86 66.8141 -126.687
9 87 67.0479 -127.234
9 88 67.2783 -127.788
9 89 67.505 -128.348
9 90 67.728 -128.915
9 91 67.9474 -129.487
9 92 68.1631 -130.065
9 93 68.3751 -130.649
9 94 68.5833 -131.239
9 95 68.7878 -131.835
9 96 68.9884 -132.436
9 97 69.1853 -133.042
9 98 69.3783 -133.654
9 99 69.5675 -134.27
9 100 69.7528 -134.891
9 101 69.9343 -135.518
9 102 70.1119 -136.148
9 103 70.2856 -136.783
9 104 70.4555 -137.422
9 105 70.6214 -138.064
9 106 70.7835 -138.71
9 107 70.9417 -139.359
9 108 71.096 -140.011
9 109 71.2464 -140.666
9 110 71.393 -141.324
10 1 39.8685 -99.7935
10 2 40.3247 -99.9946
10 3 40.7477 -100.178
10 4 41.156 -100.354
10 5 41.5557 -100.528
10 6 41.9496 -100.7
10 7 42.3396 -100.872
10 8 42.7265 -101.044
10 9 43.1109 -101.217
10 10 43.4933 -101.391
10 11 43.8739 -101.566
10 12 44.2529 -101.743
10 13 44.6304 -101.921
10 14 45.0066 -102.101
10 15 44.7634 -101.885
10 16 45.1525 -102.077
10 17 45.5356 -102.268
10 18 45.9135 -102.458
10 19 46.2866 -102.648
10 20 46.6552 -102.837
10 21 47.0197 -103.027
10 22 47.3802 -103.217
10 23 47.7368 -103.407
10 24 48.0897 -103.597
10 25 48.4388 -103.788
10 26 48.7844 -103.979
10 27 49.1262 -104.17
10 28 49.4645 -104.362
10 29 49.799 -104.555
10 30 50.1299 -104.748
10 31 50.4571 -104.941
10 32 50.7804 -105.134
10 33 51.1 -105.328
10 34 51.4156 -105.522
10 35 51.7273 -105.716
10 36 52.035 -105.911
10 37 52.3385 -106.105
10 38 52.638 -106.299
10 39 52.9332 -106.493
10 40 53.224 -106.686
10 41 53.5106 -106.879
10 42 53.7926 -107.072
10 43 54.0702 -107.264
10 44 54.3431 -107.455
10 45 54.973 -107.684
10 46 55.3421 -107.965
10 47 55.7085 -108.25
10 48 56.0722 -108.538
10 49 56.4332 -108.829
10 50 56.7916 -109.123
10 51 57.1474 -109.422
10 52 57.5007 -109.724
10 53 57.8515 -110.03
10 54 58.1998 -110.341
10 55 58.5456 -110.655
10 56 58.889 -110.974
10 57 59.2299 -111.297
10 58 59.5683 -111.624
10 59 59.9042 -111.957
10 60 60.2377 -112.294
10 61 60.5686 -112.636
10 62 60.8971 -112.983
10 63 61.223 -113.335
10 64 61.5464 -113.692
10 65 61.8672 -114.055
10 66 62.1854 -114.423
10 67 62.501 -114.796
10 68 62.8139 -115.175
10 69 63.1242 -115.56
10 70 63.4318 -115.951
10 71 63.7366 -116.347
10 72 64.0386 -116.75
10 73 64.3379 -117.159
10 74 64.6343 -117.574
10 75 64.9278 -117.995
10 76 65.2184 -118.423
10 77 65.5061 -118.857
10 78 65.7908 -119.297
10 79 66.0724 -119.745
10 80 66.351 -120.199
10 81 66.6265 -120.659
10 82 66.8989 -121.127
10 83 67.1681 -121.602
10 84 67.4341 -122.083
10 85 67.6968 -122.572
10 86 67.9563 -123.067
10 87 68.2124 -123.57
10 88 68.4652 -124.079
10 89 68.7146 -124.596
10 90 68.9605 -125.12
10 91 69.203 -125.651
10 92 69.442 -126.19
10 93 69.6774 -126.735
10 94 69.9093 -127.288
10 95 70.1376 -127.847
10 96 70.3623 -128.414
10 97 70.5833 -128.987
10 98 70.8007 -129.568
10 99 71.0143 -130.155
10 100 71.2242 -130.749
10 101 71.4303 -131.35
10 102 71.6327 -131.957
10 103 71.8313 -132.571
10 104 72.0261 -133.191
10 105 72.2171 -133.817
10 106 72.4042 -134.448
10 107 72.5875 -135.086
10 108 72.7669 -135.729
10 109 72.9425 -136.377
10 110 73.1142 -137.03
11 1 39.8883 -99.6783
11 2 40.3521 -99.8512
11 3 40.7821 -100.005
11 4 41.1971 -100.153
11 5 41.6034 -100.296
11 6 42.0041 -100.438
11 7 42.4007 -100.58
11 8 42.7944 -100.721
11 9 43.1856 -100.863
11 10 43.5748 -101.005
11 11 43.9624 -101.149
11 12 44.3484 -101.294
11 13 44.733 -101.44
11 14 45.1163 -101.587
11 15 44.8707 -101.355
11 16 45.2671 -101.515
11 17 45.6576 -101.674
11 18 46.0428 -101.831
11 19 46.4233 -101.988
11 20 46.7994 -102.145
11 21 47.1714 -102.301
11 22 47.5393 -102.457
11 23 47.9035 -102.613
11 24 48.264 -102.769
11 25 48.6208 -102.925
11 26 48.9739 -103.082
11 27 49.3235 -103.239
11 28 49.6695 -103.396
11 29 50.0118 -103.553
11 30 50.3505 -103.711
11 31 50.6854 -103.869
11 32 51.0167 -104.027
11 33 51.3441 -104.185
11 34 51.6676 -104.343
11 35 51.9873 -104.501
11 36 52.3029 -104.659
11 37 52.6144 -104.817
11 38 52.9218 -104.975
11 39 53.225 -105.133
11 40 53.5239 -105.29
11 41 53.8184 -105.447
11 42 54.1085 -105.603
11 43 54.394 -105.759
11 44 54.6749 -105.914
11 45 55.3278 -105.978
11 46 55.7081 -106.212
11 47 56.0858 -106.448
11 48 56.461 -106.688
11 49 56.8336 -106.93
11 50 57.2038 -107.174
11 51 57.5716 -107.422
11 52 57.937 -107.674
11 53 58.3 -107.928
11 54 58.6608 -108.186
11 55 59.0193 -108.447
11 56 59.3755 -108.712
11 57 59.7294 -108.981
11 58 60.0811 -109.254
11 59 60.4304 -109.531
11 60 60.7775 -109.812
11 61 61.1223 -110.097
11 62 61.4649 -110.387
11 63 61.8051 -110.681
11 64 62.1429 -110.979
11 65 62.4785 -111.283
11 66 62.8117 -111.591
11 67 63.1424 -111.904
11 68 63.4708 -112.222
11 69 63.7968 -112.546
11 70 64.1203 -112.875
11 71 64.4412 -113.209
11 72 64.7597 -113.548
11 73 65.0756 -113.894
11 74 65.389 -114.245
11 75 65.6997 -114.602
11 76 66.0078 -114.965
11 77 66.3132 -115.334
11 78 66.6159 -115.709
11 79 66.9158 -116.091
11 80 67.2129 -116.479
11 81 67.5073 -116.873
11 82 67.7987 -117.275
11 83 68.0873 -117.683
11 84 68.373 -118.098
11 85 68.6556 -118.52
11 86 68.9353 -118.949
11 87 69.2119 -119.385
11 88 69.4855 -119.829
11 89 69.7559 -120.28
11 90 70.0232 -120.738
11 91 70.2873 -121.204
11 92 70.5482 -121.678
11 93 70.8058 -122.159
11 94 71.0601 -122.648
11 95 71.3111 -123.145
11 96 71.5588 -123.65
11 97 71.803 -124.163
11 98 72.0438 -124.684
11 99 72.2812 -125.212
11 100 72.515 -125.749
11 101 72.7454 -126.294
11 102 72.9722 -126.847
11 103 73.1954 -127.408
11 104 73.415 -127.976
11 105 73.631 -128.553
11 106 73.8433 -129.138
11 107 74.052 -129.73
11 108 74.2569 -130.33
11 109 74.4582 -130.938
11 110 74.6557 -131.554
12 1 39.9016 -99.5606
12 2 40.3722 -99.705
12 3 40.808 -99.83
12 4 41.2285 -99.9472
12 5 41.6403 -100.061
12 6 42.0464 -100.172
12 7 42.4484 -100.282
12 8 42.8475 -100.392
12 9 43.2442 -100.503
12 10 43.6389 -100.613
12 11 44.032 -100.724
12 12 44.4236 -100.836
12 13 44.8139 -100.949
12 14 45.2029 -101.063
12 15 44.9524 -100.815
12 16 45.3548 -100.942
12 17 45.7514 -101.067
12 18 46.1427 -101.191
12 19 46.5292 -101.314
12 20 46.9113 -101.437
12 21 47.2892 -101.558
12 22 47.6632 -101.68
12 23 48.0334 -101.801
12 24 48.4 -101.922
12 25 48.7628 -102.043
12 26 49.1221 -102.164
12 27 49.4778 -102.284
12 28 49.83 -102.405
12 29 50.1785 -102.526
12 30 50.5234 -102.647
12 31 50.8646 -102.768
12 32 51.202 -102.889
12 33 51.5357 -103.009
12 34 51.8655 -103.13
12 35 52.1915 -103.251
12 36 52.5134 -103.371
12 37 52.8313 -103.491
12 38 53.145 -103.611
12 39 53.4545 -103.731
12 40 53.7597 -103.85
12 41 54.0606 -103.968
12 42 54.3569 -104.086
12 43 54.6488 -104.204
12 44 54.936 -104.32
12 45 55.6007 -104.209
12 46 55.9901 -104.392
12 47 56.377 -104.577
12 48 56.7615 -104.764
12 49 57.1436 -104.953
12 50 57.5234 -105.144
12 51 57.9009 -105.337
12 52 58.2762 -105.533
12 53 58.6492 -105.731
12 54 59.0202 -105.932
12 55 59.3889 -106.135
12 56 59.7556 -106.341
12 57 60.1201 -106.55
12 58 60.4826 -106.762
12 59 60.8429 -106.977
12 60 61.2011 -107.196
12 61 61.5572 -107.417
12 62 61.9112 -107.642
12 63 62.2631 -107.871
12 64 62.6129 -108.103
12 65 62.9605 -108.339
12 66 63.306 -108.579
12 67 63.6492 -108.822
12 68 63.9903 -109.07
12 69 64.3292 -109.322
12 70 64.6658 -109.578
12 71 65.0001 -109.839
12 72 65.3322 -110.104
12 73 65.662 -110.374
12 74 65.9894 -110.648
12 75 66.3144 -110.927
12 76 66.637 -111.212
12 77 66.9573 -111.501
12 78 67.275 -111.795
12 79 67.5903 -112.095
12 80 67.9031 -112.4
12 81 68.2133 -112.711
12 82 68.5209 -113.028
12 83 68.8259 -113.35
12 84 69.1283 -113.678
12 85 69.4279 -114.013
12 86 69.7249 -114.353
12 87 70.0192 -114.7
12 88 70.3106 -115.053
12 89 70.5993 -115.413
12 90 70.8851 -115.78
12 91 71.168 -116.153
12 92 71.448 -116.534
12 93 71.7251 -116.921
12 94 71.9992 -117.316
12 95 72.2703 -117.718
12 96 72.5383 -118.127
12 97 72.8033 -118.545
12 98 73.0651 -118.969
12 99 73.3239 -119.402
12 100 73.5794 -119.843
12 101 73.8318 -120.291
12 102 74.0809 -120.748
12 103 74.3268 -121.213
12 104 74.5694 -121.687
12 105 74.8086 -122.168
12 106 75.0446 -122.659
12 107 75.2771 -123.158
12 108 75.5063 -123.665
12 109 75.732 -124.181
12 110 75.9543 -124.706
13 1 39.9081 -99.4406
13 2 40.3847 -99.5565
13 3 40.8252 -99.6519
13 4 41.2502 -99.739
13 5 41.6661 -99.8218
13 6 42.0763 -99.9022
13 7 42.4825 -99.9812
13 8 42.8856 -100.059
13 9 43.2864 -100.138
13 10 43.6852 -100.216
13 11 44.0824 -100.294
13 12 44.4782 -100.372
13 13 44.8727 -100.452
13 14 45.2659 -100.531
13 15 45.008 -100.265
13 16 45.4152 -100.359
13 17 45.8164 -100.451
13 18 46.2123 -100.541
13 19 46.6033 -100.629
13 20 46.99 -100.717
13 21 47.3725 -100.804
13 22 47.751 -100.889
13 23 48.1257 -100.975
13 24 48.4968 -101.06
13 25 48.8642 -101.144
13 26 49.228 -101.228
13 27 49.5883 -101.312
13 28 49.9449 -101.395
13 29 50.298 -101.479
13 30 50.6474 -101.562
13 31 50.9932 -101.645
13 32 51.3352 -101.727
13 33 51.6735 -101.809
13 34 52.0079 -101.891
13 35 52.3384 -101.973
13 36 52.6649 -102.054
13 37 52.9873 -102.135
13 38 53.3056 -102.216
13 39 53.6197 -102.295
13 40 53.9295 -102.375
13 41 54.2348 -102.454
13 42 54.5357 -102.532
13 43 54.8321 -102.609
13 44 55.1238 -102.685
13 45 55.7884 -102.39
13 46 56.1848 -102.52
13 47 56.5787 -102.651
13 48 56.9702 -102.783
13 49 57.3594 -102.916
13 50 57.7464 -103.05
13 51 58.1312 -103.185
13 52 58.5139 -103.321
13 53 58.8944 -103.459
13 54 59.2729 -103.599
13 55 59.6494 -103.74
13 56 60.0239 -103.883
13 57 60.3963 -104.027
13 58 60.7668 -104.173
13 59 61.1353 -104.322
13 60 61.5018 -104.472
13 61 61.8663 -104.624
13 62 62.2289 -104.779
13 63 62.5895 -104.936
13 64 62.9481 -105.095
13 65 63.3047 -105.256
13 66 63.6593 -105.42
13 67 64.0118 -105.587
13 68 64.3624 -105.756
13 69 64.7109 -105.927
13 70 65.0573 -106.102
13 71 65.4016 -106.279
13 72 65.7438 -106.46
13 73 66.0839 -106.643
13 74 66.4218 -106.829
13 75 66.7575 -107.019
13 76 67.0911 -107.212
13 77 67.4224 -107.408
13 78 67.7515 -107.608
13 79 68.0783 -107.811
13 80 68.4028 -108.018
13 81 68.725 -108.229
13 82 69.0448 -108.443
13 83 69.3622 -108.662
13 84 69.6773 -108.884
13 85 69.9899 -109.111
13 86 70.3 -109.341
13 87 70.6076 -109.576
13 88 70.9128 -109.816
13 89 71.2153 -110.06
13 90 71.5153 -110.308
13 91 71.8127 -110.562
13 92 72.1075 -110.82
13 93 72.3996 -111.083
13 94 72.6891 -111.351
13 95 72.9758 -111.625
13 96 73.2598 -111.903
13 97 73.541 -112.188
13 98 73.8194 -112.477
13 99 74.095 -112.772
13 100 74.3677 -113.074
13 101 74.6376 -113.38
13 102 74.9045 -113.693
13 103 75.1686 -114.012
13 104 75.4297 -114.338
13 105 75.6878 -114.669
13 106 75.9429 -115.007
13 107 76.195 -115.352
13 108 76.4441 -115.703
13 109 76.6901 -116.061
13 110 76.933 -116.426
14 1 39.9075 -99.3187
14 2 40.3895 -99.4062
14 3 40.8338 -99.4719
14 4 41.2619 -99.5288
14 5 41.6808 -99.5807
14 6 42.0938 -99.6298
14 7 42.5027 -99.6772
14 8 42.9085 -99.7234
14 9 43.312 -99.7689
14 10 43.7135 -99.8141
14 11 44.1134 -99.8591
14 12 44.5118 -99.904
14 13 44.909 -99.949
14 14 45.305 -99.9941
14 15 45.037 -99.7095
14 16 45.4476 -99.7697
14 17 45.8521 -99.8272
14 18 46.2511 -99.8827
14 19 46.6453 -99.9363
14 20 47.035 -99.9885
14 21 47.4205 -100.039
14 22 47.8021 -100.089
14 23 48.1798 -100.138
14 24 48.5537 -100.186
14 25 48.9241 -100.234
14 26 49.2908 -100.281
14 27 49.6539 -100.327
14 28 50.0134 -100.372
14 29 50.3694 -100.417
14 30 50.7217 -100.462
14 31 51.0703 -100.506
14 32 51.4151 -100.549
14 33 51.7562 -100.592
14 34 52.0934 -100.634
14 35 52.4267 -100.676
14 36 52.756 -100.717
14 37 53.0812 -100.758
14 38 53.4023 -100.798
14 39 53.7191 -100.837
14 40 54.0316 -100.875
14 41 54.3396 -100.913
14 42 54.6432 -100.95
14 43 54.9422 -100.986
14 44 55.2365 -101.021
14 45 55.8884 -100.537
14 46 56.2894 -100.612
14 47 56.6879 -100.686
14 48 57.084 -100.761
14 49 57.4779 -100.836
14 50 57.8696 -100.91
14 51 58.2591 -100.985
14 52 58.6465 -101.06
14 53 59.0319 -101.135
14 54 59.4152 -101.211
14 55 59.7966 -101.287
14 56 60.176 -101.363
14 57 60.5534 -101.44
14 58 60.929 -101.517
14 59 61.3026 -101.595
14 60 61.6743 -101.673
14 61 62.0441 -101.752
14 62 62.412 -101.832
14 63 62.7779 -101.912
14 64 63.142 -101.993
14 65 63.5041 -102.075
14 66 63.8644 -102.158
14 67 64.2227 -102.241
14 68 64.579 -102.326
14 69 64.9334 -102.411
14 70 65.2857 -102.497
14 71 65.6361 -102.584
14 72 65.9845 -102.672
14 73 66.3309 -102.761
14 74 66.6752 -102.851
14 75 67.0174 -102.943
14 76 67.3576 -103.035
14 77 67.6956 -103.128
14 78 68.0315 -103.223
14 79 68.3652 -103.318
14 80 68.6968 -103.415
14 81 69.0262 -103.513
14 82 69.3533 -103.612
14 83 69.6782 -103.713
14 84 70.0008 -103.814
14 85 70.3211 -103.917
14 86 70.6391 -104.021
14 87 70.9547 -104.127
14 88 71.268 -104.234
14 89 71.5789 -104.342
14 90 71.8873 -104.451
14 91 72.1933 -104.562
14 92 72.4969 -104.674
14 93 72.7979 -104.788
14 94 73.0965 -104.903
14 95 73.3924 -105.019
14 96 73.6859 -105.137
14 97 73.9767 -105.256
14 98 74.2649 -105.376
14 99 74.5505 -105.498
14 100 74.8334 -105.622
14 101 75.1137 -105.746
14 102 75.3912 -105.872
14 103 75.666 -106
14 104 75.9381 -106.128
14 105 76.2074 -106.258
14 106 76.4739 -106.389
14 107 76.7376 -106.522
14 108 76.9984 -106.656
14 109 77.2564 -106.79
14 110 77.5116 -106.926
15 1 39.8996 -99.1949
15 2 40.3864 -99.2544
15 3 40.8334 -99.2906
15 4 41.2635 -99.3171
15 5 41.6841 -99.3381
15 6 42.0986 -99.3559
15 7 42.5089 -99.3714
15 8 42.9161 -99.3854
15 9 43.3208 -99.3983
15 10 43.7236 -99.4104
15 11 44.1247 -99.4219
15 12 44.5244 -99.433
15 13 44.9228 -99.4436
15 14 45.32 -99.454
15 15 45.039 -99.1494
15 16 45.4516 -99.1757
15 17 45.858 -99.199
15 18 46.2588 -99.2197
15 19 46.6547 -99.2383
15 20 47.0459 -99.255
15 21 47.4329 -99.27
15 22 47.8159 -99.2836
15 23 48.195 -99.2958
15 24 48.5703 -99.3069
15 25 48.9419 -99.317
15 26 49.3099 -99.326
15 27 49.6742 -99.334
15 28 50.0349 -99.3412
15 29 50.392 -99.3475
15 30 50.7454 -99.3529
15 31 51.0951 -99.3576
15 32 51.441 -99.3614
15 33 51.7832 -99.3644
15 34 52.1214 -99.3666
15 35 52.4557 -99.368
15 36 52.7859 -99.3685
15 37 53.112 -99.3682
15 38 53.434 -99.3671
15 39 53.7516 -99.365
15 40 54.0649 -99.362
15 41 54.3738 -99.3581
15 42 54.6781 -99.3531
15 43 54.9778 -99.3472
15 44 55.2727 -99.3401
15 45 55.8986 -98.6643
15 46 56.3018 -98.6831
15 47 56.7025 -98.7008
15 48 57.1008 -98.7172
15 49 57.4968 -98.7325
15 50 57.8905 -98.7468
15 51 58.2821 -98.7599
15 52 58.6715 -98.7721
15 53 59.0589 -98.7832
15 54 59.4443 -98.7934
15 55 59.8276 -98.8026
15 56 60.2089 -98.8108
15 57 60.5883 -98.8181
15 58 60.9658 -98.8245
15 59 61.3413 -98.83
15 60 61.7149 -98.8345
15 61 62.0866 -98.8381
15 62 62.4564 -98.8407
15 63 62.8243 -98.8423
15 64 63.1902 -98.843
15 65 63.5542 -98.8427
15 66 63.9163 -98.8413
15 67 64.2765 -98.839
15 68 64.6347 -98.8355
15 69 64.9909 -98.831
15 70 65.3452 -98.8253
15 71 65.6974 -98.8184
15 72 66.0476 -98.8104
15 73 66.3958 -98.8011
15 74 66.742 -98.7905
15 75 67.0861 -98.7785
15 76 67.4281 -98.7652
15 77 67.7679 -98.7504
15 78 68.1056 -98.7341
15 79 68.4412 -98.7162
15 80 68.7746 -98.6967
15 81 69.1057 -98.6755
15 82 69.4347 -98.6525
15 83 69.7613 -98.6276
15 84 70.0857 -98.6007
15 85 70.4078 -98.5718
15 86 70.7275 -98.5408
15 87 71.0449 -98.5075
15 88 71.3599 -98.4719
15 89 71.6724 -98.4338
15 90 71.9825 -98.3932
15 91 72.2902 -98.3498
15 92 72.5953 -98.3036
15 93 72.8979 -98.2544
15 94 73.198 -98.2021
15 95 73.4955 -98.1465
15 96 73.7903 -98.0875
15 97 74.0826 -98.0248
15 98 74.3721 -97.9584
15 99 74.659 -97.8879
15 100 74.9432 -97.8133
15 101 75.2246 -97.7343
15 102 75.5032 -97.6506
15 103 75.779 -97.5621
15 104 76.0521 -97.4684
15 105 76.3222 -97.3694
15 106 76.5894 -97.2646
15 107 76.8538 -97.154
15 108 77.1152 -97.0371
15 109 77.3736 -96.9136
15 110 77.629 -96.7831
