22 110 2999 31556736
0 0.000000 180 45
0 1 39.0678 -100.895
0 2 39.3698 -101.405
0 3 39.623 -101.889
0 4 39.8544 -102.364
0 5 40.0748 -102.836
0 6 40.2848 -103.304
0 7 40.4885 -103.772
0 8 40.6871 -104.241
0 9 40.8815 -104.71
0 10 41.072 -105.18
0 11 41.2592 -105.651
0 12 41.4432 -106.124
0 13 41.6242 -106.598
0 14 41.8023 -107.074
0 15 41.3878 -106.909
0 16 41.5894 -107.392
0 17 41.7827 -107.873
0 18 41.9688 -108.351
0 19 42.1484 -108.827
0 20 42.3221 -109.301
0 21 42.4904 -109.773
0 22 42.6535 -110.244
0 23 42.8117 -110.713
0 24 42.9653 -111.18
0 25 43.1144 -111.646
0 26 43.2592 -112.11
0 27 43.3999 -112.571
0 28 43.5364 -113.031
0 29 43.6689 -113.488
0 30 43.7975 -113.944
0 31 43.9222 -114.396
0 32 44.043 -114.846
0 33 44.16 -115.293
0 34 44.2733 -115.737
0 35 44.3828 -116.178
0 36 44.4886 -116.615
0 37 44.5907 -117.049
0 38 44.6892 -117.479
0 39 44.784 -117.905
0 40 44.8751 -118.327
0 41 44.9626 -118.745
0 42 45.0466 -119.158
0 43 45.1269 -119.566
0 44 45.2036 -119.969
0 45 44.8323 -121.031
0 46 44.9594 -121.572
0 47 45.0818 -122.113
0 48 45.1997 -122.653
0 49 45.3133 -123.192
0 50 45.4226 -123.731
0 51 45.5278 -124.269
0 52 45.6289 -124.807
0 53 45.726 -125.343
0 54 45.8193 -125.88
0 55 45.9087 -126.415
0 56 45.9943 -126.949
0 57 46.0762 -127.482
0 58 46.1544 -128.015
0 59 46.229 -128.546
0 60 46.3001 -129.076
0 61 46.3676 -129.605
0 62 46.4317 -130.133
0 63 46.4923 -130.659
0 64 46.5495 -131.184
0 65 46.6034 -131.707
0 66 46.6539 -132.229
0 67 46.7012 -132.748
0 68 46.7452 -133.266
0 69 46.786 -133.782
0 70 46.8236 -134.296
0 71 46.8581 -134.808
0 72 46.8895 -135.318
0 73 46.9178 -135.825
0 74 46.9431 -136.33
0 75 46.9654 -136.832
0 76 46.9848 -137.332
0 77 47.0012 -137.829
0 78 47.0147 -138.323
0 79 47.0254 -138.814
0 80 47.0333 -139.302
0 81 47.0384 -139.787
0 82 47.0407 -140.269
0 83 47.0404 -140.748
0 84 47.0374 -141.223
0 85 47.0318 -141.695
0 86 47.0236 -142.164
0 87 47.0128 -142.628
0 88 46.9996 -143.089
0 89 46.9838 -143.546
0 90 46.9657 -144
0 91 46.9452 -144.449
0 92 46.9223 -144.894
0 93 46.8972 -145.335
0 94 46.8697 -145.772
0 95 46.8401 -146.205
0 96 46.8083 -146.634
0 97 46.7744 -147.058
0 98 46.7383 -147.477
0 99 46.7003 -147.892
0 100 46.6602 -148.303
0 101 46.6182 -148.708
0 102 46.5742 -149.109
0 103 46.5284 -149.506
0 104 46.4807 -149.897
0 105 46.4312 -150.284
0 106 46.38 -150.665
0 107 46.3271 -151.042
0 108 46.2725 -151.414
0 109 46.2163 -151.78
0 110 46.1586 -152.142
1 1 39.1657 -100.847
1 2 39.4791 -101.338
1 3 39.7484 -101.805
1 4 39.9975 -102.264
1 5 40.2365 -102.721
1 6 40.4655 -103.175
1 7 40.6884 -103.629
1 8 40.9065 -104.084
1 9 41.1204 -104.539
1 10 41.3308 -104.996
1 11 41.5378 -105.454
1 12 41.7418 -105.914
1 13 41.943 -106.375
1 14 42.1413 -106.839
1 15 41.7562 -106.684
1 16 41.9759 -107.155
1 17 42.1877 -107.623
1 18 42.3926 -108.09
1 19 42.5912 -108.554
1 20 42.7841 -109.018
1 21 42.9716 -109.48
1 22 43.1541 -109.941
1 23 43.3318 -110.401
1 24 43.5049 -110.859
1 25 43.6736 -111.316
1 26 43.838 -111.771
1 27 43.9982 -112.225
1 28 44.1543 -112.677
1 29 44.3064 -113.128
1 30 44.4544 -113.576
1 31 44.5986 -114.023
1 32 44.7388 -114.467
1 33 44.8752 -114.909
1 34 45.0077 -115.348
1 35 45.1364 -115.784
1 36 45.2612 -116.217
1 37 45.3823 -116.647
1 38 45.4996 -117.074
1 39 45.6131 -117.497
1 40 45.7229 -117.916
1 41 45.8289 -118.331
1 42 45.9311 -118.742
1 43 46.0297 -119.149
1 44 46.1244 -119.551
1 45 45.8658 -120.632
1 46 46.0132 -121.172
1 47 46.156 -121.713
1 48 46.2945 -122.253
1 49 46.4286 -122.793
1 50 46.5585 -123.333
1 51 46.6843 -123.873
1 52 46.806 -124.413
1 53 46.9238 -124.952
1 54 47.0376 -125.492
1 55 47.1476 -126.031
1 56 47.2538 -126.57
1 57 47.3563 -127.108
1 58 47.455 -127.646
1 59 47.5501 -128.183
1 60 47.6415 -128.72
1 61 47.7294 -129.256
1 62 47.8137 -129.791
1 63 47.8945 -130.326
1 64 47.9719 -130.859
1 65 48.0457 -131.391
1 66 48.1162 -131.922
1 67 48.1833 -132.452
1 68 48.247 -132.98
1 69 48.3075 -133.507
1 70 48.3646 -134.032
1 71 48.4185 -134.556
1 72 48.4691 -135.078
1 73 48.5166 -135.598
1 74 48.5609 -136.115
1 75 48.602 -136.631
1 76 48.6401 -137.144
1 77 48.6751 -137.656
1 78 48.7071 -138.164
1 79 48.736 -138.67
1 80 48.762 -139.174
1 81 48.7851 -139.674
1 82 48.8053 -140.172
1 83 48.8226 -140.667
1 84 48.8371 -141.159
1 85 48.8488 -141.647
1 86 48.8578 -142.132
1 87 48.8641 -142.614
1 88 48.8677 -143.092
1 89 48.8686 -143.567
1 90 48.867 -144.038
1 91 48.8628 -144.505
1 92 48.8561 -144.969
1 93 48.847 -145.428
1 94 48.8354 -145.884
1 95 48.8215 -146.335
1 96 48.8052 -146.782
1 97 48.7866 -147.225
1 98 48.7658 -147.663
1 99 48.7427 -148.097
1 100 48.7175 -148.527
1 101 48.6902 -148.951
1 102 48.6608 -149.372
1 103 48.6293 -149.787
1 104 48.5959 -150.198
1 105 48.5605 -150.603
1 106 48.5233 -151.004
1 107 48.4841 -151.4
1 108 48.4432 -151.791
1 109 48.4005 -152.177
1 110 48.3561 -152.557
2 1 39.2566 -100.791
2 2 39.5825 -101.262
2 3 39.868 -101.712
2 4 40.1365 -102.155
2 5 40.3916 -102.594
2 6 40.639 -103.032
2 7 40.8806 -103.47
2 8 41.1176 -103.909
2 9 41.3506 -104.349
2 10 41.5802 -104.791
2 11 41.8066 -105.234
2 12 42.0301 -105.68
2 13 42.2508 -106.127
2 14 42.4689 -106.576
2 15 42.1094 -106.427
2 16 42.347 -106.884
2 17 42.5771 -107.339
2 18 42.8005 -107.792
2 19 43.0178 -108.244
2 20 43.2295 -108.695
2 21 43.436 -109.145
2 22 43.6376 -109.594
2 23 43.8344 -110.042
2 24 44.0267 -110.49
2 25 44.2146 -110.936
2 26 44.3982 -111.381
2 27 44.5777 -111.825
2 28 44.753 -112.268
2 29 44.9243 -112.71
2 30 45.0916 -113.149
2 31 45.2549 -113.587
2 32 45.4143 -114.024
2 33 45.5697 -114.458
2 34 45.7212 -114.89
2 35 45.8688 -115.32
2 36 46.0126 -115.746
2 37 46.1524 -116.171
2 38 46.2883 -116.592
2 39 46.4204 -117.01
2 40 46.5485 -117.424
2 41 46.6728 -117.835
2 42 46.7933 -118.242
2 43 46.9098 -118.645
2 44 47.0224 -119.044
2 45 46.8705 -120.133
2 46 47.0385 -120.67
2 47 47.2021 -121.208
2 48 47.3613 -121.746
2 49 47.5162 -122.284
2 50 47.667 -122.824
2 51 47.8136 -123.363
2 52 47.9563 -123.904
2 53 48.095 -124.444
2 54 48.2297 -124.985
2 55 48.3607 -125.526
2 56 48.4878 -126.068
2 57 48.6111 -126.609
2 58 48.7307 -127.151
2 59 48.8466 -127.693
2 60 48.9588 -128.234
2 61 49.0674 -128.776
2 62 49.1724 -129.317
2 63 49.2738 -129.858
2 64 49.3716 -130.398
2 65 49.466 -130.938
2 66 49.5568 -131.477
2 67 49.6442 -132.016
2 68 49.7281 -132.554
2 69 49.8086 -133.09
2 70 49.8857 -133.626
2 71 49.9594 -134.16
2 72 50.0298 -134.693
2 73 50.0969 -135.225
2 74 50.1607 -135.755
2 75 50.2212 -136.283
2 76 50.2785 -136.81
2 77 50.3326 -137.335
2 78 50.3835 -137.857
2 79 50.4312 -138.378
2 80 50.4759 -138.896
2 81 50.5174 -139.412
2 82 50.5559 -139.925
2 83 50.5914 -140.436
2 84 50.6239 -140.944
2 85 50.6535 -141.449
2 86 50.6801 -141.952
2 87 50.7039 -142.451
2 88 50.7248 -142.947
2 89 50.7429 -143.439
2 90 50.7583 -143.928
2 91 50.7709 -144.414
2 92 50.7808 -144.896
2 93 50.7882 -145.374
2 94 50.7929 -145.849
2 95 50.795 -146.319
2 96 50.7947 -146.786
2 97 50.7918 -147.248
2 98 50.7866 -147.706
2 99 50.7789 -148.16
2 100 50.7689 -148.609
2 101 50.7567 -149.054
2 102 50.7421 -149.495
2 103 50.7254 -149.93
2 104 50.7065 -150.361
2 105 50.6855 -150.787
2 106 50.6625 -151.209
2 107 50.6374 -151.625
2 108 50.6103 -152.036
2 109 50.5814 -152.442
2 110 50.5505 -152.843
3 1 39.3411 -100.728
3 2 39.6801 -101.178
3 3 39.9816 -101.609
3 4 40.2672 -102.034
3 5 40.5398 -102.455
3 6 40.805 -102.876
3 7 41.0646 -103.296
3 8 41.3199 -103.718
3 9 41.5713 -104.141
3 10 41.8195 -104.566
3 11 42.0647 -104.993
3 12 42.307 -105.422
3 13 42.5467 -105.853
3 14 42.7839 -106.286
3 15 42.4468 -106.141
3 16 42.7021 -106.581
3 17 42.95 -107.021
3 18 43.1915 -107.459
3 19 43.4271 -107.896
3 20 43.6572 -108.333
3 21 43.8822 -108.768
3 22 44.1023 -109.204
3 23 44.3178 -109.639
3 24 44.5289 -110.073
3 25 44.7356 -110.507
3 26 44.9381 -110.94
3 27 45.1364 -111.372
3 28 45.3306 -111.803
3 29 45.5207 -112.233
3 30 45.7068 -112.662
3 31 45.8889 -113.09
3 32 46.067 -113.516
3 33 46.2412 -113.941
3 34 46.4114 -114.364
3 35 46.5776 -114.784
3 36 46.7398 -115.203
3 37 46.8981 -115.619
3 38 47.0524 -116.033
3 39 47.2027 -116.443
3 40 47.3491 -116.851
3 41 47.4914 -117.255
3 42 47.6297 -117.656
3 43 47.7641 -118.054
3 44 47.8944 -118.447
3 45 47.8437 -119.53
3 46 48.0325 -120.062
3 47 48.2168 -120.595
3 48 48.3969 -121.129
3 49 48.5728 -121.663
3 50 48.7446 -122.2
3 51 48.9124 -122.737
3 52 49.0761 -123.275
3 53 49.2359 -123.814
3 54 49.3918 -124.354
3 55 49.5439 -124.895
3 56 49.6922 -125.437
3 57 49.8367 -125.98
3 58 49.9774 -126.523
3 59 50.1144 -127.067
3 60 50.2478 -127.611
3 61 50.3774 -128.156
3 62 50.5034 -128.702
3 63 50.6258 -129.247
3 64 50.7446 -129.793
3 65 50.8598 -130.339
3 66 50.9714 -130.885
3 67 51.0794 -131.43
3 68 51.184 -131.976
3 69 51.285 -132.521
3 70 51.3826 -133.065
3 71 51.4766 -133.609
3 72 51.5672 -134.152
3 73 51.6544 -134.694
3 74 51.7382 -135.236
3 75 51.8186 -135.776
3 76 51.8956 -136.315
3 77 51.9693 -136.852
3 78 52.0397 -137.388
3 79 52.1068 -137.922
3 80 52.1706 -138.455
3 81 52.2312 -138.986
3 82 52.2886 -139.514
3 83 52.3428 -140.041
3 84 52.3938 -140.565
3 85 52.4418 -141.087
3 86 52.4867 -141.606
3 87 52.5285 -142.122
3 88 52.5673 -142.636
3 89 52.6031 -143.146
3 90 52.636 -143.654
3 91 52.666 -144.158
3 92 52.6931 -144.66
3 93 52.7174 -145.157
3 94 52.7389 -145.651
3 95 52.7576 -146.142
3 96 52.7737 -146.628
3 97 52.7871 -147.111
3 98 52.7979 -147.59
3 99 52.8062 -148.064
3 100 52.8119 -148.535
3 101 52.8151 -149.001
3 102 52.8159 -149.462
3 103 52.8143 -149.919
3 104 52.8104 -150.372
3 105 52.8041 -150.819
3 106 52.7957 -151.262
3 107 52.785 -151.7
3 108 52.7722 -152.133
3 109 52.7573 -152.561
3 110 52.7404 -152.984
4 1 39.4197 -100.658
4 2 39.7721 -101.086
4 3 40.0913 -101.499
4 4 40.3911 -101.903
4 5 40.6806 -102.305
4 6 40.9629 -102.706
4 7 41.2399 -103.107
4 8 41.5127 -103.51
4 9 41.7819 -103.915
4 10 42.0479 -104.321
4 11 42.3111 -104.73
4 12 42.5716 -105.14
4 13 42.8295 -105.554
4 14 43.0851 -105.969
4 15 42.7676 -105.825
4 16 43.04 -106.248
4 17 43.3054 -106.67
4 18 43.5644 -107.091
4 19 43.8177 -107.512
4 20 44.0657 -107.932
4 21 44.3086 -108.352
4 22 44.5469 -108.771
4 23 44.7805 -109.191
4 24 45.0098 -109.61
4 25 45.2348 -110.029
4 26 45.4555 -110.447
4 27 45.6722 -110.865
4 28 45.8847 -111.283
4 29 46.0932 -111.7
4 30 46.2977 -112.116
4 31 46.4981 -112.531
4 32 46.6946 -112.945
4 33 46.887 -113.357
4 34 47.0754 -113.768
4 35 47.2598 -114.178
4 36 47.4402 -114.586
4 37 47.6165 -114.992
4 38 47.7888 -115.395
4 39 47.9571 -115.796
4 40 48.1212 -116.195
4 41 48.2813 -116.591
4 42 48.4372 -116.983
4 43 48.589 -117.373
4 44 48.7367 -117.759
4 45 48.7821 -118.823
4 46 48.9916 -119.346
4 47 49.1968 -119.871
4 48 49.3978 -120.398
4 49 49.5947 -120.926
4 50 49.7876 -121.457
4 51 49.9765 -121.988
4 52 50.1614 -122.522
4 53 50.3425 -123.057
4 54 50.5197 -123.594
4 55 50.6931 -124.132
4 56 50.8627 -124.671
4 57 51.0285 -125.212
4 58 51.1906 -125.755
4 59 51.349 -126.299
4 60 51.5036 -126.843
4 61 51.6546 -127.389
4 62 51.802 -127.936
4 63 51.9456 -128.484
4 64 52.0856 -129.033
4 65 52.222 -129.583
4 66 52.3548 -130.133
4 67 52.484 -130.684
4 68 52.6096 -131.235
4 69 52.7316 -131.786
4 70 52.85 -132.338
4 71 52.9649 -132.889
4 72 53.0762 -133.441
4 73 53.184 -133.992
4 74 53.2883 -134.543
4 75 53.3891 -135.093
4 76 53.4864 -135.643
4 77 53.5802 -136.192
4 78 53.6707 -136.74
4 79 53.7576 -137.287
4 80 53.8412 -137.833
4 81 53.9215 -138.378
4 82 53.9983 -138.921
4 83 54.0718 -139.462
4 84 54.1421 -140.002
4 85 54.209 -140.54
4 86 54.2727 -141.076
4 87 54.3332 -141.609
4 88 54.3905 -142.14
4 89 54.4447 -142.669
4 90 54.4957 -143.195
4 91 54.5437 -143.719
4 92 54.5886 -144.239
4 93 54.6304 -144.756
4 94 54.6694 -145.271
4 95 54.7054 -145.781
4 96 54.7385 -146.289
4 97 54.7687 -146.793
4 98 54.7962 -147.293
4 99 54.8208 -147.789
4 100 54.8428 -148.281
4 101 54.8621 -148.769
4 102 54.8788 -149.253
4 103 54.8928 -149.733
4 104 54.9044 -150.208
4 105 54.9135 -150.679
4 106 54.9201 -151.144
4 107 54.9243 -151.606
4 108 54.9262 -152.062
4 109 54.9259 -152.513
4 110 54.9233 -152.959
5 1 39.4924 -100.582
5 2 39.8582 -100.988
5 3 40.1926 -101.379
5 4 40.5081 -101.762
5 5 40.8136 -102.143
5 6 41.1123 -102.524
5 7 41.4059 -102.905
5 8 41.6954 -103.287
5 9 41.9816 -103.672
5 10 42.2647 -104.058
5 11 42.545 -104.446
5 12 42.8229 -104.837
5 13 43.0983 -105.23
5 14 43.3714 -105.626
5 15 43.071 -105.481
5 16 43.36 -105.885
5 17 43.6421 -106.288
5 18 43.9181 -106.69
5 19 44.1885 -107.092
5 20 44.4536 -107.494
5 21 44.7139 -107.895
5 22 44.9696 -108.297
5 23 45.2208 -108.699
5 24 45.4676 -109.101
5 25 45.7102 -109.503
5 26 45.9487 -109.905
5 27 46.183 -110.307
5 28 46.4133 -110.708
5 29 46.6396 -111.109
5 30 46.8618 -111.51
5 31 47.08 -111.91
5 32 47.2942 -112.309
5 33 47.5044 -112.707
5 34 47.7106 -113.105
5 35 47.9127 -113.501
5 36 48.1107 -113.895
5 37 48.3046 -114.288
5 38 48.4944 -114.679
5 39 48.6801 -115.068
5 40 48.8616 -115.455
5 41 49.039 -115.84
5 42 49.2121 -116.222
5 43 49.3811 -116.601
5 44 49.5458 -116.977
5 45 49.682 -118.008
5 46 49.9121 -118.52
5 47 50.138 -119.034
5 48 50.3598 -119.551
5 49 50.5776 -120.07
5 50 50.7915 -120.591
5 51 51.0015 -121.114
5 52 51.2076 -121.64
5 53 51.4099 -122.168
5 54 51.6084 -122.698
5 55 51.8031 -123.23
5 56 51.9941 -123.765
5 57 52.1814 -124.301
5 58 52.365 -124.839
5 59 52.5449 -125.38
5 60 52.7211 -125.922
5 61 52.8936 -126.466
5 62 53.0624 -127.012
5 63 53.2276 -127.559
5 64 53.3892 -128.108
5 65 53.5471 -128.659
5 66 53.7013 -129.211
5 67 53.8519 -129.764
5 68 53.9989 -130.318
5 69 54.1423 -130.873
5 70 54.282 -131.429
5 71 54.4181 -131.986
5 72 54.5506 -132.544
5 73 54.6795 -133.102
5 74 54.8048 -133.66
5 75 54.9265 -134.219
5 76 55.0446 -134.778
5 77 55.1592 -135.337
5 78 55.2702 -135.895
5 79 55.3777 -136.453
5 80 55.4817 -137.011
5 81 55.5822 -137.568
5 82 55.6791 -138.125
5 83 55.7726 -138.68
5 84 55.8627 -139.234
5 85 55.9493 -139.787
5 86 56.0325 -140.339
5 87 56.1124 -140.889
5 88 56.1889 -141.437
5 89 56.2621 -141.984
5 90 56.3319 -142.528
5 91 56.3986 -143.07
5 92 56.462 -143.61
5 93 56.5222 -144.147
5 94 56.5792 -144.681
5 95 56.6331 -145.213
5 96 56.6839 -145.741
5 97 56.7317 -146.267
5 98 56.7765 -146.789
5 99 56.8183 -147.307
5 100 56.8572 -147.822
5 101 56.8933 -148.334
5 102 56.9265 -148.841
5 103 56.9569 -149.344
5 104 56.9846 -149.844
5 105 57.0095 -150.338
5 106 57.0319 -150.829
5 107 57.0517 -151.315
5 108 57.0689 -151.796
5 109 57.0836 -152.272
5 110 57.0959 -152.743
6 1 39.5596 -100.499
6 2 39.9384 -100.882
6 3 40.2873 -101.251
6 4 40.6177 -101.612
6 5 40.9385 -101.971
6 6 41.2527 -102.33
6 7 41.562 -102.689
6 8 41.8675 -103.05
6 9 42.1696 -103.412
6 10 42.4689 -103.776
6 11 42.7656 -104.143
6 12 43.0599 -104.512
6 13 43.352 -104.884
6 14 43.6418 -105.259
6 15 43.3561 -105.11
6 16 43.6609 -105.493
6 17 43.9591 -105.875
6 18 44.2513 -106.256
6 19 44.538 -106.638
6 20 44.8197 -107.019
6 21 45.0965 -107.401
6 22 45.3689 -107.783
6 23 45.6368 -108.165
6 24 45.9005 -108.548
6 25 46.16 -108.931
6 26 46.4154 -109.314
6 27 46.6668 -109.697
6 28 46.9142 -110.08
6 29 47.1575 -110.463
6 30 47.3968 -110.846
6 31 47.6322 -111.228
6 32 47.8635 -111.61
6 33 48.0908 -111.992
6 34 48.314 -112.373
6 35 48.5332 -112.753
6 36 48.7482 -113.132
6 37 48.9592 -113.509
6 38 49.1659 -113.885
6 39 49.3685 -114.26
6 40 49.5669 -114.632
6 41 49.761 -115.003
6 42 49.9509 -115.371
6 43 50.1365 -115.737
6 44 50.3177 -116.1
6 45 50.5393 -117.085
6 46 50.7897 -117.582
6 47 51.0361 -118.083
6 48 51.2785 -118.586
6 49 51.517 -119.091
6 50 51.7517 -119.6
6 51 51.9825 -120.111
6 52 52.2097 -120.626
6 53 52.4331 -121.143
6 54 52.6528 -121.663
6 55 52.8688 -122.185
6 56 53.0811 -122.711
6 57 53.2898 -123.239
6 58 53.4948 -123.77
6 59 53.6962 -124.303
6 60 53.894 -124.839
6 61 54.0881 -125.378
6 62 54.2786 -125.919
6 63 54.4655 -126.462
6 64 54.6487 -127.008
6 65 54.8283 -127.556
6 66 55.0043 -128.106
6 67 55.1766 -128.658
6 68 55.3453 -129.212
6 69 55.5103 -129.768
6 70 55.6717 -130.325
6 71 55.8294 -130.885
6 72 55.9835 -131.445
6 73 56.1339 -132.007
6 74 56.2807 -132.57
6 75 56.4238 -133.135
6 76 56.5633 -133.7
6 77 56.6991 -134.266
6 78 56.8314 -134.832
6 79 56.9599 -135.399
6 80 57.0849 -135.967
6 81 57.2062 -136.534
6 82 57.3239 -137.102
6 83 57.4381 -137.669
6 84 57.5486 -138.237
6 85 57.6557 -138.803
6 86 57.7591 -139.369
6 87 57.8591 -139.934
6 88 57.9555 -140.498
6 89 58.0485 -141.061
6 90 58.138 -141.623
6 91 58.224 -142.183
6 92 58.3067 -142.742
6 93 58.386 -143.298
6 94 58.462 -143.853
6 95 58.5346 -144.405
6 96 58.604 -144.954
6 97 58.6701 -145.502
6 98 58.733 -146.046
6 99 58.7928 -146.588
6 100 58.8494 -147.126
6 101 58.903 -147.661
6 102 58.9535 -148.193
6 103 59.0011 -148.721
6 104 59.0456 -149.245
6 105 59.0873 -149.765
6 106 59.1261 -150.281
6 107 59.1622 -150.793
6 108 59.1954 -151.301
6 109 59.226 -151.804
6 110 59.2539 -152.302
7 1 39.6211 -100.412
7 2 40.0125 -100.771
7 3 40.3752 -101.116
7 4 40.7197 -101.454
7 5 41.0549 -101.789
7 6 41.3837 -102.124
7 7 41.7079 -102.46
7 8 42.0282 -102.798
7 9 42.3455 -103.137
7 10 42.66 -103.478
7 11 42.9721 -103.822
7 12 43.2819 -104.168
7 13 43.5896 -104.516
7 14 43.8952 -104.867
7 15 43.6219 -104.714
7 16 43.9418 -105.074
7 17 44.2552 -105.433
7 18 44.5628 -105.792
7 19 44.865 -106.151
7 20 45.1623 -106.51
7 21 45.455 -106.87
7 22 45.7431 -107.23
7 23 46.027 -107.591
7 24 46.3067 -107.952
7 25 46.5823 -108.313
7 26 46.8539 -108.675
7 27 47.1214 -109.037
7 28 47.385 -109.4
7 29 47.6447 -109.762
7 30 47.9003 -110.125
7 31 48.152 -110.488
7 32 48.3996 -110.85
7 33 48.6433 -111.212
7 34 48.8829 -111.574
7 35 49.1184 -111.935
7 36 49.3498 -112.296
7 37 49.577 -112.655
7 38 49.8001 -113.014
7 39 50.0189 -113.371
7 40 50.2335 -113.726
7 41 50.4438 -114.08
7 42 50.6497 -114.432
7 43 50.8513 -114.782
7 44 51.0484 -115.13
7 45 51.3499 -116.052
7 46 51.6201 -116.532
7 47 51.8865 -117.014
7 48 52.149 -117.5
7 49 52.4078 -117.989
7 50 52.6629 -118.481
7 51 52.9144 -118.976
7 52 53.1622 -119.475
7 53 53.4064 -119.977
7 54 53.647 -120.483
7 55 53.884 -120.992
7 56 54.1175 -121.504
7 57 54.3474 -122.02
7 58 54.5738 -122.539
7 59 54.7966 -123.061
7 60 55.0159 -123.587
7 61 55.2315 -124.116
7 62 55.4437 -124.648
7 63 55.6522 -125.183
7 64 55.8572 -125.721
7 65 56.0586 -126.262
7 66 56.2564 -126.806
7 67 56.4505 -127.353
7 68 56.6411 -127.903
7 69 56.828 -128.455
7 70 57.0113 -129.01
7 71 57.1909 -129.568
7 72 57.3669 -130.128
7 73 57.5392 -130.689
7 74 57.7079 -131.254
7 75 57.8728 -131.82
7 76 58.0341 -132.388
7 77 58.1917 -132.957
7 78 58.3456 -133.528
7 79 58.4958 -134.101
7 80 58.6423 -134.675
7 81 58.7852 -135.25
7 82 58.9243 -135.826
7 83 59.0597 -136.403
7 84 59.1915 -136.98
7 85 59.3196 -137.558
7 86 59.4441 -138.136
7 87 59.5649 -138.714
7 88 59.682 -139.292
7 89 59.7956 -139.87
7 90 59.9055 -140.447
7 91 60.0119 -141.024
7 92 60.1147 -141.599
7 93 60.214 -142.174
7 94 60.3097 -142.747
7 95 60.402 -143.319
7 96 60.4908 -143.89
7 97 60.5762 -144.458
7 98 60.6582 -145.025
7 99 60.7368 -145.589
7 100 60.8121 -146.151
7 101 60.8841 -146.71
7 102 60.9529 -147.266
7 103 61.0185 -147.819
7 104 61.0809 -148.37
7 105 61.1402 -148.916
7 106 61.1964 -149.459
7 107 61.2496 -149.999
7 108 61.2998 -150.534
7 109 61.3471 -151.066
7 110 61.3915 -151.593
8 1 39.6769 -100.319
8 2 40.0831 -100.655
8 3 40.4561 -100.974
8 4 40.8139 -101.287
8 5 41.1625 -101.598
8 6 41.5049 -101.909
8 7 41.8428 -102.22
8 8 42.1771 -102.533
8 9 42.5085 -102.847
8 10 42.8372 -103.164
8 11 43.1637 -103.482
8 12 43.488 -103.803
8 13 43.8103 -104.127
8 14 44.1306 -104.453
8 15 43.8676 -104.293
8 16 44.2016 -104.629
8 17 44.5294 -104.964
8 18 44.8514 -105.298
8 19 45.1683 -105.633
8 20 45.4803 -105.968
8 21 45.7878 -106.304
8 22 46.0908 -106.64
8 23 46.3897 -106.977
8 24 46.6845 -107.314
8 25 46.9752 -107.652
8 26 47.262 -107.991
8 27 47.5449 -108.33
8 28 47.8238 -108.669
8 29 48.0988 -109.009
8 30 48.3698 -109.349
8 31 48.637 -109.689
8 32 48.9001 -110.03
8 33 49.1592 -110.37
8 34 49.4143 -110.71
8 35 49.6653 -111.05
8 36 49.9122 -111.389
8 37 50.155 -111.728
8 38 50.3935 -112.066
8 39 50.6278 -112.403
8 40 50.8578 -112.739
8 41 51.0835 -113.073
8 42 51.3047 -113.406
8 43 51.5216 -113.737
8 44 51.734 -114.066
8 45 52.1091 -114.912
8 46 52.3985 -115.369
8 47 52.6843 -115.829
8 48 52.9664 -116.293
8 49 53.245 -116.761
8 50 53.52 -117.233
8 51 53.7914 -117.708
8 52 54.0594 -118.187
8 53 54.3239 -118.67
8 54 54.585 -119.156
8 55 54.8427 -119.647
8 56 55.0969 -120.141
8 57 55.3477 -120.64
8 58 55.595 -121.142
8 59 55.8389 -121.649
8 60 56.0794 -122.159
8 61 56.3164 -122.673
8 62 56.55 -123.191
8 63 56.78 -123.713
8 64 57.0066 -124.238
8 65 57.2297 -124.767
8 66 57.4493 -125.301
8 67 57.6653 -125.837
8 68 57.8777 -126.378
8 69 58.0866 -126.921
8 70 58.2919 -127.469
8 71 58.4936 -128.019
8 72 58.6917 -128.573
8 73 58.8862 -129.13
8 74 59.0769 -129.69
8 75 59.2641 -130.253
8 76 59.4475 -130.819
8 77 59.6272 -131.388
8 78 59.8033 -131.959
8 79 59.9756 -132.533
8 80 60.1442 -133.109
8 81 60.3091 -133.687
8 82 60.4702 -134.267
8 83 60.6276 -134.849
8 84 60.7813 -135.432
8 85 60.9312 -136.018
8 86 61.0773 -136.604
8 87 61.2197 -137.192
8 88 61.3584 -137.78
8 89 61.4934 -138.37
8 90 61.6246 -138.96
8 91 61.7522 -139.55
8 92 61.876 -140.141
8 93 61.9962 -140.731
8 94 62.1127 -141.321
8 95 62.2255 -141.911
8 96 62.3348 -142.5
8 97 62.4404 -143.089
8 98 62.5425 -143.676
8 99 62.641 -144.262
8 100 62.736 -144.846
8 101 62.8276 -145.429
8 102 62.9157 -146.01
8 103 63.0003 -146.588
8 104 63.0816 -147.164
8 105 63.1596 -147.737
8 106 63.2343 -148.308
8 107 63.3057 -148.876
8 108 63.374 -149.44
8 109 63.4391 -150
8 110 63.501 -150.558
9 1 39.7271 -100.222
9 2 40.1448 -100.532
9 3 40.5298 -100.825
9 4 40.8998 -101.113
9 5 41.2608 -101.398
9 6 41.6158 -101.683
9 7 41.9665 -101.969
9 8 42.3136 -102.255
9 9 42.658 -102.544
9 10 42.9999 -102.834
9 11 43.3396 -103.127
9 12 43.6773 -103.421
9 13 44.0131 -103.719
9 14 44.3471 -104.018
9 15 44.0922 -103.85
9 16 44.4395 -104.159
9 17 44.7806 -104.468
9 18 45.1161 -104.777
9 19 45.4465 -105.086
9 20 45.7722 -105.395
9 21 46.0935 -105.705
9 22 46.4104 -106.015
9 23 46.7233 -106.326
9 24 47.0321 -106.638
9 25 47.337 -106.95
9 26 47.6379 -107.263
9 27 47.935 -107.577
9 28 48.2283 -107.891
9 29 48.5176 -108.206
9 30 48.8031 -108.521
9 31 49.0847 -108.836
9 32 49.3623 -109.152
9 33 49.6359 -109.468
9 34 49.9056 -109.784
9 35 50.1711 -110.099
9 36 50.4326 -110.415
9 37 50.6899 -110.73
9 38 50.943 -111.044
9 39 51.1918 -111.358
9 40 51.4363 -111.671
9 41 51.6765 -111.983
9 42 51.9122 -112.294
9 43 52.1435 -112.603
9 44 52.3703 -112.911
9 45 52.8124 -113.664
9 46 53.1202 -114.094
9 47 53.4246 -114.529
9 48 53.7255 -114.967
9 49 54.023 -115.409
9 50 54.3171 -115.855
9 51 54.6079 -116.305
9 52 54.8953 -116.759
9 53 55.1795 -117.218
9 54 55.4604 -117.681
9 55 55.738 -118.148
9 56 56.0123 -118.619
9 57 56.2834 -119.095
9 58 56.5512 -119.575
9 59 56.8157 -120.06
9 60 57.0769 -120.549
9 61 57.3348 -121.043
9 62 57.5893 -121.541
9 63 57.8406 -122.043
9 64 58.0884 -122.55
9 65 58.3329 -123.062
9 66 58.574 -123.578
9 67 58.8116 -124.098
9 68 59.0458 -124.623
9 69 59.2766 -125.152
9 70 59.5038 -125.685
9 71 59.7275 -126.223
9 72 59.9477 -126.765
9 73 60.1643 -127.31
9 74 60.3773 -127.86
9 75 60.5867 -128.414
9 76 60.7925 -128.972
9 77 60.9947 -129.533
9 78 61.1931 -130.098
9 79 61.3879 -130.667
9 80 61.579 -131.239
9 81 61.7663 -131.814
9 82 61.9499 -132.392
9 83 62.1298 -132.974
9 84 62.3059 -133.558
9 85 62.4782 -134.145
9 86 62.6467 -134.735
9 87 62.8115 -135.327
9 88 62.9725 -135.921
9 89 63.1296 -136.517
9 90 63.283 -137.115
9 91 63.4326 -137.715
9 92 63.5784 -138.316
9 93 63.7204 -138.918
9 94 63.8586 -139.522
9 95 63.9931 -140.126
9 96 64.1238 -140.731
9 97 64.2508 -141.336
9 98 64.374 -141.941
9 99 64.4936 -142.546
9 100 64.6094 -143.15
9 101 64.7217 -143.755
9 102 64.8303 -144.358
9 103 64.9352 -144.96
9 104 65.0367 -145.561
9 105 65.1346 -146.16
9 106 65.2289 -146.757
9 107 65.3199 -147.353
9 108 65.4074 -147.946
9 109 65.4915 -148.536
9 110 65.5723 -149.124
10 1 39.7714 -100.12
10 2 40.2 -100.404
10 3 40.596 -100.671
10 4 40.9772 -100.932
10 5 41.3496 -101.191
10 6 41.7161 -101.449
10 7 42.0784 -101.707
10 8 42.4373 -101.967
10 9 42.7935 -102.228
10 10 43.1473 -102.491
10 11 43.4991 -102.756
10 12 43.8491 -103.023
10 13 44.1972 -103.292
10 14 44.5437 -103.564
10 15 44.2949 -103.385
10 16 44.6543 -103.667
10 17 45.0077 -103.949
10 18 45.3556 -104.23
10 19 45.6986 -104.512
10 20 46.0368 -104.793
10 21 46.3708 -105.075
10 22 46.7005 -105.358
10 23 47.0262 -105.641
10 24 47.3479 -105.925
10 25 47.6658 -106.21
10 26 47.9798 -106.495
10 27 48.29 -106.781
10 28 48.5965 -107.068
10 29 48.8991 -107.355
10 30 49.1978 -107.643
10 31 49.4927 -107.931
10 32 49.7837 -108.219
10 33 50.0708 -108.508
10 34 50.3538 -108.797
10 35 50.6329 -109.086
10 36 50.9078 -109.375
10 37 51.1786 -109.664
10 38 51.4452 -109.952
10 39 51.7075 -110.24
10 40 51.9655 -110.528
10 41 52.2191 -110.814
10 42 52.4683 -111.1
10 43 52.713 -111.384
10 44 52.9532 -111.667
10 45 53.455 -112.311
10 46 53.7803 -112.711
10 47 54.1022 -113.115
10 48 54.4209 -113.523
10 49 54.7363 -113.934
10 50 55.0486 -114.35
10 51 55.3577 -114.77
10 52 55.6637 -115.195
10 53 55.9666 -115.623
10 54 56.2664 -116.057
10 55 56.563 -116.495
10 56 56.8566 -116.937
10 57 57.1472 -117.385
10 58 57.4346 -117.837
10 59 57.7189 -118.294
10 60 58.0001 -118.755
10 61 58.2781 -119.222
10 62 58.553 -119.694
10 63 58.8248 -120.17
10 64 59.0933 -120.652
10 65 59.3586 -121.139
10 66 59.6207 -121.63
10 67 59.8795 -122.127
10 68 60.1349 -122.629
10 69 60.3871 -123.136
10 70 60.6359 -123.648
10 71 60.8814 -124.165
10 72 61.1234 -124.687
10 73 61.362 -125.214
10 74 61.5971 -125.745
10 75 61.8287 -126.282
10 76 62.0567 -126.823
10 77 62.2813 -127.37
10 78 62.5022 -127.921
10 79 62.7196 -128.476
10 80 62.9333 -129.036
10 81 63.1433 -129.601
10 82 63.3497 -130.17
10 83 63.5523 -130.743
10 84 63.7513 -131.32
10 85 63.9465 -131.902
10 86 64.1379 -132.487
10 87 64.3255 -133.075
10 88 64.5094 -133.668
10 89 64.6895 -134.264
10 90 64.8657 -134.863
10 91 65.0381 -135.465
10 92 65.2067 -136.07
10 93 65.3714 -136.677
10 94 65.5323 -137.287
10 95 65.6894 -137.9
10 96 65.8426 -138.514
10 97 65.992 -139.13
10 98 66.1376 -139.748
10 99 66.2793 -140.368
10 100 66.4172 -140.988
10 101 66.5514 -141.609
10 102 66.6817 -142.231
10 103 66.8084 -142.853
10 104 66.9312 -143.475
10 105 67.0504 -144.097
10 106 67.1659 -144.719
10 107 67.2777 -145.34
10 108 67.3859 -145.96
10 109 67.4905 -146.578
10 110 67.5916 -147.195
11 1 39.8099 -100.015
11 2 40.2485 -100.271
11 3 40.6545 -100.511
11 4 41.0459 -100.745
11 5 41.4285 -100.976
11 6 41.8054 -101.206
11 7 42.1781 -101.437
11 8 42.5476 -101.668
11 9 42.9144 -101.901
11 10 43.2791 -102.135
11 11 43.6418 -102.371
11 12 44.0027 -102.609
11 13 44.3619 -102.849
11 14 44.7196 -103.092
11 15 44.4749 -102.902
11 16 44.8453 -103.155
11 17 45.2099 -103.408
11 18 45.569 -103.66
11 19 45.9233 -103.912
11 20 46.2729 -104.164
11 21 46.6183 -104.417
11 22 46.9596 -104.67
11 23 47.2969 -104.924
11 24 47.6304 -105.178
11 25 47.96 -105.434
11 26 48.2859 -105.689
11 27 48.608 -105.946
11 28 48.9264 -106.203
11 29 49.241 -106.46
11 30 49.5518 -106.718
11 31 49.8588 -106.977
11 32 50.162 -107.236
11 33 50.4612 -107.495
11 34 50.7565 -107.755
11 35 51.0478 -108.015
11 36 51.335 -108.275
11 37 51.6181 -108.534
11 38 51.897 -108.794
11 39 52.1716 -109.053
11 40 52.442 -109.312
11 41 52.7079 -109.57
11 42 52.9694 -109.827
11 43 53.2264 -110.084
11 44 53.4788 -110.339
11 45 54.0323 -110.86
11 46 54.3738 -111.224
11 47 54.7121 -111.593
11 48 55.0473 -111.965
11 49 55.3794 -112.341
11 50 55.7086 -112.722
11 51 56.0349 -113.107
11 52 56.3582 -113.496
11 53 56.6786 -113.889
11 54 56.9961 -114.287
11 55 57.3107 -114.69
11 56 57.6225 -115.098
11 57 57.9313 -115.51
11 58 58.2373 -115.928
11 59 58.5403 -116.35
11 60 58.8404 -116.778
11 61 59.1376 -117.211
11 62 59.4319 -117.648
11 63 59.7231 -118.092
11 64 60.0114 -118.54
11 65 60.2966 -118.994
11 66 60.5788 -119.454
11 67 60.8579 -119.919
11 68 61.1339 -120.389
11 69 61.4068 -120.865
11 70 61.6765 -121.347
11 71 61.943 -121.834
11 72 62.2062 -122.327
11 73 62.4662 -122.826
11 74 62.7229 -123.33
11 75 62.9762 -123.84
11 76 63.2262 -124.356
11 77 63.4728 -124.877
11 78 63.7159 -125.404
11 79 63.9556 -125.937
11 80 64.1918 -126.475
11 81 64.4244 -127.018
11 82 64.6535 -127.567
11 83 64.879 -128.122
11 84 65.1009 -128.682
11 85 65.3191 -129.247
11 86 65.5337 -129.817
11 87 65.7445 -130.392
11 88 65.9516 -130.972
11 89 66.155 -131.557
11 90 66.3546 -132.147
11 91 66.5504 -132.741
11 92 66.7424 -133.34
11 93 66.9306 -133.943
11 94 67.115 -134.55
11 95 67.2955 -135.161
11 96 67.4721 -135.776
11 97 67.6449 -136.395
11 98 67.8138 -137.016
11 99 67.9788 -137.641
11 100 68.14 -138.269
11 101 68.2973 -138.899
11 102 68.4507 -139.532
11 103 68.6003 -140.167
11 104 68.746 -140.804
11 105 68.8879 -141.442
11 106 69.026 -142.082
11 107 69.1602 -142.722
11 108 69.2907 -143.364
11 109 69.4174 -144.006
11 110 69.5404 -144.648
12 1 39.8423 -99.9058
12 2 40.2901 -100.135
12 3 40.7052 -100.347
12 4 41.1056 -100.552
12 5 41.4973 -100.755
12 6 41.8833 -100.956
12 7 42.2653 -101.158
12 8 42.6441 -101.36
12 9 43.0204 -101.563
12 10 43.3945 -101.768
12 11 43.7668 -101.974
12 12 44.1375 -102.182
12 13 44.5065 -102.392
12 14 44.8741 -102.604
12 15 44.6313 -102.401
12 16 45.0116 -102.624
12 17 45.3861 -102.846
12 18 45.7553 -103.068
12 19 46.1196 -103.29
12 20 46.4794 -103.511
12 21 46.835 -103.733
12 22 47.1866 -103.955
12 23 47.5342 -104.178
12 24 47.8781 -104.401
12 25 48.2182 -104.625
12 26 48.5546 -104.849
12 27 48.8873 -105.074
12 28 49.2163 -105.299
12 29 49.5416 -105.525
12 30 49.8632 -105.752
12 31 50.1809 -105.979
12 32 50.4949 -106.206
12 33 50.805 -106.434
12 34 51.1112 -106.662
12 35 51.4134 -106.89
12 36 51.7116 -107.118
12 37 52.0056 -107.346
12 38 52.2955 -107.574
12 39 52.5812 -107.802
12 40 52.8625 -108.029
12 41 53.1394 -108.256
12 42 53.4119 -108.482
12 43 53.6799 -108.708
12 44 53.9433 -108.933
12 45 54.5398 -109.314
12 46 54.8959 -109.639
12 47 55.2491 -109.968
12 48 55.5994 -110.3
12 49 55.9468 -110.636
12 50 56.2915 -110.977
12 51 56.6334 -111.321
12 52 56.9726 -111.669
12 53 57.309 -112.022
12 54 57.6428 -112.379
12 55 57.9739 -112.741
12 56 58.3023 -113.107
12 57 58.6281 -113.478
12 58 58.9511 -113.854
12 59 59.2715 -114.235
12 60 59.5892 -114.621
12 61 59.9041 -115.012
12 62 60.2164 -115.408
12 63 60.5258 -115.81
12 64 60.8325 -116.218
12 65 61.1364 -116.63
12 66 61.4374 -117.049
12 67 61.7356 -117.473
12 68 62.031 -117.903
12 69 62.3233 -118.338
12 70 62.6128 -118.78
12 71 62.8992 -119.227
12 72 63.1827 -119.681
12 73 63.4631 -120.141
12 74 63.7404 -120.606
12 75 64.0146 -121.078
12 76 64.2856 -121.557
12 77 64.5534 -122.041
12 78 64.818 -122.532
12 79 65.0793 -123.029
12 80 65.3373 -123.532
12 81 65.592 -124.042
12 82 65.8433 -124.558
12 83 66.0912 -125.081
12 84 66.3357 -125.61
12 85 66.5766 -126.145
12 86 66.8141 -126.687
12 87 67.0479 -127.234
12 88 67.2783 -127.788
12 89 67.505 -128.348
12 90 67.728 -128.915
12 91 67.9474 -129.487
12 92 68.1631 -130.065
12 93 68.3751 -130.649
12 94 68.5833 -131.239
12 95 68.7878 -131.835
12 96 68.9884 -132.436
12 97 69.1853 -133.042
12 98 69.3783 -133.654
12 99 69.5675 -134.27
12 100 69.7528 -134.891
12 101 69.9343 -135.518
12 102 70.1119 -136.148
12 103 70.2856 -136.783
12 104 70.4555 -137.422
12 105 70.6214 -138.064
12 106 70.7835 -138.71
12 107 70.9417 -139.359
12 108 71.096 -140.011
12 109 71.2464 -140.666
12 110 71.393 -141.324
13 1 39.8685 -99.7935
13 2 40.3247 -99.9946
13 3 40.7477 -100.178
13 4 41.156 -100.354
13 5 41.5557 -100.528
13 6 41.9496 -100.7
13 7 42.3396 -100.872
13 8 42.7265 -101.044
13 9 43.1109 -101.217
13 10 43.4933 -101.391
13 11 43.8739 -101.566
13 12 44.2529 -101.743
13 13 44.6304 -101.921
13 14 45.0066 -102.101
13 15 44.7634 -101.885
13 16 45.1525 -102.077
13 17 45.5356 -102.268
13 18 45.9135 -102.458
13 19 46.2866 -102.648
13 20 46.6552 -102.837
13 21 47.0197 -103.027
13 22 47.3802 -103.217
13 23 47.7368 -103.407
13 24 48.0897 -103.597
13 25 48.4388 -103.788
13 26 48.7844 -103.979
13 27 49.1262 -104.17
13 28 49.4645 -104.362
13 29 49.799 -104.555
13 30 50.1299 -104.748
13 31 50.4571 -104.941
13 32 50.7804 -105.134
13 33 51.1 -105.328
13 34 51.4156 -105.522
13 35 51.7273 -105.716
13 36 52.035 -105.911
13 37 52.3385 -106.105
13 38 52.638 -106.299
13 39 52.9332 -106.493
13 40 53.224 -106.686
13 41 53.5106 -106.879
13 42 53.7926 -107.072
13 43 54.0702 -107.264
13 44 54.3431 -107.455
13 45 54.973 -107.684
13 46 55.3421 -107.965
13 47 55.7085 -108.25
13 48 56.0722 -108.538
13 49 56.4332 -108.829
13 50 56.7916 -109.123
13 51 57.1474 -109.422
13 52 57.5007 -109.724
13 53 57.8515 -110.03
13 54 58.1998 -110.341
13 55 58.5456 -110.655
13 56 58.889 -110.974
13 57 59.2299 -111.297
13 58 59.5683 -111.624
13 59 59.9042 -111.957
13 60 60.2377 -112.294
13 61 60.5686 -112.636
13 62 60.8971 -112.983
13 63 61.223 -113.335
13 64 61.5464 -113.692
13 65 61.8672 -114.055
13 66 62.1854 -114.423
13 67 62.501 -114.796
13 68 62.8139 -115.175
13 69 63.1242 -115.56
13 70 63.4318 -115.951
13 71 63.7366 -116.347
13 72 64.0386 -116.75
13 73 64.3379 -117.159
13 74 64.6343 -117.574
13 75 64.9278 -117.995
13 76 65.2184 -118.423
13 77 65.5061 -118.857
13 78 65.7908 -119.297
13 79 66.0724 -119.745
13 80 66.351 -120.199
13 81 66.6265 -120.659
13 82 66.8989 -121.127
13 83 67.1681 -121.602
13 84 67.4341 -122.083
13 85 67.6968 -122.572
13 86 67.9563 -123.067
13 87 68.2124 -123.57
13 88 68.4652 -124.079
13 89 68.7146 -124.596
13 90 68.9605 -125.12
13 91 69.203 -125.651
13 92 69.442 -126.19
13 93 69.6774 -126.735
13 94 69.9093 -127.288
13 95 70.1376 -127.847
13 96 70.3623 -128.414
13 97 70.5833 -128.987
13 98 70.8007 -129.568
13 99 71.0143 -130.155
13 100 71.2242 -130.749
13 101 71.4303 -131.35
13 102 71.6327 -131.957
13 103 71.8313 -132.571
13 104 72.0261 -133.191
13 105 72.2171 -133.817
13 106 72.4042 -134.448
13 107 72.5875 -135.086
13 108 72.7669 -135.729
13 109 72.9425 -136.377
13 110 73.1142 -137.03
14 1 39.8883 -99.6783
14 2 40.3521 -99.8512
14 3 40.7821 -100.005
14 4 41.1971 -100.153
14 5 41.6034 -100.296
14 6 42.0041 -100.438
14 7 42.4007 -100.58
14 8 42.7944 -100.721
14 9 43.1856 -100.863
14 10 43.5748 -101.005
14 11 43.9624 -101.149
14 12 44.3484 -101.294
14 13 44.733 -101.44
14 14 45.1163 -101.587
14 15 44.8707 -101.355
14 16 45.2671 -101.515
14 17 45.6576 -101.674
14 18 46.0428 -101.831
14 19 46.4233 -101.988
14 20 46.7994 -102.145
14 21 47.1714 -102.301
14 22 47.5393 -102.457
14 23 47.9035 -102.613
14 24 48.264 -102.769
14 25 48.6208 -102.925
14 26 48.9739 -103.082
14 27 49.3235 -103.239
14 28 49.6695 -103.396
14 29 50.0118 -103.553
14 30 50.3505 -103.711
14 31 50.6854 -103.869
14 32 51.0167 -104.027
14 33 51.3441 -104.185
14 34 51.6676 -104.343
14 35 51.9873 -104.501
14 36 52.3029 -104.659
14 37 52.6144 -104.817
14 38 52.9218 -104.975
14 39 53.225 -105.133
14 40 53.5239 -105.29
14 41 53.8184 -105.447
14 42 54.1085 -105.603
14 43 54.394 -105.759
14 44 54.6749 -105.914
14 45 55.3278 -105.978
14 46 55.7081 -106.212
14 47 56.0858 -106.448
14 48 56.461 -106.688
14 49 56.8336 -106.93
14 50 57.2038 -107.174
14 51 57.5716 -107.422
14 52 57.937 -107.674
14 53 58.3 -107.928
14 54 58.6608 -108.186
14 55 59.0193 -108.447
14 56 59.3755 -108.712
14 57 59.7294 -108.981
14 58 60.0811 -109.254
14 59 60.4304 -109.531
14 60 60.7775 -109.812
14 61 61.1223 -110.097
14 62 61.4649 -110.387
14 63 61.8051 -110.681
14 64 62.1429 -110.979
14 65 62.4785 -111.283
14 66 62.8117 -111.591
14 67 63.1424 -111.904
14 68 63.4708 -112.222
14 69 63.7968 -112.546
14 70 64.1203 -112.875
14 71 64.4412 -113.209
14 72 64.7597 -113.548
14 73 65.0756 -113.894
14 74 65.389 -114.245
14 75 65.6997 -114.602
14 76 66.0078 -114.965
14 77 66.3132 -115.334
14 78 66.6159 -115.709
14 79 66.9158 -116.091
14 80 67.2129 -116.479
14 81 67.5073 -116.873
14 82 67.7987 -117.275
14 83 68.0873 -117.683
14 84 68.373 -118.098
14 85 68.6556 -118.52
14 86 68.9353 -118.949
14 87 69.2119 -119.385
14 88 69.4855 -119.829
14 89 69.7559 -120.28
14 90 70.0232 -120.738
14 91 70.2873 -121.204
14 92 70.5482 -121.678
14 93 70.8058 -122.159
14 94 71.0601 -122.648
14 95 71.3111 -123.145
14 96 71.5588 -123.65
14 97 71.803 -124.163
14 98 72.0438 -124.684
14 99 72.2812 -125.212
14 100 72.515 -125.749
14 101 72.7454 -126.294
14 102 72.9722 -126.847
14 103 73.1954 -127.408
14 104 73.415 -127.976
14 105 73.631 -128.553
14 106 73.8433 -129.138
14 107 74.052 -129.73
14 108 74.2569 -130.33
14 109 74.4582 -130.938
14 110 74.6557 -131.554
15 1 39.9016 -99.5606
15 2 40.3722 -99.705
15 3 40.808 -99.83
15 4 41.2285 -99.9472
15 5 41.6403 -100.061
15 6 42.0464 -100.172
15 7 42.4484 -100.282
15 8 42.8475 -100.392
15 9 43.2442 -100.503
15 10 43.6389 -100.613
15 11 44.032 -100.724
15 12 44.4236 -100.836
15 13 44.8139 -100.949
15 14 45.2029 -101.063
15 15 44.9524 -100.815
15 16 45.3548 -100.942
15 17 45.7514 -101.067
15 18 46.1427 -101.191
15 19 46.5292 -101.314
15 20 46.9113 -101.437
15 21 47.2892 -101.558
15 22 47.6632 -101.68
15 23 48.0334 -101.801
15 24 48.4 -101.922
15 25 48.7628 -102.043
15 26 49.1221 -102.164
15 27 49.4778 -102.284
15 28 49.83 -102.405
15 29 50.1785 -102.526
15 30 50.5234 -102.647
15 31 50.8646 -102.768
15 32 51.202 -102.889
15 33 51.5357 -103.009
15 34 51.8655 -103.13
15 35 52.1915 -103.251
15 36 52.5134 -103.371
15 37 52.8313 -103.491
15 38 53.145 -103.611
15 39 53.4545 -103.731
15 40 53.7597 -103.85
15 41 54.0606 -103.968
15 42 54.3569 -104.086
15 43 54.6488 -104.204
15 44 54.936 -104.32
15 45 55.6007 -104.209
15 46 55.9901 -104.392
15 47 56.377 -104.577
15 48 56.7615 -104.764
15 49 57.1436 -104.953
15 50 57.5234 -105.144
15 51 57.9009 -105.337
15 52 58.2762 -105.533
15 53 58.6492 -105.731
15 54 59.0202 -105.932
15 55 59.3889 -106.135
15 56 59.7556 -106.341
15 57 60.1201 -106.55
15 58 60.4826 -106.762
15 59 60.8429 -106.977
15 60 61.2011 -107.196
15 61 61.5572 -107.417
15 62 61.9112 -107.642
15 63 62.2631 -107.871
15 64 62.6129 -108.103
15 65 62.9605 -108.339
15 66 63.306 -108.579
15 67 63.6492 -108.822
15 68 63.9903 -109.07
15 69 64.3292 -109.322
15 70 64.6658 -109.578
15 71 65.0001 -109.839
15 72 65.3322 -110.104
15 73 65.662 -110.374
15 74 65.9894 -110.648
15 75 66.3144 -110.927
15 76 66.637 -111.212
15 77 66.9573 -111.501
15 78 67.275 -111.795
15 79 67.5903 -112.095
15 80 67.9031 -112.4
15 81 68.2133 -112.711
15 82 68.5209 -113.028
15 83 68.8259 -113.35
15 84 69.1283 -113.678
15 85 69.4279 -114.013
15 86 69.7249 -114.353
15 87 70.0192 -114.7
15 88 70.3106 -115.053
15 89 70.5993 -115.413
15 90 70.8851 -115.78
15 91 71.168 -116.153
15 92 71.448 -116.534
15 93 71.7251 -116.921
15 94 71.9992 -117.316
15 95 72.2703 -117.718
15 96 72.5383 -118.127
15 97 72.8033 -118.545
15 98 73.0651 -118.969
15 99 73.3239 -119.402
15 100 73.5794 -119.843
15 101 73.8318 -120.291
15 102 74.0809 -120.748
15 103 74.3268 -121.213
15 104 74.5694 -121.687
15 105 74.8086 -122.168
15 106 75.0446 -122.659
15 107 75.2771 -123.158
15 108 75.5063 -123.665
15 109 75.732 -124.181
15 110 75.9543 -124.706
16 1 39.9081 -99.4406
16 2 40.3847 -99.5565
16 3 40.8252 -99.6519
16 4 41.2502 -99.739
16 5 41.6661 -99.8218
16 6 42.0763 -99.9022
16 7 42.4825 -99.9812
16 8 42.8856 -100.059
16 9 43.2864 -100.138
16 10 43.6852 -100.216
16 11 44.0824 -100.294
16 12 44.4782 -100.372
16 13 44.8727 -100.452
16 14 45.2659 -100.531
16 15 45.008 -100.265
16 16 45.4152 -100.359
16 17 45.8164 -100.451
16 18 46.2123 -100.541
16 19 46.6033 -100.629
16 20 46.99 -100.717
16 21 47.3725 -100.804
16 22 47.751 -100.889
16 23 48.1257 -100.975
16 24 48.4968 -101.06
16 25 48.8642 -101.144
16 26 49.228 -101.228
16 27 49.5883 -101.312
16 28 49.9449 -101.395
16 29 50.298 -101.479
16 30 50.6474 -101.562
16 31 50.9932 -101.645
16 32 51.3352 -101.727
16 33 51.6735 -101.809
16 34 52.0079 -101.891
16 35 52.3384 -101.973
16 36 52.6649 -102.054
16 37 52.9873 -102.135
16 38 53.3056 -102.216
16 39 53.6197 -102.295
16 40 53.9295 -102.375
16 41 54.2348 -102.454
16 42 54.5357 -102.532
16 43 54.8321 -102.609
16 44 55.1238 -102.685
16 45 55.7884 -102.39
16 46 56.1848 -102.52
16 47 56.5787 -102.651
16 48 56.9702 -102.783
16 49 57.3594 -102.916
16 50 57.7464 -103.05
16 51 58.1312 -103.185
16 52 58.5139 -103.321
16 53 58.8944 -103.459
16 54 59.2729 -103.599
16 55 59.6494 -103.74
16 56 60.0239 -103.883
16 57 60.3963 -104.027
16 58 60.7668 -104.173
16 59 61.1353 -104.322
16 60 61.5018 -104.472
16 61 61.8663 -104.624
16 62 62.2289 -104.779
16 63 62.5895 -104.936
16 64 62.9481 -105.095
16 65 63.3047 -105.256
16 66 63.6593 -105.42
16 67 64.0118 -105.587
16 68 64.3624 -105.756
16 69 64.7109 -105.927
16 70 65.0573 -106.102
16 71 65.4016 -106.279
16 72 65.7438 -106.46
16 73 66.0839 -106.643
16 74 66.4218 -106.829
16 75 66.7575 -107.019
16 76 67.0911 -107.212
16 77 67.4224 -107.408
16 78 67.7515 -107.608
16 79 68.0783 -107.811
16 80 68.4028 -108.018
16 81 68.725 -108.229
16 82 69.0448 -108.443
16 83 69.3622 -108.662
16 84 69.6773 -108.884
16 85 69.9899 -109.111
16 86 70.3 -109.341
16 87 70.6076 -109.576
16 88 70.9128 -109.816
16 89 71.2153 -110.06
16 90 71.5153 -110.308
16 91 71.8127 -110.562
16 92 72.1075 -110.82
16 93 72.3996 -111.083
16 94 72.6891 -111.351
16 95 72.9758 -111.625
16 96 73.2598 -111.903
16 97 73.541 -112.188
16 98 73.8194 -112.477
16 99 74.095 -112.772
16 100 74.3677 -113.074
16 101 74.6376 -113.38
16 102 74.9045 -113.693
16 103 75.1686 -114.012
16 104 75.4297 -114.338
16 105 75.6878 -114.669
16 106 75.9429 -115.007
16 107 76.195 -115.352
16 108 76.4441 -115.703
16 109 76.6901 -116.061
16 110 76.933 -116.426
17 1 39.9075 -99.3187
17 2 40.3895 -99.4062
17 3 40.8338 -99.4719
17 4 41.2619 -99.5288
17 5 41.6808 -99.5807
17 6 42.0938 -99.6298
17 7 42.5027 -99.6772
17 8 42.9085 -99.7234
17 9 43.312 -99.7689
17 10 43.7135 -99.8141
17 11 44.1134 -99.8591
17 12 44.5118 -99.904
17 13 44.909 -99.949
17 14 45.305 -99.9941
17 15 45.037 -99.7095
17 16 45.4476 -99.7697
17 17 45.8521 -99.8272
17 18 46.2511 -99.8827
17 19 46.6453 -99.9363
17 20 47.035 -99.9885
17 21 47.4205 -100.039
17 22 47.8021 -100.089
17 23 48.1798 -100.138
17 24 48.5537 -100.186
17 25 48.9241 -100.234
17 26 49.2908 -100.281
17 27 49.6539 -100.327
17 28 50.0134 -100.372
17 29 50.3694 -100.417
17 30 50.7217 -100.462
17 31 51.0703 -100.506
17 32 51.4151 -100.549
17 33 51.7562 -100.592
17 34 52.0934 -100.634
17 35 52.4267 -100.676
17 36 52.756 -100.717
17 37 53.0812 -100.758
17 38 53.4023 -100.798
17 39 53.7191 -100.837
17 40 54.0316 -100.875
17 41 54.3396 -100.913
17 42 54.6432 -100.95
17 43 54.9422 -100.986
17 44 55.2365 -101.021
17 45 55.8884 -100.537
17 46 56.2894 -100.612
17 47 56.6879 -100.686
17 48 57.084 -100.761
17 49 57.4779 -100.836
17 50 57.8696 -100.91
17 51 58.2591 -100.985
17 52 58.6465 -101.06
17 53 59.0319 -101.135
17 54 59.4152 -101.211
17 55 59.7966 -101.287
17 56 60.176 -101.363
17 57 60.5534 -101.44
17 58 60.929 -101.517
17 59 61.3026 -101.595
17 60 61.6743 -101.673
17 61 62.0441 -101.752
17 62 62.412 -101.832
17 63 62.7779 -101.912
17 64 63.142 -101.993
17 65 63.5041 -102.075
17 66 63.8644 -102.158
17 67 64.2227 -102.241
17 68 64.579 -102.326
17 69 64.9334 -102.411
17 70 65.2857 -102.497
17 71 65.6361 -102.584
17 72 65.9845 -102.672
17 73 66.3309 -102.761
17 74 66.6752 -102.851
17 75 67.0174 -102.943
17 76 67.3576 -103.035
17 77 67.6956 -103.128
17 78 68.0315 -103.223
17 79 68.3652 -103.318
17 80 68.6968 -103.415
17 81 69.0262 -103.513
17 82 69.3533 -103.612
17 83 69.6782 -103.713
17 84 70.0008 -103.814
17 85 70.3211 -103.917
17 86 70.6391 -104.021
17 87 70.9547 -104.127
17 88 71.268 -104.234
17 89 71.5789 -104.342
17 90 71.8873 -104.451
17 91 72.1933 -104.562
17 92 72.4969 -104.674
17 93 72.7979 -104.788
17 94 73.0965 -104.903
17 95 73.3924 -105.019
17 96 73.6859 -105.137
17 97 73.9767 -105.256
17 98 74.2649 -105.376
17 99 74.5505 -105.498
17 100 74.8334 -105.622
17 101 75.1137 -105.746
17 102 75.3912 -105.872
17 103 75.666 -106
17 104 75.9381 -106.128
17 105 76.2074 -106.258
17 106 76.4739 -106.389
17 107 76.7376 -106.522
17 108 76.9984 -106.656
17 109 77.2564 -106.79
17 110 77.5116 -106.926
18 1 39.8996 -99.1949
18 2 40.3864 -99.2544
18 3 40.8334 -99.2906
18 4 41.2635 -99.3171
18 5 41.6841 -99.3381
18 6 42.0986 -99.3559
18 7 42.5089 -99.3714
18 8 42.9161 -99.3854
18 9 43.3208 -99.3983
18 10 43.7236 -99.4104
18 11 44.1247 -99.4219
18 12 44.5244 -99.433
18 13 44.9228 -99.4436
18 14 45.32 -99.454
18 15 45.039 -99.1494
18 16 45.4516 -99.1757
18 17 45.858 -99.199
18 18 46.2588 -99.2197
18 19 46.6547 -99.2383
18 20 47.0459 -99.255
18 21 47.4329 -99.27
18 22 47.8159 -99.2836
18 23 48.195 -99.2958
18 24 48.5703 -99.3069
18 25 48.9419 -99.317
18 26 49.3099 -99.326
18 27 49.6742 -99.334
18 28 50.0349 -99.3412
18 29 50.392 -99.3475
18 30 50.7454 -99.3529
18 31 51.0951 -99.3576
18 32 51.441 -99.3614
18 33 51.7832 -99.3644
18 34 52.1214 -99.3666
18 35 52.4557 -99.368
18 36 52.7859 -99.3685
18 37 53.112 -99.3682
18 38 53.434 -99.3671
18 39 53.7516 -99.365
18 40 54.0649 -99.362
18 41 54.3738 -99.3581
18 42 54.6781 -99.3531
18 43 54.9778 -99.3472
18 44 55.2727 -99.3401
18 45 55.8986 -98.6643
18 46 56.3018 -98.6831
18 47 56.7025 -98.7008
18 48 57.1008 -98.7172
18 49 57.4968 -98.7325
18 50 57.8905 -98.7468
18 51 58.2821 -98.7599
18 52 58.6715 -98.7721
18 53 59.0589 -98.7832
18 54 59.4443 -98.7934
18 55 59.8276 -98.8026
18 56 60.2089 -98.8108
18 57 60.5883 -98.8181
18 58 60.9658 -98.8245
18 59 61.3413 -98.83
18 60 61.7149 -98.8345
18 61 62.0866 -98.8381
18 62 62.4564 -98.8407
18 63 62.8243 -98.8423
18 64 63.1902 -98.843
18 65 63.5542 -98.8427
18 66 63.9163 -98.8413
18 67 64.2765 -98.839
18 68 64.6347 -98.8355
18 69 64.9909 -98.831
18 70 65.3452 -98.8253
18 71 65.6974 -98.8184
18 72 66.0476 -98.8104
18 73 66.3958 -98.8011
18 74 66.742 -98.7905
18 75 67.0861 -98.7785
18 76 67.4281 -98.7652
18 77 67.7679 -98.7504
18 78 68.1056 -98.7341
18 79 68.4412 -98.7162
18 80 68.7746 -98.6967
18 81 69.1057 -98.6755
18 82 69.4347 -98.6525
18 83 69.7613 -98.6276
18 84 70.0857 -98.6007
18 85 70.4078 -98.5718
18 86 70.7275 -98.5408
18 87 71.0449 -98.5075
18 88 71.3599 -98.4719
18 89 71.6724 -98.4338
18 90 71.9825 -98.3932
18 91 72.2902 -98.3498
18 92 72.5953 -98.3036
18 93 72.8979 -98.2544
18 94 73.198 -98.2021
18 95 73.4955 -98.1465
18 96 73.7903 -98.0875
18 97 74.0826 -98.0248
18 98 74.3721 -97.9584
18 99 74.659 -97.8879
18 100 74.9432 -97.8133
18 101 75.2246 -97.7343
18 102 75.5032 -97.6506
18 103 75.779 -97.5621
18 104 76.0521 -97.4684
18 105 76.3222 -97.3694
18 106 76.5894 -97.2646
18 107 76.8538 -97.154
18 108 77.1152 -97.0371
18 109 77.3736 -96.9136
18 110 77.629 -96.7831
19 1 39.8838 -99.0694
19 2 40.3752 -99.1016
19 3 40.8239 -99.1084
19 4 41.2549 -99.1046
19 5 41.676 -99.0949
19 6 42.0907 -99.0813
19 7 42.501 -99.0651
19 8 42.9081 -99.0469
19 9 43.3128 -99.0271
19 10 43.7154 -99.0062
19 11 44.1163 -98.9842
19 12 44.5158 -98.9613
19 13 44.9139 -98.9376
19 14 45.3108 -98.9133
19 15 45.0135 -98.5873
19 16 45.4269 -98.5799
19 17 45.8338 -98.569
19 18 46.235 -98.555
19 19 46.631 -98.5385
19 20 47.0223 -98.5197
19 21 47.4093 -98.4988
19 22 47.7921 -98.4761
19 23 48.171 -98.4517
19 24 48.546 -98.4257
19 25 48.9173 -98.3984
19 26 49.2849 -98.3696
19 27 49.6487 -98.3396
19 28 50.0089 -98.3083
19 29 50.3655 -98.2759
19 30 50.7182 -98.2423
19 31 51.0673 -98.2076
19 32 51.4125 -98.1717
19 33 51.7538 -98.1348
19 34 52.0913 -98.0968
19 35 52.4247 -98.0577
19 36 52.754 -98.0176
19 37 53.0792 -97.9764
19 38 53.4001 -97.9341
19 39 53.7168 -97.8906
19 40 54.029 -97.8461
19 41 54.3367 -97.8005
19 42 54.6398 -97.7537
19 43 54.9382 -97.7057
19 44 55.2318 -97.6566
19 45 55.8177 -96.789
19 46 56.2208 -96.7519
19 47 56.6212 -96.7126
19 48 57.0191 -96.671
19 49 57.4147 -96.6271
19 50 57.8079 -96.5809
19 51 58.1988 -96.5325
19 52 58.5875 -96.4819
19 53 58.974 -96.429
19 54 59.3584 -96.3739
19 55 59.7408 -96.3164
19 56 60.121 -96.2567
19 57 60.4993 -96.1946
19 58 60.8755 -96.1302
19 59 61.2496 -96.0633
19 60 61.6218 -95.994
19 61 61.992 -95.9222
19 62 62.3602 -95.8479
19 63 62.7264 -95.7709
19 64 63.0905 -95.6913
19 65 63.4527 -95.6089
19 66 63.8128 -95.5237
19 67 64.1709 -95.4356
19 68 64.5269 -95.3445
19 69 64.8809 -95.2503
19 70 65.2328 -95.1531
19 71 65.5825 -95.0525
19 72 65.9302 -94.9486
19 73 66.2757 -94.8412
19 74 66.619 -94.7303
19 75 66.9601 -94.6157
19 76 67.299 -94.4973
19 77 67.6357 -94.3749
19 78 67.9701 -94.2484
19 79 68.3022 -94.1177
19 80 68.6319 -93.9827
19 81 68.9593 -93.8431
19 82 69.2843 -93.6988
19 83 69.6068 -93.5497
19 84 69.9269 -93.3955
19 85 70.2445 -93.2361
19 86 70.5596 -93.0713
19 87 70.8722 -92.9009
19 88 71.1821 -92.7247
19 89 71.4894 -92.5424
19 90 71.7941 -92.3538
19 91 72.096 -92.1587
19 92 72.3952 -91.9569
19 93 72.6916 -91.748
19 94 72.9853 -91.5319
19 95 73.276 -91.3082
19 96 73.5639 -91.0767
19 97 73.8489 -90.837
19 98 74.1309 -90.5888
19 99 74.4098 -90.3318
19 100 74.6858 -90.0658
19 101 74.9586 -89.7902
19 102 75.2283 -89.5048
19 103 75.4948 -89.2092
19 104 75.758 -88.9031
19 105 76.018 -88.5859
19 106 76.2747 -88.2573
19 107 76.528 -87.917
19 108 76.7779 -87.5643
19 109 77.0244 -87.199
19 110 77.2673 -86.8205
20 1 39.8594 -98.9424
20 2 40.3555 -98.948
20 3 40.8052 -98.9259
20 4 41.236 -98.8922
20 5 41.6563 -98.8518
20 6 42.0699 -98.8071
20 7 42.479 -98.7592
20 8 42.8847 -98.709
20 9 43.2879 -98.6567
20 10 43.6889 -98.6029
20 11 44.0882 -98.5475
20 12 44.4859 -98.4909
20 13 44.8823 -98.4331
20 14 45.2774 -98.3741
20 15 44.9601 -98.0255
20 16 45.373 -97.9847
20 17 45.7791 -97.9398
20 18 46.1792 -97.8915
20 19 46.574 -97.8401
20 20 46.964 -97.7861
20 21 47.3494 -97.7295
20 22 47.7306 -97.6708
20 23 48.1077 -97.61
20 24 48.4808 -97.5473
20 25 48.8501 -97.4828
20 26 49.2156 -97.4166
20 27 49.5774 -97.3488
20 28 49.9353 -97.2794
20 29 50.2896 -97.2085
20 30 50.64 -97.1362
20 31 50.9866 -97.0624
20 32 51.3293 -96.9873
20 33 51.6681 -96.9108
20 34 52.0029 -96.833
20 35 52.3336 -96.7538
20 36 52.6602 -96.6734
20 37 52.9826 -96.5916
20 38 53.3006 -96.5086
20 39 53.6143 -96.4243
20 40 53.9235 -96.3387
20 41 54.2281 -96.2518
20 42 54.5281 -96.1637
20 43 54.8233 -96.0742
20 44 55.1136 -95.9835
20 45 55.6449 -94.9271
20 46 56.0454 -94.8353
20 47 56.4432 -94.74
20 48 56.8383 -94.6415
20 49 57.2309 -94.5395
20 50 57.6209 -94.4343
20 51 58.0086 -94.3256
20 52 58.3938 -94.2136
20 53 58.7767 -94.0981
20 54 59.1574 -93.9792
20 55 59.5358 -93.8567
20 56 59.912 -93.7307
20 57 60.286 -93.6011
20 58 60.6578 -93.4677
20 59 61.0275 -93.3306
20 60 61.395 -93.1896
20 61 61.7603 -93.0447
20 62 62.1234 -92.8958
20 63 62.4844 -92.7428
20 64 62.8432 -92.5855
20 65 63.1998 -92.4239
20 66 63.5542 -92.2579
20 67 63.9064 -92.0873
20 68 64.2563 -91.9121
20 69 64.604 -91.732
20 70 64.9494 -91.547
20 71 65.2924 -91.3569
20 72 65.6332 -91.1617
20 73 65.9715 -90.961
20 74 66.3075 -90.7548
20 75 66.6411 -90.5429
20 76 66.9721 -90.3251
20 77 67.3007 -90.1013
20 78 67.6268 -89.8713
20 79 67.9503 -89.6348
20 80 68.2712 -89.3917
20 81 68.5894 -89.1419
20 82 68.905 -88.8849
20 83 69.2178 -88.6208
20 84 69.5279 -88.3492
20 85 69.8352 -88.0699
20 86 70.1396 -87.7826
20 87 70.4411 -87.4872
20 88 70.7397 -87.1834
20 89 71.0353 -86.8709
20 90 71.3279 -86.5494
20 91 71.6173 -86.2187
20 92 71.9037 -85.8785
20 93 72.1868 -85.5286
20 94 72.4667 -85.1685
20 95 72.7434 -84.7982
20 96 73.0166 -84.4171
20 97 73.2865 -84.0251
20 98 73.5529 -83.6218
20 99 73.8158 -83.207
20 100 74.0752 -82.7802
20 101 74.3309 -82.3412
20 102 74.5829 -81.8897
20 103 74.8312 -81.4254
20 104 75.0757 -80.9479
20 105 75.3163 -80.4569
20 106 75.553 -79.9522
20 107 75.7857 -79.4334
20 108 76.0143 -78.9002
20 109 76.2388 -78.3524
20 110 76.4591 -77.7896
21 1 39.8257 -98.8136
21 2 40.327 -98.7941
21 3 40.7769 -98.7436
21 4 41.2065 -98.6803
21 5 41.6249 -98.6097
21 6 42.0362 -98.5341
21 7 42.4427 -98.455
21 8 42.8457 -98.373
21 9 43.246 -98.2886
21 10 43.6441 -98.2021
21 11 44.0403 -98.1138
21 12 44.4348 -98.0238
21 13 44.828 -97.9321
21 14 45.2198 -97.8389
21 15 44.8783 -97.4661
21 16 45.2895 -97.3924
21 17 45.6935 -97.3142
21 18 46.0913 -97.232
21 19 46.4835 -97.1463
21 20 46.8706 -97.0575
21 21 47.253 -96.9659
21 22 47.631 -96.8716
21 23 48.0048 -96.775
21 24 48.3745 -96.6761
21 25 48.7403 -96.575
21 26 49.1021 -96.472
21 27 49.46 -96.3669
21 28 49.8141 -96.2601
21 29 50.1644 -96.1514
21 30 50.5107 -96.041
21 31 50.8532 -95.929
21 32 51.1916 -95.8153
21 33 51.5261 -95.7
21 34 51.8565 -95.5831
21 35 52.1827 -95.4647
21 36 52.5047 -95.3448
21 37 52.8224 -95.2234
21 38 53.1357 -95.1005
21 39 53.4445 -94.9763
21 40 53.7488 -94.8506
21 41 54.0485 -94.7235
21 42 54.3434 -94.595
21 43 54.6334 -94.4652
21 44 54.9185 -94.3341
21 45 55.3797 -93.0944
21 46 55.7756 -92.9497
21 47 56.1684 -92.8006
21 48 56.5584 -92.6472
21 49 56.9455 -92.4895
21 50 57.33 -92.3275
21 51 57.7118 -92.1611
21 52 58.091 -91.9903
21 53 58.4677 -91.815
21 54 58.8419 -91.6352
21 55 59.2136 -91.4508
21 56 59.5829 -91.2617
21 57 59.9497 -91.0679
21 58 60.3142 -90.8692
21 59 60.6763 -90.6656
21 60 61.036 -90.457
21 61 61.3932 -90.2433
21 62 61.7481 -90.0242
21 63 62.1006 -89.7999
21 64 62.4507 -89.57
21 65 62.7983 -89.3346
21 66 63.1434 -89.0934
21 67 63.4861 -88.8463
21 68 63.8263 -88.5932
21 69 64.1639 -88.334
21 70 64.499 -88.0684
21 71 64.8314 -87.7964
21 72 65.1613 -87.5177
21 73 65.4885 -87.2322
21 74 65.8129 -86.9398
21 75 66.1347 -86.6402
21 76 66.4537 -86.3333
21 77 66.7698 -86.0188
21 78 67.0831 -85.6967
21 79 67.3934 -85.3666
21 80 67.7008 -85.0285
21 81 68.0052 -84.6821
21 82 68.3066 -84.3272
21 83 68.6048 -83.9635
21 84 68.8999 -83.591
21 85 69.1918 -83.2093
21 86 69.4804 -82.8183
21 87 69.7657 -82.4178
21 88 70.0476 -82.0075
21 89 70.3261 -81.5872
21 90 70.6011 -81.1566
21 91 70.8725 -80.7157
21 92 71.1404 -80.2642
21 93 71.4045 -79.8018
21 94 71.665 -79.3283
21 95 71.9216 -78.8436
21 96 72.1744 -78.3474
21 97 72.4232 -77.8396
21 98 72.6681 -77.32
21 99 72.9089 -76.7884
21 100 73.1456 -76.2446
21 101 73.3781 -75.6885
21 102 73.6064 -75.12
21 103 73.8304 -74.5389
21 104 74.05 -73.9452
21 105 74.2651 -73.3386
21 106 74.4757 -72.7193
21 107 74.6817 -72.0872
21 108 74.8831 -71.4422
21 109 75.0798 -70.7843
21 110 75.2717 -70.1137
