16 225 2999 31556736
0 0.000000 180 45
0 1 69.5204 -133.922
0 2 69.9994 -133.683
0 3 70.4456 -133.489
0 4 70.873 -133.318
0 5 71.2912 -133.155
0 6 71.7033 -132.995
0 7 72.1113 -132.836
0 8 72.5162 -132.674
0 9 72.9186 -132.509
0 10 73.319 -132.34
0 11 73.7176 -132.165
0 12 74.1147 -131.983
0 13 74.5104 -131.795
0 14 74.9048 -131.598
0 15 74.646 -132.534
0 16 75.0549 -132.299
0 17 75.4576 -132.064
0 18 75.8548 -131.827
0 19 76.2469 -131.586
0 20 76.6345 -131.34
0 21 77.0176 -131.088
0 22 77.3967 -130.828
0 23 77.7717 -130.559
0 24 78.1428 -130.28
0 25 78.5101 -129.991
0 26 78.8735 -129.689
0 27 79.2332 -129.374
0 28 79.589 -129.044
0 29 79.9409 -128.699
0 30 80.2889 -128.335
0 31 80.6329 -127.953
0 32 80.9729 -127.549
0 33 81.3087 -127.122
0 34 81.6403 -126.671
0 35 81.9675 -126.192
0 36 82.2903 -125.682
0 37 82.6086 -125.14
0 38 82.9221 -124.562
0 39 83.2308 -123.943
0 40 83.5346 -123.28
0 41 83.8332 -122.568
0 42 84.1266 -121.802
0 43 84.4146 -120.975
0 44 84.6969 -120.08
0 45 85.4084 -122.13
0 46 85.7904 -120.431
0 47 86.1659 -118.422
0 48 86.5338 -116.01
0 49 86.8924 -113.064
0 50 87.239 -109.401
0 51 87.5698 -104.754
0 52 87.8785 -98.7519
0 53 88.1554 -90.8917
0 54 88.3856 -80.6098
0 55 88.5482 -67.5852
0 56 88.621 -52.377
0 57 88.5914 -36.7751
0 58 88.4669 -22.8437
0 59 88.2691 -11.5955
0 60 88.0209 -2.94061
0 61 87.7398 3.65212
0 62 87.4374 8.72176
0 63 87.1212 12.6877
0 64 86.7959 15.8497
0 65 86.4646 18.4176
0 66 86.1295 20.5383
0 67 85.7919 22.3163
0 68 85.4528 23.827
0 69 85.1131 25.1259
0 70 84.7732 26.2544
0 71 84.4336 27.2443
0 72 84.0946 28.1197
0 73 83.7565 28.8998
0 74 83.4195 29.5996
0 75 83.0837 30.2314
0 76 82.7492 30.8048
0 77 82.4163 31.3281
0 78 82.0851 31.8078
0 79 81.7555 32.2494
0 80 81.4277 32.6577
0 81 81.1018 33.0366
0 82 80.7778 33.3893
0 83 80.4557 33.7189
0 84 80.1357 34.0277
0 85 79.8178 34.3178
0 86 79.5021 34.5913
0 87 79.1885 34.8496
0 88 78.8771 35.0943
0 89 78.568 35.3265
0 90 78.2612 35.5475
0 91 77.9568 35.7581
0 92 77.6547 35.9593
0 93 77.355 36.1518
0 94 77.0578 36.3365
0 95 76.763 36.5139
0 96 76.4708 36.6845
0 97 76.1811 36.849
0 98 75.8939 37.0078
0 99 75.6094 37.1614
0 100 75.3275 37.3101
0 101 75.0482 37.4542
0 102 74.7717 37.5942
0 103 74.4978 37.7304
0 104 74.2267 37.8629
0 105 73.9584 37.9922
0 106 73.6928 38.1183
0 107 73.4301 38.2416
0 108 73.1702 38.3622
0 109 72.9131 38.4804
0 110 72.659 38.5963
0 111 72.4078 38.71
0 112 72.1595 38.8218
0 113 71.9141 38.9318
0 114 71.6718 39.0402
0 115 71.4324 39.1469
0 116 71.1961 39.2523
0 117 70.9628 39.3564
0 118 70.7326 39.4593
0 119 70.5055 39.561
0 120 70.2844 39.6614
0 121 70.0632 39.7614
0 122 69.8452 39.8605
0 123 69.6303 39.9589
0 124 69.4186 40.0567
0 125 69.2102 40.1539
0 126 69.0049 40.2506
0 127 68.8029 40.3469
0 128 68.6041 40.4429
0 129 68.4086 40.5386
0 130 68.2164 40.6341
0 131 68.0275 40.7294
0 132 67.8419 40.8246
0 133 67.6597 40.9198
0 134 67.4808 41.015
0 135 67.3052 41.1103
0 136 67.1331 41.2058
0 137 66.9643 41.3014
0 138 66.799 41.3973
0 139 66.6371 41.4935
0 140 66.4786 41.59
0 141 66.3269 41.6868
0 142 66.1756 41.7842
0 143 66.0277 41.8821
0 144 65.8834 41.9806
0 145 65.7426 42.0796
0 146 65.6052 42.1793
0 147 65.4714 42.2797
0 148 65.3411 42.3809
0 149 65.2143 42.4829
0 150 65.0911 42.5857
0 151 64.9715 42.6894
0 152 64.8554 42.794
0 153 64.7429 42.8996
0 154 64.634 43.0063
0 155 64.5286 43.1141
0 156 64.4269 43.223
0 157 64.3288 43.3332
0 158 64.2343 43.4445
0 159 64.1435 43.5572
0 160 64.0563 43.6713
0 161 63.9727 43.7867
0 162 63.8928 43.9036
0 163 63.8166 44.022
0 164 63.744 44.1421
0 165 63.6751 44.2637
0 166 63.6098 44.3871
0 167 63.5483 44.5122
0 168 63.4905 44.6391
0 169 63.4363 44.768
0 170 63.3859 44.8988
0 171 63.3392 45.0316
0 172 63.2962 45.1665
0 173 63.2569 45.3036
0 174 63.2213 45.4429
0 175 63.1895 45.5845
0 176 63.1615 45.7286
0 177 63.1371 45.8751
0 178 63.1166 46.0241
0 179 63.0997 46.1758
0 180 63.0867 46.3303
0 181 63.0774 46.4876
0 182 63.0718 46.6478
0 183 63.0701 46.811
0 184 63.0721 46.9773
0 185 63.0779 47.1469
0 186 63.0875 47.3198
0 187 63.1008 47.4962
0 188 63.118 47.6761
0 189 63.1389 47.8598
0 190 63.1637 48.0472
0 191 63.1922 48.2387
0 192 63.2245 48.4342
0 193 63.2607 48.6339
0 194 63.3006 48.8381
0 195 63.3443 49.0467
0 196 63.3919 49.2601
0 197 63.4433 49.4784
0 198 63.4984 49.7017
0 199 63.5574 49.9303
0 200 63.6202 50.1643
0 201 63.6868 50.4039
0 202 63.7572 50.6494
0 203 63.8314 50.901
0 204 63.9094 51.1588
0 205 63.9911 51.4232
0 206 64.0767 51.6945
0 207 64.1661 51.9728
0 208 64.2593 52.2584
0 209 64.3562 52.5517
0 210 64.4569 52.853
0 211 64.5614 53.1625
0 212 64.6696 53.4807
0 213 64.7816 53.8079
0 214 64.8973 54.1445
0 215 65.0167 54.4908
0 216 65.1398 54.8474
0 217 65.2666 55.2146
0 218 65.3971 55.593
0 219 65.5311 55.983
0 220 65.6688 56.3852
0 221 65.8101 56.8001
0 222 65.9549 57.2283
0 223 66.1032 57.6705
0 224 66.255 58.1273
0 225 66.406 58.5979
1 1 69.5208 -133.649
1 2 69.993 -133.345
1 3 70.4341 -133.08
1 4 70.8572 -132.834
1 5 71.2711 -132.593
1 6 71.6792 -132.351
1 7 72.083 -132.107
1 8 72.4836 -131.856
1 9 72.8816 -131.599
1 10 73.2775 -131.332
1 11 73.6715 -131.056
1 12 74.0637 -130.769
1 13 74.4543 -130.47
1 14 74.8434 -130.158
1 15 74.6002 -131.048
1 16 75.003 -130.696
1 17 75.3994 -130.338
1 18 75.7902 -129.971
1 19 76.1759 -129.594
1 20 76.5567 -129.206
1 21 76.933 -128.804
1 22 77.3049 -128.387
1 23 77.6725 -127.954
1 24 78.0359 -127.502
1 25 78.3951 -127.031
1 26 78.7501 -126.538
1 27 79.1009 -126.021
1 28 79.4474 -125.48
1 29 79.7896 -124.91
1 30 80.1274 -124.311
1 31 80.4606 -123.679
1 32 80.7891 -123.012
1 33 81.1128 -122.307
1 34 81.4316 -121.562
1 35 81.7453 -120.772
1 36 82.0537 -119.934
1 37 82.3567 -119.043
1 38 82.6539 -118.096
1 39 82.9453 -117.088
1 40 83.2306 -116.013
1 41 83.5094 -114.865
1 42 83.7817 -113.639
1 43 84.047 -112.327
1 44 84.3051 -110.923
1 45 85.0108 -110.45
1 46 85.3459 -107.777
1 47 85.6678 -104.726
1 48 85.9743 -101.229
1 49 86.2621 -97.2066
1 50 86.5277 -92.5763
1 51 86.7662 -87.2597
1 52 86.9722 -81.2001
1 53 87.1394 -74.3891
1 54 87.2617 -66.8988
1 55 87.3337 -58.9047
1 56 87.3522 -50.6803
1 57 87.3168 -42.5502
1 58 87.2305 -34.818
1 59 87.0986 -27.7047
1 60 86.9275 -21.3254
1 61 86.7241 -15.7029
1 62 86.4946 -10.7975
1 63 86.2443 -6.53775
1 64 85.9776 -2.84106
1 65 85.6982 0.373286
1 66 85.4087 3.17834
1 67 85.1114 5.63741
1 68 84.808 7.80407
1 69 84.5 9.72309
1 70 84.1885 11.4316
1 71 83.8743 12.9605
1 72 83.5581 14.3353
1 73 83.2407 15.5773
1 74 82.9225 16.7043
1 75 82.6038 17.7311
1 76 82.2851 18.6704
1 77 81.9666 19.5326
1 78 81.6486 20.327
1 79 81.3313 21.0612
1 80 81.0149 21.7418
1 81 80.6996 22.3745
1 82 80.3855 22.9645
1 83 80.0727 23.5158
1 84 79.7614 24.0324
1 85 79.4516 24.5175
1 86 79.1435 24.9741
1 87 78.8372 25.4046
1 88 78.5327 25.8115
1 89 78.23 26.1967
1 90 77.9294 26.562
1 91 77.6308 26.9091
1 92 77.3342 27.2395
1 93 77.0399 27.5543
1 94 76.7477 27.8548
1 95 76.4578 28.1422
1 96 76.1702 28.4172
1 97 75.885 28.6809
1 98 75.6021 28.9341
1 99 75.3217 29.1774
1 100 75.0437 29.4115
1 101 74.7683 29.637
1 102 74.4954 29.8546
1 103 74.2252 30.0647
1 104 73.9575 30.2679
1 105 73.6925 30.4645
1 106 73.4302 30.6549
1 107 73.1706 30.8396
1 108 72.9137 31.0189
1 109 72.6597 31.1931
1 110 72.4084 31.3625
1 111 72.16 31.5274
1 112 71.9145 31.6881
1 113 71.6719 31.8449
1 114 71.4322 31.9979
1 115 71.1954 32.1473
1 116 70.9616 32.2935
1 117 70.7308 32.4365
1 118 70.503 32.5766
1 119 70.2812 32.7129
1 120 70.0592 32.8477
1 121 69.8403 32.9801
1 122 69.6246 33.1101
1 123 69.412 33.238
1 124 69.2025 33.3638
1 125 68.9962 33.4877
1 126 68.7931 33.6098
1 127 68.5933 33.7301
1 128 68.3966 33.8489
1 129 68.2032 33.9662
1 130 68.0131 34.0822
1 131 67.8263 34.1968
1 132 67.6427 34.3102
1 133 67.4625 34.4225
1 134 67.2857 34.5338
1 135 67.1122 34.6442
1 136 66.942 34.7536
1 137 66.7753 34.8623
1 138 66.612 34.9702
1 139 66.4521 35.0775
1 140 66.2989 35.1836
1 141 66.1462 35.2897
1 142 65.9969 35.3954
1 143 65.8511 35.5008
1 144 65.7088 35.6058
1 145 65.57 35.7105
1 146 65.4347 35.8151
1 147 65.3029 35.9195
1 148 65.1747 36.0238
1 149 65.05 36.1281
1 150 64.9289 36.2325
1 151 64.8113 36.3369
1 152 64.6974 36.4414
1 153 64.587 36.5462
1 154 64.4802 36.6512
1 155 64.3771 36.7565
1 156 64.2776 36.8621
1 157 64.1817 36.9682
1 158 64.0895 37.0747
1 159 64.0009 37.1818
1 160 63.9161 37.2894
1 161 63.8348 37.3976
1 162 63.7573 37.5065
1 163 63.6835 37.6162
1 164 63.6134 37.7266
1 165 63.547 37.8379
1 166 63.4843 37.95
1 167 63.4253 38.0631
1 168 63.3701 38.1773
1 169 63.3187 38.2925
1 170 63.271 38.4088
1 171 63.227 38.5263
1 172 63.1869 38.6451
1 173 63.1505 38.7652
1 174 63.1179 38.8866
1 175 63.0891 39.0096
1 176 63.0642 39.134
1 177 63.043 39.26
1 178 63.0256 39.3876
1 179 63.0121 39.517
1 180 63.0025 39.6481
1 181 62.9966 39.7812
1 182 62.9947 39.9161
1 183 62.9965 40.0532
1 184 63.0023 40.1923
1 185 63.0119 40.3336
1 186 63.0255 40.4772
1 187 63.0429 40.6232
1 188 63.0642 40.7717
1 189 63.0894 40.9228
1 190 63.1186 41.0765
1 191 63.1516 41.233
1 192 63.1886 41.3924
1 193 63.2296 41.5548
1 194 63.2745 41.7204
1 195 63.3233 41.8892
1 196 63.3761 42.0614
1 197 63.4329 42.2371
1 198 63.4937 42.4164
1 199 63.5584 42.5995
1 200 63.6272 42.7866
1 201 63.7 42.9778
1 202 63.7768 43.1733
1 203 63.8576 43.3732
1 204 63.9424 43.5778
1 205 64.0313 43.7872
1 206 64.1242 44.0016
1 207 64.2212 44.2213
1 208 64.3223 44.4464
1 209 64.4274 44.6772
1 210 64.5367 44.9139
1 211 64.65 45.1569
1 212 64.7674 45.4062
1 213 64.8889 45.6624
1 214 65.0145 45.9256
1 215 65.1443 46.1961
1 216 65.2782 46.4744
1 217 65.4162 46.7607
1 218 65.5583 47.0554
1 219 65.7046 47.359
1 220 65.855 47.6718
1 221 66.0096 47.9944
1 222 66.1683 48.3271
1 223 66.3312 48.6705
1 224 66.4942 49.0245
1 225 66.6657 49.391
2 1 69.5136 -133.382
2 2 69.9783 -133.012
2 3 70.4132 -132.676
2 4 70.8305 -132.357
2 5 71.2387 -132.039
2 6 71.641 -131.717
2 7 72.0389 -131.389
2 8 72.4335 -131.051
2 9 72.8253 -130.703
2 10 73.2147 -130.343
2 11 73.6019 -129.969
2 12 73.9871 -129.579
2 13 74.3704 -129.173
2 14 74.7518 -128.75
2 15 74.5209 -129.596
2 16 74.9152 -129.13
2 17 75.303 -128.653
2 18 75.6849 -128.163
2 19 76.0614 -127.657
2 20 76.4327 -127.134
2 21 76.7991 -126.591
2 22 77.1607 -126.028
2 23 77.5177 -125.441
2 24 77.8699 -124.829
2 25 78.2174 -124.191
2 26 78.5602 -123.524
2 27 78.8983 -122.825
2 28 79.2314 -122.093
2 29 79.5595 -121.325
2 30 79.8824 -120.519
2 31 80.2001 -119.672
2 32 80.5123 -118.781
2 33 80.8188 -117.843
2 34 81.1194 -116.855
2 35 81.414 -115.814
2 36 81.7022 -114.716
2 37 81.9838 -113.558
2 38 82.2587 -112.335
2 39 82.5263 -111.044
2 40 82.7866 -109.68
2 41 83.0392 -108.241
2 42 83.2837 -106.721
2 43 83.5198 -105.117
2 44 83.7472 -103.424
2 45 84.3953 -101.255
2 46 84.6751 -98.2059
2 47 84.9372 -94.856
2 48 85.1792 -91.1826
2 49 85.3988 -87.1683
2 50 85.5932 -82.8054
2 51 85.7594 -78.1007
2 52 85.8948 -73.0801
2 53 85.9968 -67.7919
2 54 86.0633 -62.3076
2 55 86.0932 -56.7179
2 56 86.0862 -51.1248
2 57 86.0431 -45.6308
2 58 85.9655 -40.3281
2 59 85.8559 -35.2901
2 60 85.7172 -30.5671
2 61 85.5527 -26.1871
2 62 85.3655 -22.1584
2 63 85.1587 -18.4745
2 64 84.9352 -15.1188
2 65 84.6974 -12.0686
2 66 84.4475 -9.29838
2 67 84.1876 -6.78207
2 68 83.9191 -4.4942
2 69 83.6436 -2.41093
2 70 83.3622 -0.510407
2 71 83.076 1.2271
2 72 82.7859 2.81923
2 73 82.4926 4.28161
2 74 82.1967 5.62807
2 75 81.8988 6.87079
2 76 81.5995 8.02051
2 77 81.2991 9.08666
2 78 80.9979 10.0776
2 79 80.6964 11.0006
2 80 80.3948 11.8622
2 81 80.0933 12.6682
2 82 79.7922 13.4235
2 83 79.4917 14.1328
2 84 79.1919 14.8001
2 85 78.893 15.4289
2 86 78.5952 16.0225
2 87 78.2986 16.5837
2 88 78.0034 17.1151
2 89 77.7095 17.6192
2 90 77.4172 18.0978
2 91 77.1265 18.5531
2 92 76.8375 18.9866
2 93 76.5504 19.4001
2 94 76.2651 19.7947
2 95 75.9818 20.172
2 96 75.7004 20.533
2 97 75.4212 20.8788
2 98 75.1441 21.2105
2 99 74.8693 21.529
2 100 74.5966 21.835
2 101 74.3263 22.1294
2 102 74.0584 22.4128
2 103 73.7928 22.686
2 104 73.5297 22.9495
2 105 73.2691 23.2039
2 106 73.0111 23.4498
2 107 72.7556 23.6876
2 108 72.5027 23.9177
2 109 72.2525 24.1406
2 110 72.005 24.3567
2 111 71.7602 24.5663
2 112 71.5182 24.7699
2 113 71.2789 24.9677
2 114 71.0425 25.1599
2 115 70.809 25.347
2 116 70.5783 25.5292
2 117 70.3505 25.7067
2 118 70.1283 25.8783
2 119 69.9062 26.0473
2 120 69.687 26.2123
2 121 69.4709 26.3734
2 122 69.2578 26.531
2 123 69.0478 26.6851
2 124 68.8409 26.8359
2 125 68.6371 26.9836
2 126 68.4365 27.1283
2 127 68.239 27.2702
2 128 68.0447 27.4094
2 129 67.8536 27.546
2 130 67.6657 27.6803
2 131 67.4811 27.8122
2 132 67.2997 27.9419
2 133 67.1216 28.0695
2 134 66.9469 28.1952
2 135 66.7755 28.3189
2 136 66.6074 28.4409
2 137 66.4426 28.5612
2 138 66.2846 28.6787
2 139 66.1269 28.7958
2 140 65.9727 28.9114
2 141 65.8219 29.0257
2 142 65.6745 29.1388
2 143 65.5305 29.2506
2 144 65.3901 29.3614
2 145 65.2531 29.471
2 146 65.1196 29.5797
2 147 64.9896 29.6875
2 148 64.8632 29.7944
2 149 64.7403 29.9005
2 150 64.6209 30.0059
2 151 64.5051 30.1106
2 152 64.3929 30.2148
2 153 64.2843 30.3183
2 154 64.1793 30.4214
2 155 64.0779 30.524
2 156 63.9802 30.6263
2 157 63.8861 30.7282
2 158 63.7956 30.8299
2 159 63.7088 30.9313
2 160 63.6256 31.0326
2 161 63.5462 31.1337
2 162 63.4704 31.2348
2 163 63.3984 31.3359
2 164 63.33 31.437
2 165 63.2654 31.5382
2 166 63.2046 31.6395
2 167 63.1474 31.7411
2 168 63.0941 31.8429
2 169 63.0445 31.9449
2 170 62.9987 32.0474
2 171 62.9566 32.1502
2 172 62.9184 32.2535
2 173 62.884 32.3573
2 174 62.8533 32.4616
2 175 62.8266 32.5666
2 176 62.8036 32.6722
2 177 62.7845 32.7786
2 178 62.7693 32.8858
2 179 62.7579 32.9938
2 180 62.7504 33.1027
2 181 62.7468 33.2126
2 182 62.7471 33.3235
2 183 62.7513 33.4355
2 184 62.7594 33.5486
2 185 62.7714 33.663
2 186 62.7874 33.7787
2 187 62.8073 33.8957
2 188 62.8312 34.0141
2 189 62.8591 34.1341
2 190 62.8909 34.2557
2 191 62.9268 34.3789
2 192 62.9666 34.5039
2 193 63.0105 34.6307
2 194 63.0584 34.7594
2 195 63.1104 34.8901
2 196 63.1664 35.023
2 197 63.2265 35.158
2 198 63.2906 35.2954
2 199 63.3589 35.4352
2 200 63.4313 35.5775
2 201 63.5078 35.7224
2 202 63.5884 35.8702
2 203 63.6732 36.0208
2 204 63.7622 36.1744
2 205 63.8553 36.3312
2 206 63.9527 36.4912
2 207 64.0543 36.6548
2 208 64.1601 36.8219
2 209 64.2702 36.9929
2 210 64.3846 37.1677
2 211 64.5032 37.3468
2 212 64.6262 37.5301
2 213 64.7535 37.718
2 214 64.8851 37.9107
2 215 65.0211 38.1083
2 216 65.1615 38.3111
2 217 65.3063 38.5195
2 218 65.4556 38.7335
2 219 65.6093 38.9536
2 220 65.7675 39.1801
2 221 65.9302 39.4131
2 222 66.0974 39.6532
2 223 66.2692 39.9006
2 224 66.4414 40.1561
2 225 66.6228 40.4194
3 1 69.4992 -133.121
3 2 69.9556 -132.686
3 3 70.383 -132.281
3 4 70.7932 -131.888
3 5 71.1942 -131.495
3 6 71.5892 -131.095
3 7 71.9796 -130.686
3 8 72.3663 -130.264
3 9 72.75 -129.828
3 10 73.131 -129.377
3 11 73.5095 -128.908
3 12 73.8856 -128.421
3 13 74.2594 -127.913
3 14 74.631 -127.384
3 15 74.4092 -128.188
3 16 74.7929 -127.614
3 17 75.1698 -127.026
3 18 75.5404 -126.42
3 19 75.9052 -125.794
3 20 76.2644 -125.146
3 21 76.6182 -124.474
3 22 76.9667 -123.777
3 23 77.31 -123.051
3 24 77.648 -122.296
3 25 77.9807 -121.51
3 26 78.308 -120.689
3 27 78.6299 -119.833
3 28 78.9461 -118.939
3 29 79.2565 -118.004
3 30 79.561 -117.027
3 31 79.8594 -116.004
3 32 80.1513 -114.934
3 33 80.4367 -113.815
3 34 80.7153 -112.643
3 35 80.9868 -111.416
3 36 81.2509 -110.132
3 37 81.5074 -108.789
3 38 81.7561 -107.384
3 39 81.9965 -105.915
3 40 82.2284 -104.381
3 41 82.4515 -102.78
3 42 82.6656 -101.111
3 43 82.8702 -99.3739
3 44 83.0652 -97.568
3 45 83.6284 -94.4605
3 46 83.8554 -91.4045
3 47 84.063 -88.148
3 48 84.2496 -84.6917
3 49 84.4135 -81.0423
3 50 84.5534 -77.2131
3 51 84.6676 -73.2252
3 52 84.7551 -69.1077
3 53 84.8149 -64.8966
3 54 84.8465 -60.6339
3 55 84.85 -56.3648
3 56 84.8255 -52.1349
3 57 84.774 -47.9875
3 58 84.6966 -43.9611
3 59 84.5949 -40.0872
3 60 84.4705 -36.3896
3 61 84.3253 -32.8845
3 62 84.1613 -29.5807
3 63 83.9803 -26.4808
3 64 83.7842 -23.5825
3 65 83.5746 -20.8797
3 66 83.3531 -18.3637
3 67 83.1213 -16.0243
3 68 82.8804 -13.8501
3 69 82.6316 -11.8296
3 70 82.3759 -9.95137
3 71 82.1143 -8.20429
3 72 81.8477 -6.57782
3 73 81.5768 -5.06206
3 74 81.3022 -3.64784
3 75 81.0246 -2.32671
3 76 80.7444 -1.0909
3 77 80.4622 0.0666663
3 78 80.1783 1.15245
3 79 79.8931 2.17232
3 80 79.607 3.13161
3 81 79.3202 4.03515
3 82 79.0331 4.88735
3 83 78.7458 5.69219
3 84 78.4586 6.45329
3 85 78.1717 7.17394
3 86 77.8854 7.85715
3 87 77.5996 8.50563
3 88 77.3147 9.12189
3 89 77.0307 9.70818
3 90 76.7478 10.2666
3 91 76.4662 10.799
3 92 76.1858 11.3071
3 93 75.9069 11.7926
3 94 75.6295 12.257
3 95 75.3537 12.7014
3 96 75.0796 13.1273
3 97 74.8074 13.5357
3 98 74.537 13.9276
3 99 74.2685 14.3042
3 100 74.002 14.6662
3 101 73.7376 15.0145
3 102 73.4754 15.35
3 103 73.2153 15.6732
3 104 72.9575 15.9849
3 105 72.702 16.2857
3 106 72.4489 16.5762
3 107 72.1981 16.8569
3 108 71.9499 17.1284
3 109 71.7041 17.391
3 110 71.4608 17.6453
3 111 71.2202 17.8917
3 112 70.9821 18.1306
3 113 70.7467 18.3623
3 114 70.5141 18.5871
3 115 70.2868 18.8033
3 116 70.0594 19.0158
3 117 69.8348 19.2223
3 118 69.6129 19.4231
3 119 69.394 19.6186
3 120 69.1779 19.8089
3 121 68.9648 19.9943
3 122 68.7547 20.175
3 123 68.5475 20.3512
3 124 68.3433 20.5231
3 125 68.1422 20.6909
3 126 67.9442 20.8547
3 127 67.7492 21.0148
3 128 67.5574 21.1713
3 129 67.3687 21.3243
3 130 67.1831 21.4739
3 131 67.0008 21.6204
3 132 66.8216 21.7639
3 133 66.6457 21.9044
3 134 66.4731 22.0421
3 135 66.3069 22.1755
3 136 66.1411 22.3078
3 137 65.9786 22.4377
3 138 65.8195 22.5652
3 139 65.6637 22.6904
3 140 65.5112 22.8135
3 141 65.3622 22.9345
3 142 65.2165 23.0534
3 143 65.0742 23.1705
3 144 64.9354 23.2857
3 145 64.8001 23.3992
3 146 64.6682 23.5109
3 147 64.5398 23.6211
3 148 64.4148 23.7297
3 149 64.2934 23.8368
3 150 64.1755 23.9425
3 151 64.0612 24.0469
3 152 63.9504 24.15
3 153 63.8431 24.2519
3 154 63.7395 24.3526
3 155 63.6394 24.4522
3 156 63.543 24.5507
3 157 63.4501 24.6482
3 158 63.3609 24.7448
3 159 63.2754 24.8405
3 160 63.1934 24.9354
3 161 63.1152 25.0294
3 162 63.0406 25.1228
3 163 62.9698 25.2154
3 164 62.9026 25.3074
3 165 62.8391 25.3988
3 166 62.7794 25.4896
3 167 62.7234 25.5799
3 168 62.6711 25.6698
3 169 62.6226 25.7592
3 170 62.5779 25.8483
3 171 62.537 25.937
3 172 62.4998 26.0255
3 173 62.4665 26.1137
3 174 62.4369 26.2018
3 175 62.4112 26.2897
3 176 62.3894 26.3775
3 177 62.3713 26.4652
3 178 62.3572 26.5529
3 179 62.3469 26.6407
3 180 62.3404 26.7285
3 181 62.3379 26.8165
3 182 62.3393 26.9046
3 183 62.3446 26.9929
3 184 62.3538 27.0816
3 185 62.367 27.1705
3 186 62.3841 27.2598
3 187 62.4051 27.3495
3 188 62.4302 27.4397
3 189 62.4592 27.5304
3 190 62.4923 27.6216
3 191 62.5294 27.7135
3 192 62.5705 27.8061
3 193 62.6156 27.8994
3 194 62.6648 27.9935
3 195 62.7181 28.0885
3 196 62.7755 28.1844
3 197 62.837 28.2813
3 198 62.9026 28.3793
3 199 62.9723 28.4784
3 200 63.0462 28.5787
3 201 63.1243 28.6802
3 202 63.2065 28.7831
3 203 63.293 28.8875
3 204 63.3837 28.9933
3 205 63.4787 29.1008
3 206 63.5779 29.2099
3 207 63.6814 29.3209
3 208 63.7892 29.4337
3 209 63.9014 29.5485
3 210 64.0179 29.6654
3 211 64.1388 29.7846
3 212 64.2642 29.906
3 213 64.3939 30.03
3 214 64.5282 30.1565
3 215 64.6669 30.2858
3 216 64.8101 30.4179
3 217 64.9579 30.5531
3 218 65.1103 30.6915
3 219 65.2672 30.8332
3 220 65.4289 30.9785
3 221 65.5952 31.1276
3 222 65.7662 31.2806
3 223 65.942 31.4378
3 224 66.1226 31.5994
3 225 66.308 31.7657
4 1 69.4779 -132.867
4 2 69.9251 -132.367
4 3 70.3439 -131.894
4 4 70.7455 -131.431
4 5 71.1379 -130.964
4 6 71.524 -130.489
4 7 71.9052 -130.001
4 8 72.2825 -129.498
4 9 72.6563 -128.979
4 10 73.0271 -128.441
4 11 73.395 -127.882
4 12 73.7601 -127.302
4 13 74.1224 -126.699
4 14 74.482 -126.071
4 15 74.2665 -126.835
4 16 74.6375 -126.161
4 17 75.0014 -125.469
4 18 75.3585 -124.757
4 19 75.7093 -124.021
4 20 76.0541 -123.26
4 21 76.3929 -122.473
4 22 76.7258 -121.657
4 23 77.0529 -120.81
4 24 77.374 -119.931
4 25 77.6892 -119.017
4 26 77.9984 -118.068
4 27 78.3013 -117.08
4 28 78.5978 -116.053
4 29 78.8878 -114.985
4 30 79.1711 -113.873
4 31 79.4473 -112.717
4 32 79.7164 -111.514
4 33 79.9781 -110.263
4 34 80.2321 -108.963
4 35 80.4781 -107.612
4 36 80.716 -106.21
4 37 80.9454 -104.756
4 38 81.1661 -103.249
4 39 81.3778 -101.689
4 40 81.5804 -100.077
4 41 81.7735 -98.4125
4 42 81.957 -96.6979
4 43 82.1306 -94.9346
4 44 82.2942 -93.125
4 45 82.7614 -89.597
4 46 82.942 -86.7015
4 47 83.1032 -83.6831
4 48 83.2442 -80.5499
4 49 83.364 -77.3138
4 50 83.4619 -73.9898
4 51 83.5374 -70.5963
4 52 83.5899 -67.1544
4 53 83.6194 -63.6872
4 54 83.6258 -60.2189
4 55 83.6094 -56.7741
4 56 83.5708 -53.3761
4 57 83.5107 -50.0465
4 58 83.43 -46.8044
4 59 83.3298 -43.6657
4 60 83.2112 -40.6428
4 61 83.0755 -37.7449
4 62 82.9239 -34.9778
4 63 82.7579 -32.3447
4 64 82.5785 -29.8459
4 65 82.387 -27.4801
4 66 82.1847 -25.244
4 67 81.9725 -23.1334
4 68 81.7515 -21.143
4 69 81.5227 -19.2671
4 70 81.2868 -17.4997
4 71 81.0448 -15.8346
4 72 80.7973 -14.2655
4 73 80.545 -12.7866
4 74 80.2885 -11.392
4 75 80.0284 -10.076
4 76 79.7651 -8.83356
4 77 79.4991 -7.65955
4 78 79.2309 -6.54937
4 79 78.9608 -5.49868
4 80 78.6892 -4.50342
4 81 78.4163 -3.55984
4 82 78.1425 -2.66446
4 83 77.868 -1.81406
4 84 77.5931 -1.00565
4 85 77.318 -0.236461
4 86 77.0429 0.496045
4 87 76.768 1.19423
4 88 76.4935 1.86028
4 89 76.2195 2.4962
4 90 75.9462 3.10387
4 91 75.6737 3.68501
4 92 75.4022 4.24123
4 93 75.1317 4.77399
4 94 74.8625 5.28469
4 95 74.5945 5.77459
4 96 74.328 6.24489
4 97 74.063 6.69668
4 98 73.7996 7.13099
4 99 73.5378 7.54877
4 100 73.2778 7.95092
4 101 73.0197 8.33826
4 102 72.7635 8.71158
4 103 72.5092 9.07159
4 104 72.257 9.41897
4 105 72.0069 9.75436
4 106 71.7589 10.0783
4 107 71.5132 10.3915
4 108 71.2698 10.6943
4 109 71.0287 10.9873
4 110 70.79 11.2709
4 111 70.5537 11.5456
4 112 70.3198 11.8117
4 113 70.0909 12.0674
4 114 69.8619 12.3179
4 115 69.6355 12.561
4 116 69.4117 12.797
4 117 69.1907 13.0261
4 118 68.9723 13.2487
4 119 68.7567 13.4651
4 120 68.5438 13.6754
4 121 68.3338 13.88
4 122 68.1267 14.079
4 123 67.9224 14.2728
4 124 67.7211 14.4614
4 125 67.5227 14.6452
4 126 67.3273 14.8242
4 127 67.1349 14.9988
4 128 66.9455 15.1689
4 129 66.7592 15.3349
4 130 66.576 15.4969
4 131 66.3959 15.6549
4 132 66.2222 15.807
4 133 66.0487 15.9575
4 134 65.8784 16.1046
4 135 65.7112 16.2483
4 136 65.5473 16.3887
4 137 65.3867 16.526
4 138 65.2293 16.6604
4 139 65.0752 16.7918
4 140 64.9244 16.9204
4 141 64.7769 17.0462
4 142 64.6328 17.1695
4 143 64.492 17.2902
4 144 64.3547 17.4085
4 145 64.2207 17.5243
4 146 64.0901 17.6379
4 147 63.963 17.7493
4 148 63.8393 17.8585
4 149 63.719 17.9657
4 150 63.6023 18.0708
4 151 63.489 18.1741
4 152 63.3793 18.2754
4 153 63.273 18.3749
4 154 63.1704 18.4726
4 155 63.0712 18.5686
4 156 62.9756 18.663
4 157 62.8836 18.7558
4 158 62.7952 18.8471
4 159 62.7104 18.9368
4 160 62.6292 19.0251
4 161 62.5517 19.1121
4 162 62.4778 19.1976
4 163 62.4075 19.2819
4 164 62.3409 19.3649
4 165 62.278 19.4466
4 166 62.2188 19.5272
4 167 62.1633 19.6067
4 168 62.1115 19.685
4 169 62.0634 19.7624
4 170 62.019 19.8386
4 171 61.9785 19.9139
4 172 61.9416 19.9883
4 173 61.9086 20.0617
4 174 61.8793 20.1343
4 175 61.8538 20.206
4 176 61.8322 20.277
4 177 61.8143 20.3471
4 178 61.8003 20.4166
4 179 61.7901 20.4853
4 180 61.7838 20.5533
4 181 61.7814 20.6207
4 182 61.7828 20.6875
4 183 61.7881 20.7538
4 184 61.7973 20.8195
4 185 61.8105 20.8847
4 186 61.8275 20.9494
4 187 61.8485 21.0137
4 188 61.8735 21.0775
4 189 61.9025 21.141
4 190 61.9354 21.2041
4 191 61.9723 21.267
4 192 62.0132 21.3295
4 193 62.0582 21.3918
4 194 62.1072 21.4539
4 195 62.1602 21.5158
4 196 62.2174 21.5776
4 197 62.2786 21.6393
4 198 62.3439 21.7009
4 199 62.4134 21.7624
4 200 62.487 21.824
4 201 62.5648 21.8856
4 202 62.6467 21.9472
4 203 62.7328 22.009
4 204 62.8232 22.071
4 205 62.9178 22.1331
4 206 63.0167 22.1955
4 207 63.1198 22.2582
4 208 63.2273 22.3213
4 209 63.3391 22.3847
4 210 63.4553 22.4486
4 211 63.5758 22.5129
4 212 63.7008 22.5778
4 213 63.8302 22.6433
4 214 63.9641 22.7094
4 215 64.1024 22.7763
4 216 64.2453 22.844
4 217 64.3928 22.9125
4 218 64.5449 22.9819
4 219 64.7016 23.0523
4 220 64.863 23.1238
4 221 65.0291 23.1965
4 222 65.1999 23.2704
4 223 65.3755 23.3457
4 224 65.556 23.4223
4 225 65.7414 23.5006
5 1 69.45 -132.62
5 2 69.8871 -132.057
5 3 70.2941 -131.522
5 4 70.6878 -130.987
5 5 71.0702 -130.449
5 6 71.4458 -129.901
5 7 71.8163 -129.338
5 8 72.1825 -128.758
5 9 72.5448 -128.159
5 10 72.9037 -127.539
5 11 73.2592 -126.897
5 12 73.6115 -126.23
5 13 73.9604 -125.538
5 14 74.3061 -124.818
5 15 74.0941 -125.546
5 16 74.4507 -124.781
5 17 74.7996 -123.995
5 18 75.1413 -123.186
5 19 75.4762 -122.353
5 20 75.8044 -121.493
5 21 76.1261 -120.604
5 22 76.4413 -119.685
5 23 76.75 -118.735
5 24 77.0522 -117.752
5 25 77.3478 -116.733
5 26 77.6366 -115.679
5 27 77.9185 -114.588
5 28 78.1933 -113.458
5 29 78.4609 -112.288
5 30 78.7209 -111.077
5 31 78.9733 -109.826
5 32 79.2179 -108.531
5 33 79.4543 -107.195
5 34 79.6823 -105.815
5 35 79.9018 -104.393
5 36 80.1125 -102.927
5 37 80.3143 -101.42
5 38 80.5068 -99.8717
5 39 80.69 -98.2836
5 40 80.8636 -96.6574
5 41 81.0276 -94.9952
5 42 81.1818 -93.2997
5 43 81.3261 -91.5737
5 44 81.4605 -89.8206
5 45 81.8292 -86.1813
5 46 81.9698 -83.5016
5 47 82.0921 -80.7509
5 48 82.1955 -77.9383
5 49 82.2797 -75.0747
5 50 82.3443 -72.1724
5 51 82.3893 -69.2449
5 52 82.4145 -66.3065
5 53 82.4202 -63.3719
5 54 82.4065 -60.4558
5 55 82.3738 -57.5723
5 56 82.3228 -54.7347
5 57 82.2539 -51.9549
5 58 82.1681 -49.2434
5 59 82.066 -46.609
5 60 81.9486 -44.0588
5 61 81.8168 -41.5982
5 62 81.6715 -39.2309
5 63 81.5137 -36.959
5 64 81.3443 -34.7834
5 65 81.1641 -32.7039
5 66 80.9741 -30.7192
5 67 80.7752 -28.8273
5 68 80.568 -27.0256
5 69 80.3534 -25.311
5 70 80.1321 -23.6801
5 71 79.9047 -22.1294
5 72 79.6718 -20.6551
5 73 79.4341 -19.2535
5 74 79.1919 -17.9209
5 75 78.946 -16.6536
5 76 78.6966 -15.448
5 77 78.4442 -14.3008
5 78 78.1893 -13.2087
5 79 77.9321 -12.1684
5 80 77.673 -11.1771
5 81 77.4123 -10.2319
5 82 77.1503 -9.33022
5 83 76.8873 -8.46945
5 84 76.6235 -7.64729
5 85 76.3591 -6.86151
5 86 76.0944 -6.11004
5 87 75.8295 -5.39095
5 88 75.5647 -4.7024
5 89 75.3001 -4.04271
5 90 75.0358 -3.41027
5 91 74.772 -2.80359
5 92 74.5089 -2.22128
5 93 74.2466 -1.66203
5 94 73.9853 -1.12462
5 95 73.7249 -0.607905
5 96 73.4657 -0.11081
5 97 73.2077 0.367667
5 98 72.9511 0.828469
5 99 72.696 1.27248
5 100 72.4424 1.70053
5 101 72.1904 2.11339
5 102 71.9401 2.5118
5 103 71.6915 2.89644
5 104 71.4449 3.26796
5 105 71.2001 3.62696
5 106 70.9573 3.97403
5 107 70.7166 4.30969
5 108 70.478 4.63446
5 109 70.244 4.94575
5 110 70.0095 5.25054
5 111 69.7773 5.54578
5 112 69.5474 5.83187
5 113 69.3199 6.1092
5 114 69.0948 6.37812
5 115 68.8722 6.63899
5 116 68.6521 6.89211
5 117 68.4345 7.13781
5 118 68.2195 7.37636
5 119 68.0072 7.60806
5 120 67.7976 7.83315
5 121 67.5906 8.05189
5 122 67.3864 8.26451
5 123 67.185 8.47124
5 124 66.9865 8.67229
5 125 66.7907 8.86786
5 126 66.5979 9.05816
5 127 66.4079 9.24336
5 128 66.2241 9.42099
5 129 66.0404 9.5963
5 130 65.8597 9.76702
5 131 65.682 9.93331
5 132 65.5073 10.0953
5 133 65.3358 10.2531
5 134 65.1673 10.407
5 135 65.002 10.5569
5 136 64.8398 10.7031
5 137 64.6808 10.8456
5 138 64.525 10.9845
5 139 64.3724 11.1201
5 140 64.223 11.2523
5 141 64.0769 11.3812
5 142 63.9341 11.507
5 143 63.7946 11.6298
5 144 63.6584 11.7496
5 145 63.5255 11.8665
5 146 63.396 11.9806
5 147 63.2698 12.0919
5 148 63.1471 12.2006
5 149 63.0277 12.3067
5 150 62.9117 12.4103
5 151 62.7992 12.5115
5 152 62.6902 12.6102
5 153 62.5846 12.7067
5 154 62.4825 12.8008
5 155 62.3838 12.8927
5 156 62.2887 12.9825
5 157 62.1971 13.0701
5 158 62.1091 13.1557
5 159 62.0246 13.2393
5 160 61.9437 13.3209
5 161 61.8663 13.4005
5 162 61.7925 13.4783
5 163 61.7224 13.5542
5 164 61.6558 13.6284
5 165 61.5929 13.7007
5 166 61.5336 13.7713
5 167 61.478 13.8403
5 168 61.426 13.9076
5 169 61.3778 13.9732
5 170 61.3332 14.0373
5 171 61.2923 14.0998
5 172 61.2551 14.1607
5 173 61.2216 14.2202
5 174 61.1919 14.2782
5 175 61.1659 14.3347
5 176 61.1437 14.3898
5 177 61.1252 14.4435
5 178 61.1105 14.4958
5 179 61.0996 14.5468
5 180 61.0926 14.5964
5 181 61.0893 14.6447
5 182 61.0899 14.6918
5 183 61.0943 14.7375
5 184 61.1025 14.782
5 185 61.1147 14.8253
5 186 61.1307 14.8674
5 187 61.1505 14.9082
5 188 61.1743 14.9479
5 189 61.2021 14.9864
5 190 61.2337 15.0237
5 191 61.2693 15.0599
5 192 61.3088 15.095
5 193 61.3523 15.1289
5 194 61.3998 15.1618
5 195 61.4513 15.1935
5 196 61.5069 15.2242
5 197 61.5664 15.2538
5 198 61.63 15.2823
5 199 61.6977 15.3098
5 200 61.7695 15.3363
5 201 61.8453 15.3617
5 202 61.9253 15.3861
5 203 62.0094 15.4094
5 204 62.0977 15.4317
5 205 62.1901 15.4531
5 206 62.2868 15.4734
5 207 62.3876 15.4927
5 208 62.4928 15.511
5 209 62.6021 15.5283
5 210 62.7158 15.5446
5 211 62.8338 15.5599
5 212 62.9561 15.5742
5 213 63.0828 15.5875
5 214 63.2139 15.5998
5 215 63.3494 15.6111
5 216 63.4894 15.6214
5 217 63.6339 15.6307
5 218 63.7829 15.639
5 219 63.9364 15.6462
5 220 64.0945 15.6525
5 221 64.2573 15.6577
5 222 64.4247 15.6618
5 223 64.5968 15.6649
5 224 64.7736 15.6669
5 225 64.9553 15.6679
6 1 69.4158 -132.383
6 2 69.8419 -131.758
6 3 70.2379 -131.158
6 4 70.6204 -130.557
6 5 70.9913 -129.952
6 6 71.3551 -129.334
6 7 71.7134 -128.7
6 8 72.067 -128.047
6 9 72.4163 -127.373
6 10 72.7616 -126.677
6 11 73.1031 -125.956
6 12 73.4408 -125.21
6 13 73.7747 -124.437
6 14 74.1047 -123.634
6 15 73.8938 -124.329
6 16 74.2343 -123.481
6 17 74.5666 -122.612
6 18 74.8912 -121.718
6 19 75.2083 -120.8
6 20 75.5183 -119.854
6 21 75.8211 -118.879
6 22 76.1169 -117.875
6 23 76.4056 -116.839
6 24 76.6871 -115.771
6 25 76.9614 -114.67
6 26 77.2283 -113.535
6 27 77.4877 -112.364
6 28 77.7393 -111.159
6 29 77.9831 -109.917
6 30 78.2189 -108.64
6 31 78.4464 -107.326
6 32 78.6655 -105.977
6 33 78.876 -104.592
6 34 79.0777 -103.172
6 35 79.2705 -101.718
6 36 79.4541 -100.231
6 37 79.6285 -98.7133
6 38 79.7935 -97.1661
6 39 79.949 -95.5917
6 40 80.095 -93.9926
6 41 80.2314 -92.3715
6 42 80.3581 -90.7315
6 43 80.4753 -89.0759
6 44 80.5829 -87.4083
6 45 80.8544 -83.8294
6 46 80.9607 -81.3703
6 47 81.0499 -78.8735
6 48 81.1219 -76.3469
6 49 81.1765 -73.7992
6 50 81.2136 -71.2395
6 51 81.2335 -68.6776
6 52 81.2362 -66.1229
6 53 81.222 -63.5851
6 54 81.1912 -61.0733
6 55 81.1443 -58.5962
6 56 81.0818 -56.1619
6 57 81.0042 -53.7773
6 58 80.9121 -51.4488
6 59 80.8063 -49.1814
6 60 80.6874 -46.9795
6 61 80.5561 -44.8463
6 62 80.4132 -42.7841
6 63 80.2594 -40.7943
6 64 80.0953 -38.8776
6 65 79.9218 -37.0341
6 66 79.7395 -35.2631
6 67 79.5491 -33.5636
6 68 79.3511 -31.9341
6 69 79.1463 -30.3728
6 70 78.9352 -28.8776
6 71 78.7183 -27.4464
6 72 78.4962 -26.0767
6 73 78.2693 -24.7662
6 74 78.0382 -23.5124
6 75 77.8032 -22.3129
6 76 77.5647 -21.1651
6 77 77.3232 -20.0667
6 78 77.0789 -19.0153
6 79 76.8323 -18.0087
6 80 76.5836 -17.0447
6 81 76.3331 -16.1212
6 82 76.081 -15.2361
6 83 75.8278 -14.3876
6 84 75.5735 -13.5738
6 85 75.3184 -12.793
6 86 75.0627 -12.0435
6 87 74.8066 -11.3237
6 88 74.5503 -10.6322
6 89 74.294 -9.96757
6 90 74.0378 -9.32849
6 91 73.7819 -8.7137
6 92 73.5264 -8.12201
6 93 73.2715 -7.55233
6 94 73.0173 -7.00358
6 95 72.7639 -6.47477
6 96 72.5114 -5.96498
6 97 72.26 -5.47331
6 98 72.0097 -4.99892
6 99 71.7607 -4.54103
6 100 71.513 -4.0989
6 101 71.2667 -3.67182
6 102 71.022 -3.25912
6 103 70.7788 -2.86017
6 104 70.5374 -2.47439
6 105 70.3001 -2.1048
6 106 70.0619 -1.74323
6 107 69.8256 -1.39324
6 108 69.5913 -1.05435
6 109 69.359 -0.726123
6 110 69.1288 -0.408118
6 111 68.9007 -0.0999341
6 112 68.6748 0.198814
6 113 68.4511 0.48849
6 114 68.2297 0.769442
6 115 68.0106 1.042
6 116 67.794 1.30647
6 117 67.5798 1.56315
6 118 67.368 1.81234
6 119 67.1588 2.05428
6 120 66.9521 2.28924
6 121 66.7481 2.51747
6 122 66.5467 2.73919
6 123 66.3507 2.95176
6 124 66.155 3.16086
6 125 65.9621 3.36408
6 126 65.7719 3.56163
6 127 65.5846 3.75368
6 128 65.4 3.9404
6 129 65.2184 4.12198
6 130 65.0397 4.29855
6 131 64.8639 4.47028
6 132 64.6911 4.6373
6 133 64.5213 4.79976
6 134 64.3545 4.95779
6 135 64.1907 5.11152
6 136 64.03 5.26105
6 137 63.8724 5.40652
6 138 63.718 5.54803
6 139 63.5666 5.68568
6 140 63.4184 5.81958
6 141 63.2734 5.94983
6 142 63.1316 6.07651
6 143 62.9931 6.19972
6 144 62.8577 6.31954
6 145 62.7257 6.43606
6 146 62.5969 6.54934
6 147 62.4714 6.65948
6 148 62.3492 6.76653
6 149 62.2304 6.87056
6 150 62.1149 6.97165
6 151 62.0028 7.06986
6 152 61.8941 7.16524
6 153 61.7887 7.25786
6 154 61.6868 7.34777
6 155 61.5883 7.43502
6 156 61.4933 7.51966
6 157 61.4017 7.60175
6 158 61.3136 7.68133
6 159 61.2289 7.75844
6 160 61.1478 7.83312
6 161 61.0702 7.90542
6 162 60.9961 7.97538
6 163 60.9256 8.04304
6 164 60.8586 8.10842
6 165 60.7951 8.17156
6 166 60.7353 8.23249
6 167 60.679 8.29125
6 168 60.6263 8.34787
6 169 60.5772 8.40236
6 170 60.5318 8.45476
6 171 60.49 8.50509
6 172 60.4518 8.55338
6 173 60.4173 8.59964
6 174 60.3865 8.64389
6 175 60.3593 8.68616
6 176 60.3359 8.72647
6 177 60.3161 8.76482
6 178 60.3 8.80123
6 179 60.2877 8.83572
6 180 60.2791 8.8683
6 181 60.2743 8.89899
6 182 60.2732 8.92778
6 183 60.2758 8.95469
6 184 60.2823 8.97973
6 185 60.2925 9.00291
6 186 60.3066 9.02422
6 187 60.3244 9.04367
6 188 60.3461 9.06126
6 189 60.3717 9.077
6 190 60.401 9.09089
6 191 60.4343 9.10292
6 192 60.4714 9.11308
6 193 60.5124 9.12139
6 194 60.5573 9.12782
6 195 60.6061 9.13237
6 196 60.6589 9.13504
6 197 60.7156 9.13582
6 198 60.7763 9.13468
6 199 60.8409 9.13162
6 200 60.9095 9.12663
6 201 60.9821 9.11968
6 202 61.0588 9.11076
6 203 61.1395 9.09985
6 204 61.2242 9.08692
6 205 61.313 9.07195
6 206 61.4059 9.05492
6 207 61.5029 9.03579
6 208 61.604 9.01453
6 209 61.7093 8.99112
6 210 61.8188 8.96551
6 211 61.9324 8.93767
6 212 62.0503 8.90755
6 213 62.1724 8.87512
6 214 62.2987 8.84031
6 215 62.4294 8.80309
6 216 62.5643 8.7634
6 217 62.7036 8.72117
6 218 62.8473 8.67635
6 219 62.9953 8.62888
6 220 63.1478 8.57867
6 221 63.3047 8.52566
6 222 63.4662 8.46976
6 223 63.6321 8.41089
6 224 63.8026 8.34896
6 225 63.9777 8.28386
7 1 69.3753 -132.154
7 2 69.7895 -131.469
7 3 70.1735 -130.808
7 4 70.5436 -130.144
7 5 70.9017 -129.475
7 6 71.2524 -128.791
7 7 71.5971 -128.09
7 8 71.9366 -127.369
7 9 72.2714 -126.625
7 10 72.6017 -125.859
7 11 72.9277 -125.067
7 12 73.2493 -124.248
7 13 73.5666 -123.401
7 14 73.8794 -122.525
7 15 73.6673 -123.191
7 16 73.9902 -122.27
7 17 74.3044 -121.327
7 18 74.6104 -120.361
7 19 74.9085 -119.369
7 20 75.1987 -118.351
7 21 75.4813 -117.305
7 22 75.7563 -116.231
7 23 76.0237 -115.128
7 24 76.2833 -113.994
7 25 76.5351 -112.831
7 26 76.779 -111.636
7 27 77.0149 -110.41
7 28 77.2425 -109.153
7 29 77.4619 -107.866
7 30 77.6728 -106.548
7 31 77.875 -105.201
7 32 78.0685 -103.825
7 33 78.2531 -102.42
7 34 78.4286 -100.99
7 35 78.595 -99.5345
7 36 78.7522 -98.056
7 37 78.9001 -96.5565
7 38 79.0387 -95.0382
7 39 79.1679 -93.5038
7 40 79.2878 -91.9558
7 41 79.3983 -90.3973
7 42 79.4996 -88.8313
7 43 79.5917 -87.261
7 44 79.6749 -85.6897
7 45 79.8522 -82.262
7 46 79.9286 -80.0087
7 47 79.9893 -77.7388
7 48 80.0343 -75.4586
7 49 80.0635 -73.1748
7 50 80.0773 -70.894
7 51 80.0757 -68.6229
7 52 80.059 -66.3682
7 53 80.0275 -64.1362
7 54 79.9816 -61.9327
7 55 79.9218 -59.7635
7 56 79.8484 -57.6335
7 57 79.762 -55.547
7 58 79.6631 -53.508
7 59 79.5523 -51.5197
7 60 79.4301 -49.5847
7 61 79.2972 -47.7049
7 62 79.1541 -45.8818
7 63 79.0014 -44.1163
7 64 78.8397 -42.4088
7 65 78.6696 -40.7595
7 66 78.4916 -39.1678
7 67 78.3063 -37.6332
7 68 78.1141 -36.1546
7 69 77.9157 -34.731
7 70 77.7114 -33.361
7 71 77.5018 -32.0431
7 72 77.2873 -30.7758
7 73 77.0682 -29.5573
7 74 76.8451 -28.3859
7 75 76.6183 -27.26
7 76 76.3881 -26.1778
7 77 76.1548 -25.1376
7 78 75.9189 -24.1376
7 79 75.6805 -23.1762
7 80 75.44 -22.2518
7 81 75.1977 -21.3627
7 82 74.9537 -20.5075
7 83 74.7084 -19.6846
7 84 74.4619 -18.8927
7 85 74.2145 -18.1303
7 86 73.9664 -17.3962
7 87 73.7177 -16.689
7 88 73.4687 -16.0077
7 89 73.2194 -15.351
7 90 72.9701 -14.7178
7 91 72.721 -14.1072
7 92 72.4721 -13.5182
7 93 72.2236 -12.9497
7 94 71.9757 -12.4009
7 95 71.7284 -11.871
7 96 71.4818 -11.3591
7 97 71.2362 -10.8645
7 98 70.9915 -10.3864
7 99 70.7479 -9.92425
7 100 70.5055 -9.47728
7 101 70.2666 -9.04881
7 102 70.0266 -8.6299
7 103 69.788 -8.22445
7 104 69.551 -7.83192
7 105 69.3156 -7.45179
7 106 69.0818 -7.0836
7 107 68.8498 -6.72686
7 108 68.6196 -6.38117
7 109 68.3913 -6.04608
7 110 68.1649 -5.72123
7 111 67.9405 -5.40622
7 112 67.7182 -5.1007
7 113 67.498 -4.80434
7 114 67.28 -4.5168
7 115 67.0642 -4.23779
7 116 66.8507 -3.967
7 117 66.6395 -3.70416
7 118 66.4306 -3.449
7 119 66.2271 -3.20463
7 120 66.0234 -2.96439
7 121 65.8222 -2.73109
7 122 65.6236 -2.50452
7 123 65.4276 -2.28446
7 124 65.2342 -2.07071
7 125 65.0434 -1.86309
7 126 64.8553 -1.6614
7 127 64.67 -1.46548
7 128 64.4874 -1.27515
7 129 64.3075 -1.09026
7 130 64.1305 -0.910655
7 131 63.9564 -0.736183
7 132 63.7851 -0.566708
7 133 63.6168 -0.402096
7 134 63.4513 -0.242219
7 135 63.2889 -0.0869546
7 136 63.1294 0.0638147
7 137 62.9729 0.210201
7 138 62.8195 0.352311
7 139 62.6691 0.490248
7 140 62.5218 0.624111
7 141 62.3776 0.753992
7 142 62.2365 0.879983
7 143 62.0986 1.00217
7 144 61.9638 1.12064
7 145 61.8322 1.23546
7 146 61.7039 1.34671
7 147 61.5787 1.45447
7 148 61.4568 1.55881
7 149 61.3382 1.65978
7 150 61.2228 1.75746
7 151 61.1107 1.8519
7 152 61.002 1.94316
7 153 60.8965 2.0313
7 154 60.7944 2.11636
7 155 60.6957 2.19841
7 156 60.6003 2.27748
7 157 60.5083 2.35362
7 158 60.4197 2.42688
7 159 60.3345 2.4973
7 160 60.2528 2.5649
7 161 60.1745 2.62975
7 162 60.0996 2.69185
7 163 60.0282 2.75126
7 164 59.9603 2.808
7 165 59.8959 2.86209
7 166 59.835 2.91358
7 167 59.7775 2.96247
7 168 59.7237 3.00881
7 169 59.6733 3.0526
7 170 59.6265 3.09387
7 171 59.5832 3.13264
7 172 59.5436 3.16893
7 173 59.5074 3.20274
7 174 59.4749 3.2341
7 175 59.446 3.26302
7 176 59.4207 3.2895
7 177 59.399 3.31357
7 178 59.3809 3.33521
7 179 59.3665 3.35445
7 180 59.3558 3.37129
7 181 59.3486 3.38572
7 182 59.3452 3.39775
7 183 59.3454 3.40738
7 184 59.3494 3.4146
7 185 59.357 3.41942
7 186 59.3683 3.42183
7 187 59.3834 3.42182
7 188 59.4022 3.41938
7 189 59.4247 3.41451
7 190 59.451 3.40718
7 191 59.4811 3.39739
7 192 59.5149 3.38512
7 193 59.5525 3.37036
7 194 59.5939 3.35307
7 195 59.6391 3.33325
7 196 59.6881 3.31086
7 197 59.741 3.28589
7 198 59.7977 3.2583
7 199 59.8582 3.22806
7 200 59.9227 3.19514
7 201 59.991 3.1595
7 202 60.0632 3.12111
7 203 60.1393 3.07993
7 204 60.2193 3.03591
7 205 60.3032 2.98901
7 206 60.3911 2.93917
7 207 60.483 2.88634
7 208 60.5789 2.83047
7 209 60.6787 2.7715
7 210 60.7826 2.70937
7 211 60.8905 2.644
7 212 61.0024 2.57533
7 213 61.1184 2.50328
7 214 61.2385 2.42777
7 215 61.3627 2.34872
7 216 61.491 2.26602
7 217 61.6234 2.1796
7 218 61.76 2.08935
7 219 61.9008 1.99515
7 220 62.0459 1.8969
7 221 62.1951 1.79447
7 222 62.3486 1.68774
7 223 62.5064 1.57656
7 224 62.6685 1.4608
7 225 62.8349 1.34029
8 1 69.3289 -131.936
8 2 69.7304 -131.193
8 3 70.1013 -130.473
8 4 70.4577 -129.749
8 5 70.8018 -129.019
8 6 71.1381 -128.274
8 7 71.4679 -127.51
8 8 71.7921 -126.726
8 9 72.1111 -125.919
8 10 72.425 -125.088
8 11 72.7341 -124.231
8 12 73.0384 -123.347
8 13 73.3377 -122.436
8 14 73.6319 -121.494
8 15 73.4163 -122.136
8 16 73.7205 -121.151
8 17 74.0154 -120.146
8 18 74.3016 -119.118
8 19 74.5794 -118.066
8 20 74.8488 -116.989
8 21 75.1101 -115.887
8 22 75.3633 -114.758
8 23 75.6083 -113.603
8 24 75.8452 -112.422
8 25 76.0738 -111.213
8 26 76.294 -109.978
8 27 76.5059 -108.717
8 28 76.7092 -107.43
8 29 76.9038 -106.118
8 30 77.0897 -104.782
8 31 77.2667 -103.422
8 32 77.4348 -102.042
8 33 77.5938 -100.641
8 34 77.7438 -99.2212
8 35 77.8847 -97.7852
8 36 78.0164 -96.3349
8 37 78.1389 -94.8724
8 38 78.2524 -93.4002
8 39 78.3567 -91.9208
8 40 78.4521 -90.4369
8 41 78.5386 -88.9513
8 42 78.6163 -87.4668
8 43 78.6855 -85.9862
8 44 78.7462 -84.5125
8 45 78.8325 -81.2808
8 46 78.8826 -79.2125
8 47 78.9182 -77.1411
8 48 78.9395 -75.0713
8 49 78.9467 -73.0082
8 50 78.9399 -70.9566
8 51 78.9194 -68.9212
8 52 78.8855 -66.9066
8 53 78.8385 -64.9169
8 54 78.7789 -62.9563
8 55 78.7069 -61.0284
8 56 78.6232 -59.1363
8 57 78.528 -57.283
8 58 78.4218 -55.4708
8 59 78.3052 -53.7018
8 60 78.1786 -51.9776
8 61 78.0426 -50.2995
8 62 77.8975 -48.6683
8 63 77.744 -47.0846
8 64 77.5825 -45.5486
8 65 77.4134 -44.0602
8 66 77.2373 -42.6193
8 67 77.0545 -41.2252
8 68 76.8656 -39.8774
8 69 76.671 -38.575
8 70 76.471 -37.317
8 71 76.2661 -36.1024
8 72 76.0566 -34.93
8 73 75.843 -33.7987
8 74 75.6254 -32.7072
8 75 75.4044 -31.6542
8 76 75.1802 -30.6385
8 77 74.953 -29.6588
8 78 74.7232 -28.7138
8 79 74.4911 -27.8022
8 80 74.2569 -26.9229
8 81 74.0208 -26.0745
8 82 73.7831 -25.2559
8 83 73.5441 -24.4659
8 84 73.3038 -23.7034
8 85 73.0625 -22.9673
8 86 72.8205 -22.2566
8 87 72.5778 -21.5703
8 88 72.3346 -20.9073
8 89 72.0912 -20.2669
8 90 71.8477 -19.6479
8 91 71.6041 -19.0497
8 92 71.3607 -18.4714
8 93 71.1176 -17.9121
8 94 70.8749 -17.3712
8 95 70.6327 -16.8479
8 96 70.3912 -16.3416
8 97 70.1524 -15.8555
8 98 69.9123 -15.3805
8 99 69.6732 -14.9206
8 100 69.4351 -14.4752
8 101 69.1981 -14.0438
8 102 68.9624 -13.6258
8 103 68.728 -13.2207
8 104 68.495 -12.8281
8 105 68.2635 -12.4475
8 106 68.0336 -12.0785
8 107 67.8052 -11.7207
8 108 67.5786 -11.3737
8 109 67.3538 -11.037
8 110 67.1307 -10.7104
8 111 66.9096 -10.3935
8 112 66.6904 -10.0861
8 113 66.4732 -9.78763
8 114 66.2608 -9.5016
8 115 66.0481 -9.22079
8 116 65.8376 -8.9482
8 117 65.6293 -8.68357
8 118 65.4233 -8.42664
8 119 65.2196 -8.17719
8 120 65.0183 -7.93498
8 121 64.8193 -7.6998
8 122 64.6228 -7.47145
8 123 64.4288 -7.24972
8 124 64.2373 -7.03444
8 125 64.0484 -6.82541
8 126 63.8621 -6.62246
8 127 63.6784 -6.42544
8 128 63.4973 -6.23418
8 129 63.319 -6.04853
8 130 63.1434 -5.86834
8 131 62.9705 -5.69348
8 132 62.8005 -5.52381
8 133 62.6333 -5.35921
8 134 62.4689 -5.19956
8 135 62.3074 -5.04473
8 136 62.1488 -4.89462
8 137 61.9931 -4.74912
8 138 61.8404 -4.60813
8 139 61.6906 -4.47155
8 140 61.5439 -4.33929
8 141 61.4001 -4.21125
8 142 61.2595 -4.08735
8 143 61.1218 -3.96751
8 144 60.9873 -3.85165
8 145 60.8559 -3.73969
8 146 60.7276 -3.63157
8 147 60.6025 -3.52722
8 148 60.4805 -3.42656
8 149 60.3617 -3.32954
8 150 60.2461 -3.2361
8 151 60.1337 -3.14618
8 152 60.0245 -3.05972
8 153 59.9186 -2.97669
8 154 59.8159 -2.89701
8 155 59.7166 -2.82066
8 156 59.6205 -2.74759
8 157 59.5277 -2.67775
8 158 59.4383 -2.6111
8 159 59.3521 -2.54761
8 160 59.2694 -2.48725
8 161 59.19 -2.42997
8 162 59.1139 -2.37576
8 163 59.0413 -2.32457
8 164 58.972 -2.27639
8 165 58.9062 -2.23119
8 166 58.8437 -2.18894
8 167 58.7847 -2.14963
8 168 58.7291 -2.11323
8 169 58.677 -2.07973
8 170 58.6284 -2.04911
8 171 58.5832 -2.02136
8 172 58.5415 -1.99646
8 173 58.5033 -1.97441
8 174 58.4686 -1.9552
8 175 58.4374 -1.93882
8 176 58.4097 -1.92527
8 177 58.3855 -1.91454
8 178 58.3649 -1.90663
8 179 58.3478 -1.90154
8 180 58.3343 -1.89927
8 181 58.3244 -1.89984
8 182 58.318 -1.90323
8 183 58.3152 -1.90947
8 184 58.316 -1.91856
8 185 58.3204 -1.93051
8 186 58.3283 -1.94533
8 187 58.3399 -1.96305
8 188 58.3552 -1.98367
8 189 58.374 -2.00722
8 190 58.3965 -2.03372
8 191 58.4227 -2.06319
8 192 58.4525 -2.09566
8 193 58.4859 -2.13115
8 194 58.523 -2.1697
8 195 58.5639 -2.21134
8 196 58.6084 -2.25611
8 197 58.6566 -2.30403
8 198 58.7085 -2.35516
8 199 58.7641 -2.40953
8 200 58.8235 -2.4672
8 201 58.8866 -2.5282
8 202 58.9534 -2.5926
8 203 59.024 -2.66044
8 204 59.0984 -2.73179
8 205 59.1765 -2.80671
8 206 59.2585 -2.88526
8 207 59.3442 -2.96752
8 208 59.4337 -3.05355
8 209 59.5271 -3.14344
8 210 59.6242 -3.23726
8 211 59.7253 -3.33511
8 212 59.8302 -3.43707
8 213 59.9389 -3.54325
8 214 60.0515 -3.65374
8 215 60.168 -3.76865
8 216 60.2885 -3.8881
8 217 60.4128 -4.01221
8 218 60.5411 -4.14109
8 219 60.6733 -4.2749
8 220 60.8095 -4.41377
8 221 60.9496 -4.55784
8 222 61.0938 -4.70728
8 223 61.2419 -4.86226
8 224 61.3941 -5.02295
8 225 61.5503 -5.18954
9 1 69.2768 -131.728
9 2 69.6647 -130.93
9 3 70.0214 -130.154
9 4 70.3631 -129.374
9 5 70.6922 -128.587
9 6 71.0129 -127.784
9 7 71.3266 -126.963
9 8 71.6342 -126.121
9 9 71.9362 -125.256
9 10 72.2326 -124.367
9 11 72.5236 -123.452
9 12 72.8092 -122.512
9 13 73.0894 -121.543
9 14 73.364 -120.546
9 15 73.1427 -121.168
9 16 73.4271 -120.129
9 17 73.7018 -119.071
9 18 73.9673 -117.993
9 19 74.2239 -116.892
9 20 74.4717 -115.769
9 21 74.7109 -114.623
9 22 74.9415 -113.455
9 23 75.1636 -112.263
9 24 75.3772 -111.048
9 25 75.5821 -109.811
9 26 75.7784 -108.553
9 27 75.966 -107.272
9 28 76.1449 -105.972
9 29 76.3149 -104.652
9 30 76.476 -103.315
9 31 76.6282 -101.961
9 32 76.7714 -100.592
9 33 76.9056 -99.2101
9 34 77.0308 -97.8169
9 35 77.1471 -96.4146
9 36 77.2544 -95.0052
9 37 77.3529 -93.5911
9 38 77.4425 -92.1746
9 39 77.5235 -90.758
9 40 77.596 -89.344
9 41 77.6601 -87.9348
9 42 77.7159 -86.5331
9 43 77.7638 -85.1412
9 44 77.804 -83.7615
9 45 77.8022 -80.7457
9 46 77.8288 -78.8412
9 47 77.8421 -76.9422
9 48 77.8423 -75.0523
9 49 77.8297 -73.1752
9 50 77.8044 -71.3143
9 51 77.7669 -69.473
9 52 77.7174 -67.6545
9 53 77.6562 -65.8617
9 54 77.5838 -64.0972
9 55 77.5004 -62.3636
9 56 77.4066 -60.6629
9 57 77.3026 -58.9969
9 58 77.1889 -57.3673
9 59 77.0659 -55.7754
9 60 76.9341 -54.2221
9 61 76.7939 -52.7082
9 62 76.6457 -51.2343
9 63 76.4899 -49.8005
9 64 76.327 -48.407
9 65 76.1573 -47.0537
9 66 75.9812 -45.7404
9 67 75.7992 -44.4666
9 68 75.6116 -43.2317
9 69 75.4188 -42.0352
9 70 75.2211 -40.8763
9 71 75.0188 -39.7543
9 72 74.8124 -38.6682
9 73 74.6021 -37.6172
9 74 74.3882 -36.6002
9 75 74.1711 -35.6164
9 76 73.9509 -34.6648
9 77 73.728 -33.7443
9 78 73.5026 -32.8541
9 79 73.2749 -31.993
9 80 73.0453 -31.1602
9 81 72.8138 -30.3546
9 82 72.5808 -29.5754
9 83 72.3464 -28.8216
9 84 72.1109 -28.0923
9 85 71.8743 -27.3866
9 86 71.6369 -26.7038
9 87 71.3989 -26.0429
9 88 71.1604 -25.4033
9 89 70.9215 -24.784
9 90 70.6825 -24.1844
9 91 70.4434 -23.6038
9 92 70.2063 -23.0458
9 93 69.9673 -22.5005
9 94 69.7287 -21.9722
9 95 69.4905 -21.4602
9 96 69.2528 -20.9641
9 97 69.0158 -20.4832
9 98 68.7796 -20.0171
9 99 68.5443 -19.5651
9 100 68.3099 -19.1268
9 101 68.0766 -18.7017
9 102 67.8444 -18.2894
9 103 67.6134 -17.8895
9 104 67.3838 -17.5014
9 105 67.1556 -17.1249
9 106 66.9288 -16.7595
9 107 66.7035 -16.4049
9 108 66.4799 -16.0607
9 109 66.2604 -15.7305
9 110 66.0405 -15.4065
9 111 65.8224 -15.0921
9 112 65.6061 -14.7867
9 113 65.3917 -14.4903
9 114 65.1794 -14.2024
9 115 64.969 -13.9229
9 116 64.7608 -13.6516
9 117 64.5546 -13.388
9 118 64.3507 -13.1322
9 119 64.1489 -12.8837
9 120 63.9495 -12.6425
9 121 63.7523 -12.4083
9 122 63.5575 -12.181
9 123 63.3651 -11.9602
9 124 63.1752 -11.746
9 125 62.9877 -11.538
9 126 62.8027 -11.3363
9 127 62.6203 -11.1405
9 128 62.4405 -10.9505
9 129 62.2632 -10.7662
9 130 62.0887 -10.5876
9 131 61.9167 -10.4143
9 132 61.7476 -10.2464
9 133 61.5811 -10.0836
9 134 61.4174 -9.92596
9 135 61.2565 -9.77328
9 136 61.0984 -9.62545
9 137 60.9432 -9.4824
9 138 60.7909 -9.34401
9 139 60.6414 -9.2102
9 140 60.4949 -9.08088
9 141 60.3513 -8.95597
9 142 60.2106 -8.83539
9 143 60.073 -8.71905
9 144 59.9383 -8.60689
9 145 59.8067 -8.49884
9 146 59.6782 -8.39482
9 147 59.5527 -8.29478
9 148 59.4303 -8.19865
9 149 59.3109 -8.10637
9 150 59.1947 -8.0179
9 151 59.0817 -7.93317
9 152 58.9718 -7.85214
9 153 58.865 -7.77476
9 154 58.7615 -7.70098
9 155 58.6611 -7.63077
9 156 58.564 -7.56408
9 157 58.47 -7.50087
9 158 58.3793 -7.44112
9 159 58.2919 -7.38478
9 160 58.2077 -7.33182
9 161 58.1268 -7.28222
9 162 58.0492 -7.23595
9 163 57.9749 -7.19299
9 164 57.9039 -7.1533
9 165 57.8362 -7.11688
9 166 57.7719 -7.0837
9 167 57.7109 -7.05374
9 168 57.6532 -7.02699
9 169 57.5989 -7.00344
9 170 57.548 -6.98308
9 171 57.5004 -6.96589
9 172 57.4563 -6.95187
9 173 57.4155 -6.94101
9 174 57.3781 -6.93332
9 175 57.3442 -6.92878
9 176 57.3137 -6.9274
9 177 57.2866 -6.92917
9 178 57.2629 -6.93411
9 179 57.2427 -6.94222
9 180 57.2259 -6.95351
9 181 57.2126 -6.96798
9 182 57.2028 -6.98565
9 183 57.1964 -7.00653
9 184 57.1935 -7.03064
9 185 57.1941 -7.05799
9 186 57.1982 -7.08861
9 187 57.2057 -7.12251
9 188 57.2168 -7.15972
9 189 57.2314 -7.20027
9 190 57.2495 -7.24418
9 191 57.2712 -7.29148
9 192 57.2963 -7.34222
9 193 57.325 -7.39642
9 194 57.3572 -7.45412
9 195 57.393 -7.51537
9 196 57.4323 -7.5802
9 197 57.4752 -7.64866
9 198 57.5217 -7.72081
9 199 57.5717 -7.79669
9 200 57.6253 -7.87636
9 201 57.6825 -7.95988
9 202 57.7432 -8.04731
9 203 57.8076 -8.13872
9 204 57.8755 -8.23417
9 205 57.9471 -8.33374
9 206 58.0222 -8.43751
9 207 58.101 -8.54555
9 208 58.1834 -8.65795
9 209 58.2694 -8.7748
9 210 58.3591 -8.8962
9 211 58.4524 -9.02224
9 212 58.5493 -9.15303
9 213 58.6499 -9.28868
9 214 58.7541 -9.42931
9 215 58.862 -9.57503
9 216 58.9736 -9.72598
9 217 59.0889 -9.88229
9 218 59.2078 -10.0441
9 219 59.3304 -10.2116
9 220 59.4568 -10.3848
9 221 59.5868 -10.5641
9 222 59.7205 -10.7495
9 223 59.8579 -10.9412
9 224 59.9991 -11.1395
9 225 60.144 -11.3445
10 1 69.219 -131.532
10 2 69.5926 -130.681
10 3 69.9343 -129.852
10 4 70.2587 -129.023
10 5 70.5732 -128.18
10 6 70.8773 -127.325
10 7 71.1739 -126.451
10 8 71.4639 -125.556
10 9 71.7476 -124.639
10 10 72.0254 -123.699
10 11 72.2973 -122.734
10 12 72.5633 -121.743
10 13 72.8233 -120.726
10 14 73.0773 -119.682
10 15 72.8483 -120.289
10 16 73.1122 -119.206
10 17 73.3659 -118.105
10 18 73.61 -116.986
10 19 73.8447 -115.848
10 20 74.0702 -114.691
10 21 74.2868 -113.513
10 22 74.4945 -112.317
10 23 74.6933 -111.101
10 24 74.8833 -109.867
10 25 75.0645 -108.615
10 26 75.2368 -107.346
10 27 75.4003 -106.061
10 28 75.5549 -104.761
10 29 75.7006 -103.447
10 30 75.8374 -102.121
10 31 75.9653 -100.785
10 32 76.0843 -99.4404
10 33 76.1945 -98.0885
10 34 76.2959 -96.7317
10 35 76.3886 -95.3719
10 36 76.4727 -94.0112
10 37 76.5483 -92.6518
10 38 76.6155 -91.2957
10 39 76.6745 -89.9451
10 40 76.7255 -88.6023
10 41 76.7687 -87.2693
10 42 76.8042 -85.9482
10 43 76.8324 -84.6411
10 44 76.8534 -83.3499
10 45 76.7662 -80.5562
10 46 76.7715 -78.7962
10 47 76.7646 -77.0471
10 48 76.7457 -75.3118
10 49 76.7151 -73.5927
10 50 76.6731 -71.8926
10 51 76.62 -70.2137
10 52 76.5561 -68.5583
10 53 76.4817 -66.9284
10 54 76.3971 -65.3257
10 55 76.3029 -63.752
10 56 76.1992 -62.2087
10 57 76.0864 -60.6968
10 58 75.965 -59.2176
10 59 75.8353 -57.7717
10 60 75.6977 -56.3597
10 61 75.5526 -54.9822
10 62 75.4003 -53.6393
10 63 75.2412 -52.3312
10 64 75.0757 -51.0579
10 65 74.9041 -49.8192
10 66 74.7267 -48.6148
10 67 74.544 -47.4445
10 68 74.3562 -46.3077
10 69 74.1637 -45.2039
10 70 73.9667 -44.1325
10 71 73.7655 -43.0929
10 72 73.5606 -42.0844
10 73 73.352 -41.1063
10 74 73.1402 -40.1578
10 75 72.9253 -39.2382
10 76 72.7076 -38.3466
10 77 72.4874 -37.4824
10 78 72.2648 -36.6447
10 79 72.0401 -35.8327
10 80 71.8136 -35.0457
10 81 71.5853 -34.2829
10 82 71.3556 -33.5435
10 83 71.1245 -32.8268
10 84 70.8924 -32.132
10 85 70.6592 -31.4585
10 86 70.4253 -30.8056
10 87 70.1924 -30.177
10 88 69.9572 -29.5626
10 89 69.7216 -28.9667
10 90 69.4857 -28.3888
10 91 69.2499 -27.8283
10 92 69.014 -27.2846
10 93 68.7783 -26.7571
10 94 68.5429 -26.2454
10 95 68.308 -25.7488
10 96 68.0735 -25.2669
10 97 67.8396 -24.7993
10 98 67.6064 -24.3454
10 99 67.3741 -23.9048
10 100 67.1426 -23.4771
10 101 66.9122 -23.0619
10 102 66.6828 -22.6587
10 103 66.4546 -22.2672
10 104 66.23 -21.8912
10 105 66.0046 -21.5225
10 106 65.7806 -21.1643
10 107 65.5581 -20.8165
10 108 65.3371 -20.4787
10 109 65.1178 -20.1506
10 110 64.9 -19.832
10 111 64.684 -19.5224
10 112 64.4698 -19.2218
10 113 64.2575 -18.9297
10 114 64.047 -18.6461
10 115 63.8384 -18.3706
10 116 63.6319 -18.1031
10 117 63.4274 -17.8432
10 118 63.2251 -17.5909
10 119 63.0248 -17.3459
10 120 62.8268 -17.108
10 121 62.631 -16.8771
10 122 62.4375 -16.653
10 123 62.2463 -16.4354
10 124 62.0574 -16.2243
10 125 61.871 -16.0195
10 126 61.6869 -15.8208
10 127 61.5054 -15.6281
10 128 61.3263 -15.4413
10 129 61.1498 -15.2602
10 130 60.9759 -15.0848
10 131 60.8045 -14.9148
10 132 60.6358 -14.7502
10 133 60.4697 -14.5908
10 134 60.3064 -14.4367
10 135 60.1457 -14.2875
10 136 59.9878 -14.1434
10 137 59.8327 -14.0041
10 138 59.6803 -13.8695
10 139 59.5308 -13.7397
10 140 59.3841 -13.6145
10 141 59.2403 -13.4938
10 142 59.0993 -13.3776
10 143 58.9613 -13.2658
10 144 58.8262 -13.1582
10 145 58.6941 -13.055
10 146 58.5649 -12.9559
10 147 58.4387 -12.861
10 148 58.3155 -12.7701
10 149 58.1953 -12.6833
10 150 58.0782 -12.6004
10 151 57.9641 -12.5215
10 152 57.8531 -12.4464
10 153 57.7452 -12.3752
10 154 57.6404 -12.3078
10 155 57.5386 -12.2441
10 156 57.4401 -12.1842
10 157 57.3446 -12.1279
10 158 57.2523 -12.0753
10 159 57.1632 -12.0264
10 160 57.0773 -11.981
10 161 56.9945 -11.9392
10 162 56.9149 -11.901
10 163 56.8386 -11.8662
10 164 56.7655 -11.835
10 165 56.6956 -11.8073
10 166 56.6289 -11.7831
10 167 56.5655 -11.7624
10 168 56.5054 -11.7451
10 169 56.4485 -11.7312
10 170 56.3949 -11.7208
10 171 56.3446 -11.7138
10 172 56.2976 -11.7103
10 173 56.2538 -11.7101
10 174 56.2134 -11.7135
10 175 56.1763 -11.7202
10 176 56.1425 -11.7304
10 177 56.112 -11.744
10 178 56.0849 -11.7611
10 179 56.0611 -11.7816
10 180 56.0406 -11.8057
10 181 56.0235 -11.8332
10 182 56.0098 -11.8642
10 183 55.9993 -11.8987
10 184 55.9923 -11.9368
10 185 55.9886 -11.9784
10 186 55.9883 -12.0236
10 187 55.9914 -12.0725
10 188 55.9978 -12.125
10 189 56.0077 -12.1811
10 190 56.0209 -12.241
10 191 56.0375 -12.3047
10 192 56.0575 -12.3721
10 193 56.0808 -12.4433
10 194 56.1076 -12.5184
10 195 56.1378 -12.5975
10 196 56.1714 -12.6805
10 197 56.2084 -12.7675
10 198 56.2488 -12.8586
10 199 56.2926 -12.9539
10 200 56.3399 -13.0533
10 201 56.3905 -13.157
10 202 56.4446 -13.2651
10 203 56.5021 -13.3775
10 204 56.563 -13.4945
10 205 56.6273 -13.6159
10 206 56.695 -13.7421
10 207 56.7662 -13.873
10 208 56.8408 -14.0087
10 209 56.9188 -14.1493
10 210 57.0003 -14.2949
10 211 57.0851 -14.4457
10 212 57.1734 -14.6018
10 213 57.2651 -14.7632
10 214 57.3603 -14.93
10 215 57.4589 -15.1026
10 216 57.5608 -15.2808
10 217 57.6663 -15.465
10 218 57.7751 -15.6552
10 219 57.8874 -15.8516
10 220 58.003 -16.0544
10 221 58.1221 -16.2637
10 222 58.2446 -16.4798
10 223 58.3705 -16.7028
10 224 58.4998 -16.9329
10 225 58.6325 -17.1703
11 1 69.1558 -131.349
11 2 69.5145 -130.447
11 3 69.8403 -129.569
11 4 70.1482 -128.691
11 5 70.4455 -127.799
11 6 70.7319 -126.896
11 7 71.0104 -125.975
11 8 71.2818 -125.033
11 9 71.5465 -124.07
11 10 71.8047 -123.085
11 11 72.0566 -122.076
11 12 72.302 -121.043
11 13 72.5411 -119.986
11 14 72.7736 -118.904
11 15 72.5349 -119.5
11 16 72.7777 -118.381
11 17 73.0099 -117.247
11 18 73.232 -116.098
11 19 73.4444 -114.932
11 20 73.6474 -113.75
11 21 73.8411 -112.553
11 22 74.0256 -111.339
11 23 74.201 -110.111
11 24 74.3674 -108.869
11 25 74.5249 -107.613
11 26 74.6734 -106.345
11 27 74.813 -105.065
11 28 74.9438 -103.776
11 29 75.0657 -102.479
11 30 75.1788 -101.175
11 31 75.2831 -99.8656
11 32 75.3788 -98.5529
11 33 75.4658 -97.2386
11 34 75.5444 -95.9246
11 35 75.6146 -94.6127
11 36 75.6766 -93.3048
11 37 75.7305 -92.0029
11 38 75.7765 -90.7089
11 39 75.8148 -89.4245
11 40 75.8456 -88.1518
11 41 75.8691 -86.8925
11 42 75.8857 -85.6482
11 43 75.8954 -84.4208
11 44 75.8987 -83.2117
11 45 75.7282 -80.6395
11 46 75.714 -79.0069
11 47 75.6886 -77.3887
11 48 75.6522 -75.787
11 49 75.6051 -74.2038
11 50 75.5476 -72.6408
11 51 75.48 -71.0997
11 52 75.4026 -69.582
11 53 75.3157 -68.0891
11 54 75.2196 -66.6223
11 55 75.1148 -65.1827
11 56 75.0015 -63.7711
11 57 74.88 -62.3884
11 58 74.7508 -61.0351
11 59 74.6141 -59.7118
11 60 74.4703 -58.4187
11 61 74.3197 -57.1562
11 62 74.1627 -55.9244
11 63 73.9995 -54.7231
11 64 73.8305 -53.5524
11 65 73.656 -52.412
11 66 73.4764 -51.3017
11 67 73.2918 -50.2211
11 68 73.1026 -49.1698
11 69 72.9092 -48.1474
11 70 72.7116 -47.1534
11 71 72.5104 -46.1872
11 72 72.3055 -45.2483
11 73 72.0975 -44.3361
11 74 71.8863 -43.4499
11 75 71.6724 -42.5892
11 76 71.4559 -41.7533
11 77 71.2371 -40.9416
11 78 71.0161 -40.1534
11 79 70.7931 -39.3881
11 80 70.5684 -38.645
11 81 70.3422 -37.9235
11 82 70.116 -37.2276
11 83 69.8869 -36.5469
11 84 69.6568 -35.886
11 85 69.4257 -35.2443
11 86 69.1939 -34.6212
11 87 68.9615 -34.0161
11 88 68.7287 -33.4286
11 89 68.4954 -32.858
11 90 68.262 -32.3039
11 91 68.0285 -31.7657
11 92 67.7951 -31.243
11 93 67.5618 -30.7353
11 94 67.3287 -30.2421
11 95 67.0961 -29.7629
11 96 66.8639 -29.2975
11 97 66.6323 -28.8453
11 98 66.4014 -28.4059
11 99 66.1736 -27.9834
11 100 65.9445 -27.569
11 101 65.7165 -27.1664
11 102 65.4895 -26.7751
11 103 65.2636 -26.3949
11 104 65.0389 -26.0254
11 105 64.8154 -25.6664
11 106 64.5933 -25.3174
11 107 64.3726 -24.9783
11 108 64.1533 -24.6488
11 109 63.9356 -24.3285
11 110 63.7195 -24.0174
11 111 63.5051 -23.715
11 112 63.2924 -23.4212
11 113 63.0814 -23.1357
11 114 62.8723 -22.8584
11 115 62.6651 -22.589
11 116 62.4598 -22.3273
11 117 62.2565 -22.0731
11 118 62.0552 -21.8262
11 119 61.856 -21.5866
11 120 61.6589 -21.3539
11 121 61.464 -21.128
11 122 61.2713 -20.9089
11 123 61.0808 -20.6962
11 124 60.8926 -20.4899
11 125 60.7067 -20.2898
11 126 60.5232 -20.0958
11 127 60.3421 -19.9078
11 128 60.1635 -19.7256
11 129 59.9873 -19.5492
11 130 59.8135 -19.3783
11 131 59.6424 -19.213
11 132 59.4737 -19.053
11 133 59.3077 -18.8984
11 134 59.1443 -18.7489
11 135 58.9835 -18.6045
11 136 58.8254 -18.4652
11 137 58.6699 -18.3307
11 138 58.5172 -18.2011
11 139 58.3673 -18.0763
11 140 58.2201 -17.9562
11 141 58.0757 -17.8407
11 142 57.9341 -17.7297
11 143 57.7953 -17.6232
11 144 57.6594 -17.5212
11 145 57.5264 -17.4235
11 146 57.3962 -17.3301
11 147 57.269 -17.241
11 148 57.1446 -17.156
11 149 57.0233 -17.0753
11 150 56.9048 -16.9986
11 151 56.7894 -16.926
11 152 56.6769 -16.8574
11 153 56.5675 -16.7928
11 154 56.4611 -16.7322
11 155 56.3576 -16.6755
11 156 56.2573 -16.6226
11 157 56.16 -16.5736
11 158 56.0657 -16.5284
11 159 55.9746 -16.4871
11 160 55.8865 -16.4495
11 161 55.8015 -16.4157
11 162 55.7197 -16.3856
11 163 55.641 -16.3592
11 164 55.5654 -16.3365
11 165 55.4929 -16.3175
11 166 55.4236 -16.3022
11 167 55.3574 -16.2906
11 168 55.2944 -16.2826
11 169 55.2346 -16.2783
11 170 55.1779 -16.2777
11 171 55.1245 -16.2807
11 172 55.0742 -16.2873
11 173 55.0271 -16.2977
11 174 54.9833 -16.3116
11 175 54.9426 -16.3293
11 176 54.9051 -16.3506
11 177 54.8709 -16.3756
11 178 54.8399 -16.4043
11 179 54.8121 -16.4367
11 180 54.7875 -16.4728
11 181 54.7662 -16.5127
11 182 54.7481 -16.5563
11 183 54.7332 -16.6038
11 184 54.7216 -16.655
11 185 54.7132 -16.7101
11 186 54.7081 -16.769
11 187 54.7062 -16.8319
11 188 54.7076 -16.8987
11 189 54.7122 -16.9694
11 190 54.72 -17.0442
11 191 54.7312 -17.123
11 192 54.7455 -17.2059
11 193 54.7631 -17.2929
11 194 54.784 -17.3841
11 195 54.8081 -17.4796
11 196 54.8355 -17.5793
11 197 54.8661 -17.6834
11 198 54.9 -17.7919
11 199 54.9371 -17.9049
11 200 54.9774 -18.0224
11 201 55.021 -18.1445
11 202 55.0679 -18.2714
11 203 55.1179 -18.4029
11 204 55.1713 -18.5394
11 205 55.2278 -18.6807
11 206 55.2876 -18.8271
11 207 55.3506 -18.9785
11 208 55.4168 -19.1352
11 209 55.4863 -19.2972
11 210 55.5589 -19.4646
11 211 55.6348 -19.6376
11 212 55.7138 -19.8161
11 213 55.7961 -20.0005
11 214 55.8815 -20.1908
11 215 55.9701 -20.3871
11 216 56.0619 -20.5895
11 217 56.1568 -20.7983
11 218 56.2549 -21.0136
11 219 56.3562 -21.2355
11 220 56.4606 -21.4643
11 221 56.5681 -21.7
11 222 56.6787 -21.9429
11 223 56.7924 -22.1931
11 224 56.9091 -22.451
11 225 57.029 -22.7166
12 1 69.0872 -131.179
12 2 69.4306 -130.229
12 3 69.7397 -129.306
12 4 70.0302 -128.382
12 5 70.308 -127.45
12 6 70.5774 -126.5
12 7 70.8369 -125.536
12 8 71.0889 -124.554
12 9 71.3337 -123.551
12 10 71.5716 -122.527
12 11 71.8026 -121.481
12 12 72.0269 -120.414
12 13 72.2443 -119.323
12 14 72.4548 -118.211
12 15 72.2045 -118.802
12 16 72.4257 -117.655
12 17 72.636 -116.497
12 18 72.8359 -115.325
12 19 73.0257 -114.141
12 20 73.2059 -112.944
12 21 73.3765 -111.735
12 22 73.5379 -110.515
12 23 73.69 -109.284
12 24 73.833 -108.042
12 25 73.967 -106.792
12 26 74.0921 -105.533
12 27 74.2083 -104.269
12 28 74.3157 -102.999
12 29 74.4143 -101.726
12 30 74.5044 -100.45
12 31 74.5859 -99.1739
12 32 74.6591 -97.8991
12 33 74.7239 -96.627
12 34 74.7807 -95.3595
12 35 74.8294 -94.0983
12 36 74.8703 -92.845
12 37 74.9037 -91.6014
12 38 74.9296 -90.369
12 39 74.9483 -89.1495
12 40 74.9601 -87.9444
12 41 74.9652 -86.7552
12 42 74.9638 -85.5833
12 43 74.9563 -84.43
12 44 74.9428 -83.2966
12 45 74.6908 -80.9421
12 46 74.6587 -79.4221
12 47 74.6162 -77.9188
12 48 74.5635 -76.4337
12 49 74.5011 -74.9681
12 50 74.4291 -73.5233
12 51 74.3478 -72.1004
12 52 74.2577 -70.7006
12 53 74.1589 -69.3248
12 54 74.0518 -67.9737
12 55 73.9368 -66.6481
12 56 73.814 -65.3487
12 57 73.6839 -64.0757
12 58 73.5468 -62.8297
12 59 73.4029 -61.6109
12 60 73.2526 -60.4194
12 61 73.0961 -59.2553
12 62 72.9338 -58.1187
12 63 72.766 -57.0093
12 64 72.5929 -55.9272
12 65 72.4148 -54.872
12 66 72.232 -53.8436
12 67 72.0447 -52.8414
12 68 71.8533 -51.8653
12 69 71.658 -50.9148
12 70 71.4589 -49.9895
12 71 71.2565 -49.0888
12 72 71.0508 -48.2124
12 73 70.8421 -47.3596
12 74 70.6307 -46.5301
12 75 70.4167 -45.7232
12 76 70.2017 -44.9434
12 77 69.983 -44.1797
12 78 69.7624 -43.437
12 79 69.5399 -42.7149
12 80 69.3158 -42.0128
12 81 69.0903 -41.3301
12 82 68.8635 -40.6664
12 83 68.6355 -40.0212
12 84 68.4066 -39.3938
12 85 68.1768 -38.7839
12 86 67.9463 -38.1909
12 87 67.7153 -37.6144
12 88 67.4838 -37.0539
12 89 67.2521 -36.5089
12 90 67.0202 -35.9791
12 91 66.7882 -35.4639
12 92 66.5562 -34.963
12 93 66.3264 -34.4802
12 94 66.0952 -34.007
12 95 65.8643 -33.5469
12 96 65.634 -33.0996
12 97 65.4042 -32.6645
12 98 65.175 -32.2415
12 99 64.9466 -31.8301
12 100 64.7191 -31.4301
12 101 64.4925 -31.0411
12 102 64.2668 -30.6629
12 103 64.0423 -30.295
12 104 63.8189 -29.9374
12 105 63.5967 -29.5896
12 106 63.3758 -29.2515
12 107 63.1563 -28.9227
12 108 62.9382 -28.6031
12 109 62.7216 -28.2923
12 110 62.5066 -27.9902
12 111 62.2931 -27.6966
12 112 62.0814 -27.4113
12 113 61.8713 -27.1339
12 114 61.663 -26.8645
12 115 61.4566 -26.6027
12 116 61.252 -26.3483
12 117 61.0493 -26.1013
12 118 60.8487 -25.8615
12 119 60.65 -25.6286
12 120 60.4534 -25.4025
12 121 60.2589 -25.1831
12 122 60.0665 -24.9703
12 123 59.8763 -24.7639
12 124 59.6884 -24.5637
12 125 59.5027 -24.3697
12 126 59.3193 -24.1816
12 127 59.1382 -23.9995
12 128 58.9595 -23.8232
12 129 58.7832 -23.6525
12 130 58.6093 -23.4875
12 131 58.4379 -23.3279
12 132 58.269 -23.1736
12 133 58.1026 -23.0247
12 134 57.9387 -22.881
12 135 57.7774 -22.7423
12 136 57.6187 -22.6087
12 137 57.4626 -22.4801
12 138 57.3092 -22.3563
12 139 57.1584 -22.2374
12 140 57.0104 -22.1232
12 141 56.865 -22.0136
12 142 56.7224 -21.9087
12 143 56.5826 -21.8083
12 144 56.4455 -21.7124
12 145 56.3112 -21.621
12 146 56.1797 -21.5339
12 147 56.0511 -21.4512
12 148 55.9253 -21.3728
12 149 55.8023 -21.2987
12 150 55.6823 -21.2288
12 151 55.5651 -21.163
12 152 55.4509 -21.1014
12 153 55.3396 -21.0438
12 154 55.2312 -20.9904
12 155 55.1257 -20.941
12 156 55.0232 -20.8956
12 157 54.9237 -20.8542
12 158 54.8272 -20.8167
12 159 54.7336 -20.7832
12 160 54.6431 -20.7537
12 161 54.5556 -20.728
12 162 54.4711 -20.7062
12 163 54.3896 -20.6883
12 164 54.3112 -20.6743
12 165 54.2358 -20.6642
12 166 54.1635 -20.6578
12 167 54.0942 -20.6554
12 168 54.028 -20.6567
12 169 53.9649 -20.662
12 170 53.9048 -20.671
12 171 53.8478 -20.6839
12 172 53.7939 -20.7006
12 173 53.7432 -20.7212
12 174 53.6955 -20.7457
12 175 53.6509 -20.774
12 176 53.6094 -20.8062
12 177 53.571 -20.8423
12 178 53.5357 -20.8822
12 179 53.5035 -20.9262
12 180 53.4745 -20.974
12 181 53.4485 -21.0259
12 182 53.4257 -21.0817
12 183 53.406 -21.1416
12 184 53.3894 -21.2055
12 185 53.3759 -21.2734
12 186 53.3655 -21.3455
12 187 53.3583 -21.4217
12 188 53.3542 -21.5022
12 189 53.3531 -21.5868
12 190 53.3552 -21.6757
12 191 53.3604 -21.7689
12 192 53.3687 -21.8664
12 193 53.3801 -21.9684
12 194 53.3946 -22.0748
12 195 53.4122 -22.1857
12 196 53.4329 -22.3012
12 197 53.4566 -22.4214
12 198 53.4835 -22.5462
12 199 53.5134 -22.6758
12 200 53.5464 -22.8102
12 201 53.5825 -22.9496
12 202 53.6216 -23.0939
12 203 53.6638 -23.2433
12 204 53.7091 -23.3978
12 205 53.7573 -23.5576
12 206 53.8086 -23.7228
12 207 53.8629 -23.8933
12 208 53.9203 -24.0694
12 209 53.9806 -24.2512
12 210 54.0439 -24.4387
12 211 54.1102 -24.632
12 212 54.1795 -24.8314
12 213 54.2517 -25.0368
12 214 54.3268 -25.2486
12 215 54.4049 -25.4667
12 216 54.4859 -25.6913
12 217 54.5698 -25.9226
12 218 54.6566 -26.1608
12 219 54.7462 -26.406
12 220 54.8387 -26.6583
12 221 54.934 -26.918
12 222 55.0321 -27.1853
12 223 55.1329 -27.4603
12 224 55.2366 -27.7432
12 225 55.3429 -28.0343
13 1 69.0133 -131.023
13 2 69.341 -130.029
13 3 69.6329 -129.062
13 4 69.9053 -128.098
13 5 70.1644 -127.126
13 6 70.4145 -126.138
13 7 70.6543 -125.137
13 8 70.8861 -124.118
13 9 71.1103 -123.081
13 10 71.3271 -122.025
13 11 71.5368 -120.949
13 12 71.7393 -119.854
13 13 71.9346 -118.738
13 14 72.1226 -117.602
13 15 71.8585 -118.195
13 16 72.058 -117.027
13 17 72.2462 -115.851
13 18 72.4237 -114.666
13 19 72.591 -113.471
13 20 72.7483 -112.268
13 21 72.896 -111.056
13 22 73.0343 -109.836
13 23 73.1633 -108.609
13 24 73.2832 -107.376
13 25 73.3941 -106.139
13 26 73.4962 -104.898
13 27 73.5894 -103.654
13 28 73.6741 -102.41
13 29 73.7503 -101.166
13 30 73.818 -99.9238
13 31 73.8776 -98.6852
13 32 73.9291 -97.4516
13 33 73.9726 -96.2246
13 34 74.0084 -95.0055
13 35 74.0367 -93.796
13 36 74.0576 -92.5975
13 37 74.0714 -91.4114
13 38 74.0782 -90.2392
13 39 74.0784 -89.0821
13 40 74.0722 -87.9414
13 41 74.0598 -86.8184
13 42 74.0416 -85.7141
13 43 74.0177 -84.6296
13 44 73.9884 -83.5659
13 45 73.6561 -81.4241
13 46 73.6073 -80.0042
13 47 73.5489 -78.6023
13 48 73.4811 -77.2194
13 49 73.4042 -75.8566
13 50 73.3186 -74.5147
13 51 73.2245 -73.1945
13 52 73.1222 -71.8967
13 53 73.0121 -70.622
13 54 72.8943 -69.3708
13 55 72.7693 -68.1435
13 56 72.6374 -66.9406
13 57 72.4987 -65.7623
13 58 72.3536 -64.6088
13 59 72.2024 -63.4802
13 60 72.0453 -62.3764
13 61 71.8827 -61.2976
13 62 71.7147 -60.2436
13 63 71.5418 -59.2143
13 64 71.364 -58.2095
13 65 71.1817 -57.2289
13 66 70.9952 -56.2723
13 67 70.8046 -55.3393
13 68 70.6102 -54.4297
13 69 70.4122 -53.543
13 70 70.2121 -52.684
13 71 70.0075 -51.8415
13 72 69.8 -51.0207
13 73 69.5898 -50.2211
13 74 69.377 -49.4425
13 75 69.1619 -48.6842
13 76 68.9446 -47.9459
13 77 68.7253 -47.227
13 78 68.5042 -46.5272
13 79 68.2815 -45.846
13 80 68.0573 -45.1828
13 81 67.8318 -44.5374
13 82 67.605 -43.9091
13 83 67.3773 -43.2976
13 84 67.1487 -42.7025
13 85 66.9193 -42.1233
13 86 66.6893 -41.5596
13 87 66.4588 -41.0109
13 88 66.2299 -40.4815
13 89 65.999 -39.9624
13 90 65.768 -39.4571
13 91 65.537 -38.9655
13 92 65.3061 -38.4869
13 93 65.0754 -38.0213
13 94 64.8449 -37.5681
13 95 64.6149 -37.1271
13 96 64.3853 -36.6979
13 97 64.1563 -36.2803
13 98 63.928 -35.8739
13 99 63.7004 -35.4785
13 100 63.4737 -35.0937
13 101 63.2478 -34.7193
13 102 63.0229 -34.355
13 103 62.7991 -34.0006
13 104 62.5764 -33.6558
13 105 62.3549 -33.3204
13 106 62.1347 -32.9942
13 107 61.9158 -32.6768
13 108 61.6983 -32.3682
13 109 61.4822 -32.0681
13 110 61.2676 -31.7763
13 111 61.0547 -31.4926
13 112 60.8433 -31.2169
13 113 60.6336 -30.9488
13 114 60.4256 -30.6884
13 115 60.2195 -30.4353
13 116 60.0151 -30.1895
13 117 59.8126 -29.9508
13 118 59.6121 -29.7191
13 119 59.4135 -29.4941
13 120 59.2169 -29.2758
13 121 59.0224 -29.0639
13 122 58.8299 -28.8585
13 123 58.6396 -28.6594
13 124 58.4514 -28.4664
13 125 58.2655 -28.2794
13 126 58.0817 -28.0984
13 127 57.9003 -27.9232
13 128 57.7211 -27.7537
13 129 57.5443 -27.5898
13 130 57.3699 -27.4314
13 131 57.1978 -27.2784
13 132 57.0282 -27.1309
13 133 56.861 -26.9885
13 134 56.6963 -26.8514
13 135 56.5342 -26.7193
13 136 56.3745 -26.5923
13 137 56.2174 -26.4702
13 138 56.0629 -26.3531
13 139 55.911 -26.2407
13 140 55.7617 -26.1332
13 141 55.615 -26.0303
13 142 55.471 -25.9321
13 143 55.3297 -25.8385
13 144 55.1911 -25.7494
13 145 55.0552 -25.6648
13 146 54.9221 -25.5847
13 147 54.7917 -25.509
13 148 54.6641 -25.4377
13 149 54.5392 -25.3707
13 150 54.4172 -25.308
13 151 54.298 -25.2496
13 152 54.1816 -25.1954
13 153 54.0681 -25.1454
13 154 53.9574 -25.0995
13 155 53.8495 -25.0579
13 156 53.7446 -25.0203
13 157 53.6425 -24.9869
13 158 53.5433 -24.9575
13 159 53.4471 -24.9322
13 160 53.3537 -24.9109
13 161 53.2633 -24.8937
13 162 53.1758 -24.8805
13 163 53.0913 -24.8713
13 164 53.0097 -24.8662
13 165 52.931 -24.865
13 166 52.8553 -24.8678
13 167 52.7826 -24.8747
13 168 52.7128 -24.8855
13 169 52.646 -24.9003
13 170 52.5822 -24.9192
13 171 52.5213 -24.942
13 172 52.4635 -24.9689
13 173 52.4086 -24.9997
13 174 52.3567 -25.0347
13 175 52.3078 -25.0736
13 176 52.2619 -25.1166
13 177 52.219 -25.1638
13 178 52.1791 -25.215
13 179 52.1422 -25.2703
13 180 52.1082 -25.3298
13 181 52.0773 -25.3934
13 182 52.0493 -25.4613
13 183 52.0244 -25.5333
13 184 52.0024 -25.6096
13 185 51.9834 -25.6903
13 186 51.9674 -25.7752
13 187 51.9544 -25.8645
13 188 51.9443 -25.9582
13 189 51.9372 -26.0564
13 190 51.9331 -26.1591
13 191 51.9319 -26.2663
13 192 51.9337 -26.3781
13 193 51.9385 -26.4945
13 194 51.9462 -26.6157
13 195 51.9568 -26.7416
13 196 51.9703 -26.8724
13 197 51.9868 -27.008
13 198 52.0062 -27.1486
13 199 52.0285 -27.2942
13 200 52.0536 -27.445
13 201 52.0817 -27.6009
13 202 52.1126 -27.7621
13 203 52.1464 -27.9286
13 204 52.183 -28.1006
13 205 52.2225 -28.2781
13 206 52.2648 -28.4613
13 207 52.3099 -28.6501
13 208 52.3578 -28.8448
13 209 52.4084 -29.0455
13 210 52.4619 -29.2522
13 211 52.518 -29.4651
13 212 52.5769 -29.6843
13 213 52.6385 -29.91
13 214 52.7028 -30.1422
13 215 52.7698 -30.3812
13 216 52.8394 -30.627
13 217 52.9116 -30.8798
13 218 52.9864 -31.1398
13 219 53.0637 -31.4072
13 220 53.1437 -31.6821
13 221 53.2261 -31.9647
13 222 53.311 -32.2552
13 223 53.3983 -32.5538
13 224 53.488 -32.8607
13 225 53.5802 -33.1762
14 1 68.9343 -130.882
14 2 69.246 -129.845
14 3 69.5202 -128.84
14 4 69.7738 -127.839
14 5 70.0136 -126.832
14 6 70.2424 -125.813
14 7 70.4632 -124.777
14 8 70.6742 -123.728
14 9 70.8772 -122.663
14 10 71.0726 -121.58
14 11 71.2604 -120.48
14 12 71.4406 -119.363
14 13 71.6134 -118.228
14 14 71.7786 -117.077
14 15 71.4988 -117.676
14 16 71.6765 -116.495
14 17 71.8425 -115.308
14 18 71.9977 -114.116
14 19 72.1424 -112.918
14 20 72.277 -111.714
14 21 72.402 -110.506
14 22 72.5175 -109.294
14 23 72.6237 -108.078
14 24 72.7209 -106.86
14 25 72.8092 -105.642
14 26 72.8887 -104.423
14 27 72.9597 -103.206
14 28 73.0223 -101.991
14 29 73.0767 -100.78
14 30 73.1229 -99.5753
14 31 73.1613 -98.3769
14 32 73.1919 -97.1866
14 33 73.215 -96.0058
14 34 73.2308 -94.8358
14 35 73.2395 -93.6779
14 36 73.2413 -92.5333
14 37 73.2365 -91.4033
14 38 73.2252 -90.289
14 39 73.2078 -89.1915
14 40 73.1845 -88.1118
14 41 73.1555 -87.0509
14 42 73.1212 -86.0096
14 43 73.0818 -84.9889
14 44 73.0376 -83.9894
14 45 72.6257 -82.0554
14 46 72.5613 -80.7248
14 47 72.4879 -79.4129
14 48 72.4059 -78.1205
14 49 72.3154 -76.8482
14 50 72.2169 -75.5967
14 51 72.1105 -74.3664
14 52 71.9967 -73.1578
14 53 71.8756 -71.9713
14 54 71.7476 -70.8072
14 55 71.6129 -69.6656
14 56 71.4719 -68.5469
14 57 71.3247 -67.4511
14 58 71.1717 -66.3782
14 59 71.0131 -65.3283
14 60 70.8491 -64.3013
14 61 70.6801 -63.2971
14 62 70.5062 -62.3156
14 63 70.3278 -61.3566
14 64 70.146 -60.4249
14 65 69.959 -59.5096
14 66 69.7681 -58.616
14 67 69.5735 -57.7439
14 68 69.3754 -56.893
14 69 69.1741 -56.0628
14 70 68.9697 -55.253
14 71 68.7625 -54.4634
14 72 68.5525 -53.6934
14 73 68.3401 -52.9427
14 74 68.1254 -52.2109
14 75 67.9085 -51.4976
14 76 67.6897 -50.8024
14 77 67.4691 -50.125
14 78 67.2468 -49.4648
14 79 67.023 -48.8216
14 80 66.7979 -48.1949
14 81 66.5716 -47.5843
14 82 66.3459 -46.9939
14 83 66.1179 -46.4149
14 84 65.889 -45.8509
14 85 65.6596 -45.3014
14 86 65.4295 -44.7663
14 87 65.1991 -44.245
14 88 64.9684 -43.7373
14 89 64.7375 -43.2428
14 90 64.5065 -42.7612
14 91 64.2755 -42.2922
14 92 64.0447 -41.8354
14 93 63.814 -41.3906
14 94 63.5837 -40.9574
14 95 63.3538 -40.5355
14 96 63.1244 -40.1248
14 97 62.8956 -39.7248
14 98 62.6674 -39.3354
14 99 62.44 -38.9563
14 100 62.2134 -38.5872
14 101 61.9877 -38.2279
14 102 61.763 -37.8782
14 103 61.5393 -37.5379
14 104 61.3168 -37.2066
14 105 61.0954 -36.8843
14 106 60.8752 -36.5706
14 107 60.6564 -36.2655
14 108 60.4389 -35.9687
14 109 60.2228 -35.68
14 110 60.0083 -35.3993
14 111 59.7952 -35.1263
14 112 59.5838 -34.861
14 113 59.374 -34.6031
14 114 59.1658 -34.3525
14 115 58.9594 -34.1091
14 116 58.7548 -33.8727
14 117 58.5521 -33.6432
14 118 58.3512 -33.4203
14 119 58.1522 -33.2041
14 120 57.9552 -32.9944
14 121 57.7602 -32.791
14 122 57.5672 -32.5939
14 123 57.3763 -32.4029
14 124 57.1875 -32.2179
14 125 57.0009 -32.0388
14 126 56.8164 -31.8656
14 127 56.6342 -31.6981
14 128 56.4542 -31.5362
14 129 56.2765 -31.3798
14 130 56.101 -31.2289
14 131 55.928 -31.0834
14 132 55.7573 -30.9432
14 133 55.5889 -30.8083
14 134 55.423 -30.6784
14 135 55.2596 -30.5537
14 136 55.0986 -30.4339
14 137 54.9401 -30.3192
14 138 54.7841 -30.2093
14 139 54.6306 -30.1042
14 140 54.4797 -30.004
14 141 54.3314 -29.9084
14 142 54.1857 -29.8176
14 143 54.0426 -29.7313
14 144 53.9021 -29.6497
14 145 53.7643 -29.5726
14 146 53.6291 -29.5
14 147 53.4966 -29.4319
14 148 53.3668 -29.3682
14 149 53.2397 -29.3088
14 150 53.1154 -29.2539
14 151 52.9937 -29.2033
14 152 52.8749 -29.157
14 153 52.7588 -29.115
14 154 52.6454 -29.0773
14 155 52.5349 -29.0437
14 156 52.4271 -29.0145
14 157 52.3221 -28.9894
14 158 52.22 -28.9685
14 159 52.1206 -28.9517
14 160 52.0241 -28.9392
14 161 51.9304 -28.9308
14 162 51.8396 -28.9265
14 163 51.7516 -28.9264
14 164 51.6664 -28.9304
14 165 51.5841 -28.9386
14 166 51.5047 -28.9509
14 167 51.4282 -28.9673
14 168 51.3545 -28.9879
14 169 51.2836 -29.0126
14 170 51.2157 -29.0414
14 171 51.1506 -29.0745
14 172 51.0884 -29.1117
14 173 51.0291 -29.153
14 174 50.9726 -29.1986
14 175 50.919 -29.2484
14 176 50.8683 -29.3025
14 177 50.8205 -29.3608
14 178 50.7755 -29.4233
14 179 50.7335 -29.4902
14 180 50.6943 -29.5614
14 181 50.6579 -29.637
14 182 50.6244 -29.717
14 183 50.5938 -29.8013
14 184 50.566 -29.8902
14 185 50.5411 -29.9835
14 186 50.519 -30.0814
14 187 50.4998 -30.1839
14 188 50.4834 -30.2909
14 189 50.4698 -30.4027
14 190 50.459 -30.5192
14 191 50.451 -30.6404
14 192 50.4458 -30.7665
14 193 50.4434 -30.8975
14 194 50.4438 -31.0334
14 195 50.447 -31.1743
14 196 50.4529 -31.3203
14 197 50.4616 -31.4714
14 198 50.4729 -31.6278
14 199 50.487 -31.7894
14 200 50.5039 -31.9565
14 201 50.5234 -32.1289
14 202 50.5455 -32.307
14 203 50.5703 -32.4906
14 204 50.5978 -32.68
14 205 50.6279 -32.8752
14 206 50.6606 -33.0764
14 207 50.6959 -33.2835
14 208 50.7337 -33.4968
14 209 50.7741 -33.7164
14 210 50.817 -33.9424
14 211 50.8624 -34.1748
14 212 50.9102 -34.414
14 213 50.9605 -34.6598
14 214 51.0132 -34.9126
14 215 51.0683 -35.1725
14 216 51.1258 -35.4396
14 217 51.1855 -35.7141
14 218 51.2476 -35.9961
14 219 51.3119 -36.2858
14 220 51.3784 -36.5835
14 221 51.4471 -36.8893
14 222 51.5179 -37.2033
14 223 51.5908 -37.5259
14 224 51.6658 -37.8572
14 225 51.7427 -38.1974
15 1 68.85 -130.756
15 2 69.1459 -129.681
15 3 69.4018 -128.64
15 4 69.6363 -127.606
15 5 69.8562 -126.568
15 6 70.0646 -125.52
15 7 70.2632 -124.46
15 8 70.4542 -123.383
15 9 70.6356 -122.295
15 10 70.809 -121.192
15 11 70.9746 -120.074
15 12 71.1323 -118.941
15 13 71.2823 -117.794
15 14 71.4246 -116.632
15 15 71.1269 -117.244
15 16 71.2827 -116.055
15 17 71.4267 -114.865
15 18 71.5596 -113.671
15 19 71.682 -112.476
15 20 71.7943 -111.278
15 21 71.8968 -110.08
15 22 71.9899 -108.88
15 23 72.0737 -107.681
15 24 72.1487 -106.483
15 25 72.2149 -105.288
15 26 72.2726 -104.096
15 27 72.3219 -102.908
15 28 72.3631 -101.727
15 29 72.3963 -100.552
15 30 72.4218 -99.3859
15 31 72.4398 -98.2292
15 32 72.4504 -97.0832
15 33 72.4539 -95.949
15 34 72.4505 -94.8277
15 35 72.4405 -93.7206
15 36 72.424 -92.6285
15 37 72.4014 -91.5526
15 38 72.3729 -90.4937
15 39 72.3387 -89.4528
15 40 72.2991 -88.4306
15 41 72.2544 -87.4279
15 42 72.2048 -86.4453
15 43 72.1506 -85.4836
15 44 72.0921 -84.5433
15 45 71.6009 -82.8134
15 46 71.5218 -81.5626
15 47 71.4343 -80.331
15 48 71.3388 -79.1191
15 49 71.2355 -77.9271
15 50 71.1247 -76.7556
15 51 71.0067 -75.6047
15 52 70.8817 -74.4748
15 53 70.7501 -73.3661
15 54 70.6121 -72.2786
15 55 70.468 -71.2125
15 56 70.318 -70.1678
15 57 70.1633 -69.1499
15 58 70.0023 -68.1476
15 59 69.8362 -67.1665
15 60 69.6652 -66.2067
15 61 69.4896 -65.2679
15 62 69.3095 -64.35
15 63 69.1252 -63.4527
15 64 68.937 -62.5759
15 65 68.745 -61.7193
15 66 68.5494 -60.8825
15 67 68.3504 -60.0654
15 68 68.1483 -59.2675
15 69 67.9432 -58.4887
15 70 67.7353 -57.7285
15 71 67.5249 -56.9866
15 72 67.3119 -56.2628
15 73 67.0967 -55.5565
15 74 66.8795 -54.8675
15 75 66.6603 -54.1955
15 76 66.4393 -53.54
15 77 66.2183 -52.9054
15 78 65.9944 -52.2825
15 79 65.7692 -51.6751
15 80 65.5428 -51.0828
15 81 65.3153 -50.5053
15 82 65.0869 -49.9424
15 83 64.8577 -49.3935
15 84 64.6278 -48.8585
15 85 64.3973 -48.337
15 86 64.1664 -47.8287
15 87 63.9352 -47.3332
15 88 63.7037 -46.8503
15 89 63.4721 -46.3797
15 90 63.2404 -45.9211
15 91 63.0089 -45.4741
15 92 62.7775 -45.0386
15 93 62.5463 -44.6142
15 94 62.3155 -44.2008
15 95 62.0852 -43.798
15 96 61.8553 -43.4055
15 97 61.6261 -43.0232
15 98 61.3975 -42.6509
15 99 61.1697 -42.2882
15 100 60.9427 -41.9351
15 101 60.7166 -41.5911
15 102 60.4915 -41.2563
15 103 60.2674 -40.9303
15 104 60.0445 -40.6129
15 105 59.8227 -40.3041
15 106 59.6021 -40.0035
15 107 59.3828 -39.7111
15 108 59.1648 -39.4266
15 109 58.9483 -39.1499
15 110 58.7332 -38.8808
15 111 58.5196 -38.6192
15 112 58.3076 -38.3649
15 113 58.0972 -38.1178
15 114 57.8884 -37.8777
15 115 57.6813 -37.6446
15 116 57.476 -37.4182
15 117 57.2725 -37.1985
15 118 57.0709 -36.9853
15 119 56.8711 -36.7785
15 120 56.6732 -36.578
15 121 56.4773 -36.3838
15 122 56.2833 -36.1956
15 123 56.0914 -36.0134
15 124 55.9016 -35.8372
15 125 55.7139 -35.6667
15 126 55.5283 -35.5019
15 127 55.3448 -35.3428
15 128 55.1636 -35.1892
15 129 54.9846 -35.0411
15 130 54.8078 -34.8984
15 131 54.6333 -34.761
15 132 54.4611 -34.6288
15 133 54.2913 -34.5019
15 134 54.1238 -34.38
15 135 53.9587 -34.2632
15 136 53.796 -34.1514
15 137 53.6357 -34.0446
15 138 53.4779 -33.9426
15 139 53.3225 -33.8455
15 140 53.1697 -33.7532
15 141 53.0193 -33.6656
15 142 52.8715 -33.5827
15 143 52.7262 -33.5044
15 144 52.5834 -33.4308
15 145 52.4433 -33.3617
15 146 52.3057 -33.2972
15 147 52.1708 -33.2372
15 148 52.0385 -33.1817
15 149 51.9088 -33.1307
15 150 51.7817 -33.084
15 151 51.6573 -33.0418
15 152 51.5356 -33.004
15 153 51.4165 -32.9705
15 154 51.3002 -32.9414
15 155 51.1865 -32.9165
15 156 51.0756 -32.896
15 157 50.9673 -32.8798
15 158 50.8618 -32.8679
15 159 50.759 -32.8603
15 160 50.659 -32.8569
15 161 50.5617 -32.8578
15 162 50.4671 -32.8629
15 163 50.3753 -32.8724
15 164 50.2862 -32.886
15 165 50.1999 -32.904
15 166 50.1164 -32.9262
15 167 50.0356 -32.9526
15 168 49.9576 -32.9834
15 169 49.8823 -33.0184
15 170 49.8098 -33.0578
15 171 49.7401 -33.1014
15 172 49.6731 -33.1494
15 173 49.6089 -33.2017
15 174 49.5475 -33.2584
15 175 49.4888 -33.3195
15 176 49.4329 -33.385
15 177 49.3797 -33.4549
15 178 49.3293 -33.5293
15 179 49.2816 -33.6081
15 180 49.2367 -33.6915
15 181 49.1945 -33.7795
15 182 49.155 -33.872
15 183 49.1183 -33.9691
15 184 49.0842 -34.0709
15 185 49.0529 -34.1775
15 186 49.0243 -34.2887
15 187 48.9983 -34.4048
15 188 48.975 -34.5257
15 189 48.9544 -34.6515
15 190 48.9364 -34.7823
15 191 48.9211 -34.9181
15 192 48.9084 -35.0589
15 193 48.8984 -35.2049
15 194 48.8909 -35.3561
15 195 48.886 -35.5126
15 196 48.8837 -35.6744
15 197 48.884 -35.8416
15 198 48.8868 -36.0143
15 199 48.8921 -36.1926
15 200 48.8999 -36.3765
15 201 48.9102 -36.5662
15 202 48.9229 -36.7618
15 203 48.9381 -36.9633
15 204 48.9557 -37.1708
15 205 48.9757 -37.3845
15 206 48.9981 -37.6044
15 207 49.0228 -37.8307
15 208 49.0498 -38.0635
15 209 49.0791 -38.303
15 210 49.1106 -38.5491
15 211 49.1444 -38.8022
15 212 49.1803 -39.0623
15 213 49.2184 -39.3295
15 214 49.2586 -39.6041
15 215 49.3009 -39.8862
15 216 49.3452 -40.1759
15 217 49.3915 -40.4735
15 218 49.4398 -40.779
15 219 49.4899 -41.0928
15 220 49.5419 -41.4149
15 221 49.5957 -41.7456
15 222 49.6513 -42.0852
15 223 49.7085 -42.4338
15 224 49.7674 -42.7917
15 225 49.8278 -43.1591
