16 110 2010 15346800
0 0.000000 180 45
0 1 39.8763 -99.0253
0 2 40.3166 -98.7476
0 3 40.7255 -98.5072
0 4 41.1208 -98.2814
0 5 41.5083 -98.0627
0 6 41.8906 -97.8477
0 7 42.2693 -97.6344
0 8 42.6451 -97.4217
0 9 43.0186 -97.2088
0 10 43.3902 -96.9951
0 11 43.76 -96.7804
0 12 44.1283 -96.5644
0 13 44.495 -96.3468
0 14 44.8604 -96.1274
0 15 44.6812 -96.5593
0 16 45.0564 -96.3159
0 17 45.4263 -96.0758
0 18 45.7913 -95.8382
0 19 46.1519 -95.6025
0 20 46.5083 -95.3683
0 21 46.8608 -95.1351
0 22 47.2095 -94.9028
0 23 47.5546 -94.671
0 24 47.8962 -94.4396
0 25 48.2342 -94.2085
0 26 48.5687 -93.9776
0 27 48.8997 -93.7468
0 28 49.2273 -93.5162
0 29 49.5512 -93.2857
0 30 49.8717 -93.0553
0 31 50.1885 -92.825
0 32 50.5017 -92.595
0 33 50.8112 -92.3652
0 34 51.1169 -92.1358
0 35 51.4189 -91.9067
0 36 51.717 -91.6782
0 37 52.0111 -91.4504
0 38 52.3012 -91.2232
0 39 52.5873 -90.997
0 40 52.8693 -90.7717
0 41 53.1471 -90.5477
0 42 53.4207 -90.3249
0 43 53.6899 -90.1036
0 44 53.9548 -89.884
0 45 54.6874 -89.9795
0 46 55.0399 -89.6389
0 47 55.3896 -89.2957
0 48 55.7366 -88.9498
0 49 56.0809 -88.6009
0 50 56.4227 -88.2489
0 51 56.7619 -87.8936
0 52 57.0986 -87.5349
0 53 57.4328 -87.1725
0 54 57.7644 -86.8065
0 55 58.0936 -86.4365
0 56 58.4202 -86.0626
0 57 58.7443 -85.6845
0 58 59.066 -85.3022
0 59 59.3851 -84.9155
0 60 59.7017 -84.5243
0 61 60.0158 -84.1286
0 62 60.3273 -83.7282
0 63 60.6362 -83.3231
0 64 60.9425 -82.9131
0 65 61.2462 -82.4981
0 66 61.5473 -82.0781
0 67 61.8457 -81.653
0 68 62.1414 -81.2227
0 69 62.4343 -80.7872
0 70 62.7246 -80.3463
0 71 63.012 -79.9
0 72 63.2966 -79.4483
0 73 63.5784 -78.9911
0 74 63.8574 -78.5283
0 75 64.1334 -78.0599
0 76 64.4065 -77.5859
0 77 64.6766 -77.1062
0 78 64.9438 -76.6207
0 79 65.2079 -76.1296
0 80 65.469 -75.6327
0 81 65.727 -75.1301
0 82 65.9818 -74.6216
0 83 66.2336 -74.1075
0 84 66.4821 -73.5875
0 85 66.7275 -73.0618
0 86 66.9697 -72.5304
0 87 67.2086 -71.9934
0 88 67.4442 -71.4506
0 89 67.6766 -70.9023
0 90 67.9056 -70.3484
0 91 68.1313 -69.7891
0 92 68.3537 -69.2243
0 93 68.5726 -68.6543
0 94 68.7882 -68.079
0 95 69.0004 -67.4985
0 96 69.2092 -66.9131
0 97 69.4146 -66.3228
0 98 69.6165 -65.7277
0 99 69.815 -65.128
0 100 70.01 -64.5238
0 101 70.2016 -63.9154
0 102 70.3897 -63.3028
0 103 70.5744 -62.6864
0 104 70.7557 -62.0661
0 105 70.9335 -61.4424
0 106 71.1078 -60.8154
0 107 71.2788 -60.1853
0 108 71.4464 -59.5523
0 109 71.6105 -58.9168
0 110 71.7713 -58.2789
1 1 39.8508 -98.9056
1 2 40.279 -98.6042
1 3 40.6775 -98.3377
1 4 41.0629 -98.0847
1 5 41.4406 -97.8384
1 6 41.8132 -97.5953
1 7 42.1822 -97.3536
1 8 42.5483 -97.1121
1 9 42.912 -96.8701
1 10 43.2736 -96.6272
1 11 43.6335 -96.383
1 12 43.9917 -96.1371
1 13 44.3483 -95.8894
1 14 44.7035 -95.6397
1 15 44.5309 -96.0451
1 16 44.8954 -95.7727
1 17 45.2545 -95.5033
1 18 45.6089 -95.2361
1 19 45.9588 -94.9705
1 20 46.3045 -94.7062
1 21 46.6463 -94.4427
1 22 46.9844 -94.1797
1 23 47.3187 -93.9172
1 24 47.6495 -93.6549
1 25 47.9768 -93.3927
1 26 48.3005 -93.1306
1 27 48.6206 -92.8686
1 28 48.9373 -92.6065
1 29 49.2504 -92.3445
1 30 49.5599 -92.0825
1 31 49.8658 -91.8206
1 32 50.168 -91.5588
1 33 50.4665 -91.2973
1 34 50.7612 -91.0361
1 35 51.0521 -90.7753
1 36 51.3392 -90.515
1 37 51.6223 -90.2554
1 38 51.9015 -89.9965
1 39 52.1766 -89.7386
1 40 52.4476 -89.4817
1 41 52.7144 -89.226
1 42 52.977 -88.9717
1 43 53.2354 -88.719
1 44 53.4894 -88.4681
1 45 54.196 -88.3839
1 46 54.533 -88.0044
1 47 54.8671 -87.6219
1 48 55.1984 -87.2365
1 49 55.5269 -86.8478
1 50 55.8526 -86.4557
1 51 56.1756 -86.06
1 52 56.4959 -85.6607
1 53 56.8135 -85.2576
1 54 57.1284 -84.8505
1 55 57.4406 -84.4394
1 56 57.7502 -84.0241
1 57 58.057 -83.6046
1 58 58.3612 -83.1806
1 59 58.6626 -82.7522
1 60 58.9614 -82.3193
1 61 59.2573 -81.8817
1 62 59.5506 -81.4394
1 63 59.841 -80.9924
1 64 60.1287 -80.5405
1 65 60.4135 -80.0837
1 66 60.6955 -79.6219
1 67 60.9746 -79.1552
1 68 61.2508 -78.6833
1 69 61.5241 -78.2065
1 70 61.7944 -77.7244
1 71 62.0617 -77.2373
1 72 62.3261 -76.745
1 73 62.5873 -76.2475
1 74 62.8456 -75.7448
1 75 63.1007 -75.2369
1 76 63.3527 -74.7238
1 77 63.6015 -74.2056
1 78 63.8471 -73.6821
1 79 64.0896 -73.1536
1 80 64.3288 -72.62
1 81 64.5647 -72.0813
1 82 64.7974 -71.5375
1 83 65.0267 -70.9889
1 84 65.2527 -70.4353
1 85 65.4754 -69.8769
1 86 65.6947 -69.3137
1 87 65.9106 -68.7459
1 88 66.123 -68.1735
1 89 66.3321 -67.5967
1 90 66.5377 -67.0155
1 91 66.7398 -66.4301
1 92 66.9385 -65.8406
1 93 67.1338 -65.2471
1 94 67.3255 -64.6499
1 95 67.5137 -64.049
1 96 67.6985 -63.4446
1 97 67.8798 -62.8369
1 98 68.0576 -62.2261
1 99 68.2319 -61.6124
1 100 68.4027 -60.996
1 101 68.5701 -60.3771
1 102 68.734 -59.7558
1 103 68.8944 -59.1326
1 104 69.0515 -58.5075
1 105 69.2051 -57.8808
1 106 69.3553 -57.2527
1 107 69.5022 -56.6236
1 108 69.6457 -55.9937
1 109 69.7859 -55.3632
1 110 69.9228 -54.7325
2 1 39.8188 -98.7911
2 2 40.2345 -98.4659
2 3 40.6216 -98.1737
2 4 40.9959 -97.8943
2 5 41.3628 -97.621
2 6 41.7245 -97.3507
2 7 42.0825 -97.0814
2 8 42.4376 -96.8122
2 9 42.7903 -96.5422
2 10 43.1409 -96.271
2 11 43.4895 -95.9983
2 12 43.8364 -95.7238
2 13 44.1816 -95.4472
2 14 44.5252 -95.1685
2 15 44.3568 -95.5501
2 16 44.7095 -95.2499
2 17 45.0567 -94.9524
2 18 45.3992 -94.6569
2 19 45.7372 -94.3628
2 20 46.071 -94.0697
2 21 46.4009 -93.7774
2 22 46.727 -93.4855
2 23 47.0494 -93.1939
2 24 47.3681 -92.9024
2 25 47.6832 -92.611
2 26 47.9948 -92.3195
2 27 48.3028 -92.0281
2 28 48.6073 -91.7366
2 29 48.9082 -91.4451
2 30 49.2054 -91.1537
2 31 49.499 -90.8623
2 32 49.789 -90.5711
2 33 50.0751 -90.2802
2 34 50.3576 -89.9897
2 35 50.6362 -89.6995
2 36 50.9109 -89.41
2 37 51.1817 -89.1213
2 38 51.4485 -88.8333
2 39 51.7113 -88.5465
2 40 51.97 -88.2608
2 41 52.2246 -87.9764
2 42 52.4749 -87.6936
2 43 52.7211 -87.4125
2 44 52.963 -87.1334
2 45 53.6335 -86.8876
2 46 53.9536 -86.4734
2 47 54.2707 -86.0563
2 48 54.5848 -85.636
2 49 54.896 -85.2124
2 50 55.2042 -84.7854
2 51 55.5096 -84.3548
2 52 55.812 -83.9205
2 53 56.1116 -83.4823
2 54 56.4084 -83.0403
2 55 56.7023 -82.5942
2 56 56.9933 -82.144
2 57 57.2814 -81.6896
2 58 57.5667 -81.231
2 59 57.8491 -80.7681
2 60 58.1285 -80.3008
2 61 58.4051 -79.8291
2 62 58.6787 -79.3528
2 63 58.9494 -78.8721
2 64 59.217 -78.3868
2 65 59.4817 -77.897
2 66 59.7433 -77.4025
2 67 60.0019 -76.9034
2 68 60.2574 -76.3997
2 69 60.5098 -75.8914
2 70 60.7591 -75.3785
2 71 61.0053 -74.861
2 72 61.2482 -74.3388
2 73 61.488 -73.8122
2 74 61.7245 -73.281
2 75 61.9578 -72.7453
2 76 62.1878 -72.2051
2 77 62.4145 -71.6606
2 78 62.6378 -71.1118
2 79 62.8579 -70.5587
2 80 63.0746 -70.0014
2 81 63.2878 -69.44
2 82 63.4977 -68.8746
2 83 63.7042 -68.3053
2 84 63.9072 -67.7322
2 85 64.1068 -67.1554
2 86 64.303 -66.5751
2 87 64.4956 -65.9913
2 88 64.6848 -65.4042
2 89 64.8705 -64.814
2 90 65.0528 -64.2208
2 91 65.2315 -63.6247
2 92 65.4067 -63.026
2 93 65.5785 -62.4248
2 94 65.7467 -61.8213
2 95 65.9115 -61.2156
2 96 66.0728 -60.608
2 97 66.2306 -59.9987
2 98 66.3849 -59.3879
2 99 66.5359 -58.7758
2 100 66.6834 -58.1627
2 101 66.8275 -57.5486
2 102 66.9682 -56.934
2 103 67.1055 -56.319
2 104 67.2396 -55.7038
2 105 67.3703 -55.0887
2 106 67.4977 -54.474
2 107 67.6219 -53.8599
2 108 67.7429 -53.2467
2 109 67.8608 -52.6345
2 110 67.9755 -52.0238
3 1 39.7808 -98.6816
3 2 40.1832 -98.3328
3 3 40.558 -98.0156
3 4 40.9203 -97.7106
3 5 41.2751 -97.4113
3 6 41.6248 -97.1147
3 7 41.9708 -96.8189
3 8 42.3138 -96.5229
3 9 42.6542 -96.2261
3 10 42.9924 -95.9278
3 11 43.3287 -95.6279
3 12 43.663 -95.326
3 13 43.9956 -95.0219
3 14 44.3264 -94.7155
3 15 44.1601 -95.0759
3 16 44.4997 -94.7492
3 17 44.834 -94.4249
3 18 45.1634 -94.1025
3 19 45.4884 -93.7815
3 20 45.8091 -93.4613
3 21 46.1259 -93.1418
3 22 46.4388 -92.8227
3 23 46.748 -92.5038
3 24 47.0535 -92.185
3 25 47.3553 -91.8662
3 26 47.6536 -91.5474
3 27 47.9482 -91.2287
3 28 48.2393 -90.9099
3 29 48.5267 -90.5912
3 30 48.8105 -90.2726
3 31 49.0906 -89.9541
3 32 49.367 -89.6359
3 33 49.6397 -89.3181
3 34 49.9086 -89.0007
3 35 50.1737 -88.6839
3 36 50.4349 -88.3678
3 37 50.6921 -88.0526
3 38 50.9455 -87.7385
3 39 51.1948 -87.4255
3 40 51.44 -87.114
3 41 51.6812 -86.8039
3 42 51.9182 -86.4957
3 43 52.151 -86.1893
3 44 52.3796 -85.8852
3 45 53.0052 -85.496
3 46 53.3073 -85.0517
3 47 53.6061 -84.6044
3 48 53.9019 -84.1541
3 49 54.1945 -83.7006
3 50 54.4841 -83.2437
3 51 54.7706 -82.7834
3 52 55.054 -82.3195
3 53 55.3345 -81.852
3 54 55.6119 -81.3808
3 55 55.8863 -80.9058
3 56 56.1576 -80.427
3 57 56.426 -79.9443
3 58 56.6912 -79.4576
3 59 56.9535 -78.967
3 60 57.2127 -78.4723
3 61 57.4688 -77.9736
3 62 57.7218 -77.4709
3 63 57.9717 -76.9641
3 64 58.2184 -76.4532
3 65 58.4621 -75.9383
3 66 58.7025 -75.4194
3 67 58.9398 -74.8964
3 68 59.1738 -74.3695
3 69 59.4046 -73.8386
3 70 59.6322 -73.3037
3 71 59.8564 -72.765
3 72 60.0774 -72.2225
3 73 60.2951 -71.6762
3 74 60.5094 -71.1262
3 75 60.7204 -70.5726
3 76 60.928 -70.0154
3 77 61.1323 -69.4548
3 78 61.3331 -68.8909
3 79 61.5305 -68.3237
3 80 61.7245 -67.7533
3 81 61.915 -67.18
3 82 62.1021 -66.6037
3 83 62.2857 -66.0247
3 84 62.4659 -65.443
3 85 62.6426 -64.8588
3 86 62.8158 -64.2723
3 87 62.9855 -63.6836
3 88 63.1518 -63.0929
3 89 63.3146 -62.5003
3 90 63.4739 -61.9061
3 91 63.6297 -61.3103
3 92 63.7821 -60.7133
3 93 63.9311 -60.1151
3 94 64.0766 -59.5159
3 95 64.2187 -58.9161
3 96 64.3574 -58.3157
3 97 64.4928 -57.715
3 98 64.6247 -57.1142
3 99 64.7534 -56.5135
3 100 64.8787 -55.9131
3 101 65.0008 -55.3133
3 102 65.1196 -54.7142
3 103 65.2352 -54.1162
3 104 65.3476 -53.5193
3 105 65.4569 -52.9239
3 106 65.5631 -52.3302
3 107 65.6662 -51.7384
3 108 65.7663 -51.1488
3 109 65.8634 -50.5615
3 110 65.9576 -49.9768
4 1 39.737 -98.5774
4 2 40.1254 -98.2055
4 3 40.487 -97.8639
4 4 40.8362 -97.5341
4 5 41.178 -97.2099
4 6 41.5146 -96.888
4 7 41.8474 -96.5669
4 8 42.1771 -96.2454
4 9 42.5042 -95.9228
4 10 42.829 -95.5988
4 11 43.1516 -95.273
4 12 43.4723 -94.9451
4 13 43.791 -94.615
4 14 44.108 -94.2824
4 15 43.9416 -94.624
4 16 44.2672 -94.2722
4 17 44.5874 -93.9227
4 18 44.9027 -93.575
4 19 45.2136 -93.2286
4 20 45.5202 -92.8831
4 21 45.8227 -92.5382
4 22 46.1213 -92.1936
4 23 46.4162 -91.8494
4 24 46.7073 -91.5052
4 25 46.9948 -91.1612
4 26 47.2786 -90.8172
4 27 47.5588 -90.4733
4 28 47.8353 -90.1295
4 29 48.1082 -89.7858
4 30 48.3774 -89.4424
4 31 48.643 -89.0993
4 32 48.9048 -88.7565
4 33 49.1629 -88.4143
4 34 49.4171 -88.0727
4 35 49.6676 -87.7319
4 36 49.9142 -87.3921
4 37 50.1569 -87.0533
4 38 50.3957 -86.7157
4 39 50.6304 -86.3797
4 40 50.8612 -86.0452
4 41 51.0879 -85.7125
4 42 51.3105 -85.3818
4 43 51.529 -85.0534
4 44 51.7434 -84.7273
4 45 52.3164 -84.213
4 46 52.5994 -83.7429
4 47 52.8791 -83.27
4 48 53.1554 -82.7943
4 49 53.4286 -82.3156
4 50 53.6985 -81.8339
4 51 53.9652 -81.3489
4 52 54.2287 -80.8608
4 53 54.4891 -80.3693
4 54 54.7463 -79.8745
4 55 55.0003 -79.3762
4 56 55.2512 -78.8746
4 57 55.4989 -78.3695
4 58 55.7434 -77.8609
4 59 55.9847 -77.3488
4 60 56.2229 -76.8332
4 61 56.4579 -76.3141
4 62 56.6896 -75.7915
4 63 56.9181 -75.2655
4 64 57.1434 -74.7361
4 65 57.3654 -74.2032
4 66 57.5841 -73.667
4 67 57.7996 -73.1275
4 68 58.0117 -72.5848
4 69 58.2205 -72.0388
4 70 58.426 -71.4897
4 71 58.6282 -70.9376
4 72 58.8269 -70.3825
4 73 59.0223 -69.8245
4 74 59.2143 -69.2637
4 75 59.4029 -68.7003
4 76 59.5881 -68.1343
4 77 59.7699 -67.5658
4 78 59.9482 -66.9949
4 79 60.1231 -66.4218
4 80 60.2946 -65.8467
4 81 60.4626 -65.2696
4 82 60.6272 -64.6907
4 83 60.7883 -64.1101
4 84 60.946 -63.528
4 85 61.1002 -62.9445
4 86 61.251 -62.3599
4 87 61.3984 -61.7742
4 88 61.5424 -61.1877
4 89 61.6829 -60.6005
4 90 61.8201 -60.0128
4 91 61.9539 -59.4248
4 92 62.0843 -58.8367
4 93 62.2114 -58.2486
4 94 62.3352 -57.6608
4 95 62.4557 -57.0735
4 96 62.5729 -56.4868
4 97 62.6868 -55.9009
4 98 62.7976 -55.3161
4 99 62.9051 -54.7326
4 100 63.0095 -54.1505
4 101 63.1108 -53.57
4 102 63.2091 -52.9915
4 103 63.3043 -52.415
4 104 63.3965 -51.8407
4 105 63.4857 -51.269
4 106 63.5721 -50.6999
4 107 63.6556 -50.1337
4 108 63.7363 -49.5706
4 109 63.8142 -49.0107
4 110 63.8894 -48.4544
5 1 39.6878 -98.4785
5 2 40.0615 -98.0841
5 3 40.409 -97.7191
5 4 40.7442 -97.3656
5 5 41.0718 -97.0174
5 6 41.3943 -96.6714
5 7 41.7129 -96.3261
5 8 42.0282 -95.9804
5 9 42.3409 -95.6335
5 10 42.6511 -95.2852
5 11 42.9591 -94.9349
5 12 43.265 -94.5825
5 13 43.5689 -94.2279
5 14 43.8708 -93.8708
5 15 43.7025 -94.1959
5 16 44.0131 -93.8205
5 17 44.3182 -93.4474
5 18 44.6185 -93.0761
5 19 44.9142 -92.7061
5 20 45.2056 -92.337
5 21 45.4929 -91.9685
5 22 45.7762 -91.6005
5 23 46.0557 -91.2329
5 24 46.3315 -90.8655
5 25 46.6035 -90.4983
5 26 46.8719 -90.1312
5 27 47.1365 -89.7644
5 28 47.3976 -89.3979
5 29 47.6549 -89.0317
5 30 47.9086 -88.6658
5 31 48.1585 -88.3005
5 32 48.4048 -87.9358
5 33 48.6473 -87.5718
5 34 48.886 -87.2087
5 35 49.1209 -86.8466
5 36 49.352 -86.4856
5 37 49.5792 -86.126
5 38 49.8025 -85.768
5 39 50.0219 -85.4116
5 40 50.2373 -85.0572
5 41 50.4487 -84.7048
5 42 50.656 -84.3548
5 43 50.8594 -84.0073
5 44 51.0586 -83.6625
5 45 51.5724 -83.0407
5 46 51.8355 -82.5491
5 47 52.0951 -82.0549
5 48 52.3514 -81.5583
5 49 52.6042 -81.059
5 50 52.8537 -80.557
5 51 53.0999 -80.0522
5 52 53.3428 -79.5447
5 53 53.5824 -79.0342
5 54 53.8187 -78.5209
5 55 54.0518 -78.0046
5 56 54.2816 -77.4855
5 57 54.5081 -76.9634
5 58 54.7313 -76.4384
5 59 54.9513 -75.9104
5 60 55.168 -75.3796
5 61 55.3813 -74.846
5 62 55.5914 -74.3095
5 63 55.7982 -73.7702
5 64 56.0016 -73.2282
5 65 56.2018 -72.6835
5 66 56.3986 -72.1362
5 67 56.592 -71.5864
5 68 56.7821 -71.0341
5 69 56.9688 -70.4794
5 70 57.1522 -69.9225
5 71 57.3321 -69.3633
5 72 57.5087 -68.802
5 73 57.6819 -68.2388
5 74 57.8517 -67.6737
5 75 58.0181 -67.1068
5 76 58.181 -66.5383
5 77 58.3406 -65.9682
5 78 58.4968 -65.3968
5 79 58.6495 -64.8241
5 80 58.7989 -64.2504
5 81 58.9448 -63.6757
5 82 59.0874 -63.1002
5 83 59.2266 -62.524
5 84 59.3624 -61.9474
5 85 59.4948 -61.3704
5 86 59.6239 -60.7932
5 87 59.7497 -60.2161
5 88 59.8722 -59.6391
5 89 59.9913 -59.0625
5 90 60.1072 -58.4864
5 91 60.2198 -57.911
5 92 60.3292 -57.3365
5 93 60.4354 -56.763
5 94 60.5384 -56.1908
5 95 60.6383 -55.62
5 96 60.7351 -55.0508
5 97 60.8288 -54.4833
5 98 60.9195 -53.9179
5 99 61.0071 -53.3546
5 100 61.0918 -52.7936
5 101 61.1736 -52.2351
5 102 61.2525 -51.6793
5 103 61.3286 -51.1264
5 104 61.4018 -50.5766
5 105 61.4724 -50.03
5 106 61.5402 -49.4867
5 107 61.6054 -48.9471
5 108 61.668 -48.4112
5 109 61.7281 -47.8791
5 110 61.7857 -47.3512
6 1 39.6333 -98.3853
6 2 39.9899 -97.9714
6 3 40.3242 -97.5815
6 4 40.6444 -97.2053
6 5 40.957 -96.8344
6 6 41.2644 -96.4657
6 7 41.5677 -96.0975
6 8 41.8677 -95.7289
6 9 42.1649 -95.3591
6 10 42.4596 -94.9878
6 11 42.7519 -94.6147
6 12 43.042 -94.2394
6 13 43.3299 -93.8619
6 14 43.6158 -93.482
6 15 43.4439 -93.7929
6 16 43.7385 -93.3954
6 17 44.0277 -93.0004
6 18 44.312 -92.6073
6 19 44.5916 -92.2155
6 20 44.8668 -91.8247
6 21 45.138 -91.4346
6 22 45.4051 -91.0452
6 23 45.6683 -90.6562
6 24 45.9277 -90.2676
6 25 46.1834 -89.8794
6 26 46.4354 -89.4916
6 27 46.6837 -89.1042
6 28 46.9283 -88.7173
6 29 47.1692 -88.3308
6 30 47.4064 -87.9451
6 31 47.6399 -87.56
6 32 47.8698 -87.1758
6 33 48.0958 -86.7927
6 34 48.3182 -86.4106
6 35 48.5367 -86.0299
6 36 48.7514 -85.6506
6 37 48.9624 -85.273
6 38 49.1694 -84.8972
6 39 49.3726 -84.5235
6 40 49.5719 -84.1519
6 41 49.7672 -83.7828
6 42 49.9587 -83.4164
6 43 50.1461 -83.0528
6 44 50.3296 -82.6922
6 45 50.7783 -81.9801
6 46 51.0209 -81.4709
6 47 51.2599 -80.9595
6 48 51.4954 -80.4461
6 49 51.7274 -79.9304
6 50 51.956 -79.4125
6 51 52.1811 -78.8923
6 52 52.4029 -78.3698
6 53 52.6213 -77.8449
6 54 52.8363 -77.3177
6 55 53.0479 -76.7882
6 56 53.2562 -76.2562
6 57 53.4612 -75.722
6 58 53.6628 -75.1855
6 59 53.8611 -74.6466
6 60 54.056 -74.1056
6 61 54.2476 -73.5624
6 62 54.4359 -73.017
6 63 54.6208 -72.4695
6 64 54.8023 -71.9201
6 65 54.9805 -71.3687
6 66 55.1553 -70.8155
6 67 55.3268 -70.2605
6 68 55.4949 -69.7039
6 69 55.6596 -69.1457
6 70 55.8209 -68.586
6 71 55.9789 -68.0249
6 72 56.1335 -67.4626
6 73 56.2848 -66.8991
6 74 56.4326 -66.3347
6 75 56.5771 -65.7693
6 76 56.7183 -65.2032
6 77 56.8561 -64.6365
6 78 56.9905 -64.0692
6 79 57.1216 -63.5016
6 80 57.2494 -62.9339
6 81 57.3739 -62.366
6 82 57.4951 -61.7983
6 83 57.613 -61.2308
6 84 57.7276 -60.6637
6 85 57.839 -60.0971
6 86 57.9472 -59.5313
6 87 58.0521 -58.9664
6 88 58.1539 -58.4025
6 89 58.2525 -57.8397
6 90 58.348 -57.2784
6 91 58.4404 -56.7186
6 92 58.5297 -56.1605
6 93 58.616 -55.6042
6 94 58.6993 -55.0499
6 95 58.7796 -54.4979
6 96 58.857 -53.9482
6 97 58.9315 -53.401
6 98 59.0031 -52.8564
6 99 59.072 -52.3147
6 100 59.1381 -51.776
6 101 59.2014 -51.2405
6 102 59.2621 -50.7082
6 103 59.3202 -50.1795
6 104 59.3757 -49.6543
6 105 59.4287 -49.1328
6 106 59.4792 -48.6153
6 107 59.5272 -48.1019
6 108 59.5729 -47.5926
6 109 59.6163 -47.0876
6 110 59.6575 -46.5871
7 1 39.5739 -98.2978
7 2 39.9146 -97.8628
7 3 40.233 -97.4516
7 4 40.5373 -97.054
7 5 40.834 -96.6615
7 6 41.1253 -96.2713
7 7 41.4124 -95.8817
7 8 41.6962 -95.4916
7 9 41.9769 -95.1005
7 10 42.2551 -94.7078
7 11 42.5307 -94.3133
7 12 42.8041 -93.9168
7 13 43.0752 -93.5181
7 14 43.3441 -93.1171
7 15 43.1668 -93.4161
7 16 43.4447 -92.9984
7 17 43.7171 -92.5832
7 18 43.9845 -92.17
7 19 44.2472 -91.7583
7 20 44.5055 -91.3477
7 21 44.7596 -90.9381
7 22 45.0096 -90.5292
7 23 45.2558 -90.121
7 24 45.498 -89.7134
7 25 45.7366 -89.3064
7 26 45.9713 -88.9
7 27 46.2024 -88.4943
7 28 46.4298 -88.0893
7 29 46.6535 -87.6851
7 30 46.8735 -87.2817
7 31 47.0898 -86.8795
7 32 47.3025 -86.4783
7 33 47.5114 -86.0785
7 34 47.7166 -85.6801
7 35 47.9181 -85.2834
7 36 48.1158 -84.8885
7 37 48.3097 -84.4955
7 38 48.4999 -84.1047
7 39 48.6863 -83.7163
7 40 48.8688 -83.3304
7 41 49.0475 -82.9473
7 42 49.2224 -82.5672
7 43 49.3934 -82.1904
7 44 49.5605 -81.8169
7 45 49.9392 -81.0309
7 46 50.1607 -80.5077
7 47 50.3787 -79.9829
7 48 50.593 -79.4564
7 49 50.8038 -78.9283
7 50 51.011 -78.3984
7 51 51.2148 -77.8667
7 52 51.4151 -77.3333
7 53 51.612 -76.7981
7 54 51.8054 -76.2611
7 55 51.9955 -75.7224
7 56 52.1821 -75.1819
7 57 52.3654 -74.6397
7 58 52.5452 -74.0959
7 59 52.7217 -73.5504
7 60 52.8948 -73.0034
7 61 53.0646 -72.4549
7 62 53.231 -71.9049
7 63 53.394 -71.3536
7 64 53.5537 -70.801
7 65 53.7101 -70.2472
7 66 53.863 -69.6923
7 67 54.0127 -69.1364
7 68 54.159 -68.5796
7 69 54.3019 -68.0219
7 70 54.4416 -67.4636
7 71 54.5779 -66.9047
7 72 54.7109 -66.3453
7 73 54.8405 -65.7855
7 74 54.9669 -65.2256
7 75 55.09 -64.6655
7 76 55.2098 -64.1055
7 77 55.3264 -63.5456
7 78 55.4397 -62.986
7 79 55.5497 -62.4269
7 80 55.6566 -61.8684
7 81 55.7602 -61.3106
7 82 55.8607 -60.7536
7 83 55.958 -60.1977
7 84 56.0522 -59.6429
7 85 56.1433 -59.0894
7 86 56.2313 -58.5374
7 87 56.3162 -57.9869
7 88 56.3981 -57.4383
7 89 56.4771 -56.8915
7 90 56.553 -56.3467
7 91 56.6261 -55.8042
7 92 56.6962 -55.264
7 93 56.7635 -54.7263
7 94 56.828 -54.1912
7 95 56.8897 -53.6589
7 96 56.9487 -53.1296
7 97 57.005 -52.6032
7 98 57.0586 -52.0801
7 99 57.1096 -51.5604
7 100 57.1581 -51.0441
7 101 57.2041 -50.5314
7 102 57.2476 -50.0225
7 103 57.2887 -49.5175
7 104 57.3274 -49.0164
7 105 57.3638 -48.5195
7 106 57.398 -48.0268
7 107 57.4299 -47.5385
7 108 57.4597 -47.0546
7 109 57.4874 -46.5754
7 110 57.513 -46.1009
8 1 39.5098 -98.2164
8 2 39.834 -97.761
8 3 40.1357 -97.3297
8 4 40.4233 -96.9119
8 5 40.7031 -96.4993
8 6 40.9775 -96.089
8 7 41.2476 -95.6794
8 8 41.5142 -95.2694
8 9 41.7777 -94.8584
8 10 42.0384 -94.446
8 11 42.2966 -94.0318
8 12 42.5523 -93.6158
8 13 42.8057 -93.1977
8 14 43.0568 -92.7774
8 15 42.8725 -93.0668
8 16 43.1329 -92.6305
8 17 43.3878 -92.1969
8 18 43.6375 -91.7654
8 19 43.8825 -91.3357
8 20 44.1231 -90.9073
8 21 44.3594 -90.4801
8 22 44.5916 -90.0538
8 23 44.8199 -89.6285
8 24 45.0443 -89.2041
8 25 45.2649 -88.7805
8 26 45.4818 -88.3577
8 27 45.695 -87.936
8 28 45.9044 -87.5152
8 29 46.1102 -87.0955
8 30 46.3124 -86.6771
8 31 46.5109 -86.26
8 32 46.7057 -85.8443
8 33 46.8968 -85.4304
8 34 47.0843 -85.0182
8 35 47.2681 -84.6079
8 36 47.4483 -84.1999
8 37 47.6247 -83.7941
8 38 47.7974 -83.3909
8 39 47.9664 -82.9904
8 40 48.1317 -82.5929
8 41 48.2933 -82.1985
8 42 48.4511 -81.8074
8 43 48.6052 -81.4199
8 44 48.7556 -81.0362
8 45 49.0598 -80.1917
8 46 49.2601 -79.6579
8 47 49.4566 -79.1231
8 48 49.6495 -78.5871
8 49 49.8388 -78.0499
8 50 50.0246 -77.5116
8 51 50.2068 -76.972
8 52 50.3855 -76.4313
8 53 50.5607 -75.8893
8 54 50.7324 -75.3462
8 55 50.9008 -74.8019
8 56 51.0657 -74.2565
8 57 51.2272 -73.71
8 58 51.3853 -73.1625
8 59 51.54 -72.614
8 60 51.6914 -72.0646
8 61 51.8394 -71.5144
8 62 51.9841 -70.9634
8 63 52.1255 -70.4117
8 64 52.2635 -69.8595
8 65 52.3982 -69.3067
8 66 52.5296 -68.7535
8 67 52.6577 -68.2001
8 68 52.7825 -67.6464
8 69 52.9041 -67.0926
8 70 53.0224 -66.5388
8 71 53.1374 -65.9851
8 72 53.2492 -65.4317
8 73 53.3578 -64.8786
8 74 53.4632 -64.3261
8 75 53.5654 -63.7741
8 76 53.6644 -63.2228
8 77 53.7602 -62.6725
8 78 53.853 -62.123
8 79 53.9426 -61.5748
8 80 54.0292 -61.0277
8 81 54.1127 -60.4821
8 82 54.1931 -59.938
8 83 54.2706 -59.3955
8 84 54.345 -58.8548
8 85 54.4165 -58.316
8 86 54.4851 -57.7793
8 87 54.5509 -57.2448
8 88 54.6137 -56.7125
8 89 54.6738 -56.1828
8 90 54.7311 -55.6556
8 91 54.7856 -55.1312
8 92 54.8374 -54.6096
8 93 54.8866 -54.091
8 94 54.9331 -53.5755
8 95 54.9771 -53.0632
8 96 55.0185 -52.5542
8 97 55.0575 -52.0488
8 98 55.094 -51.5469
8 99 55.128 -51.0488
8 100 55.1598 -50.5545
8 101 55.1892 -50.0641
8 102 55.2164 -49.5778
8 103 55.2414 -49.0956
8 104 55.2642 -48.6177
8 105 55.2849 -48.1442
8 106 55.3036 -47.6751
8 107 55.3203 -47.2106
8 108 55.335 -46.7508
8 109 55.3478 -46.2957
8 110 55.3588 -45.8455
9 1 39.4411 -98.1412
9 2 39.7483 -97.6666
9 3 40.031 -97.2185
9 4 40.3027 -96.7797
9 5 40.565 -96.3483
9 6 40.8216 -95.9194
9 7 41.0739 -95.4912
9 8 41.3225 -95.0628
9 9 41.5679 -94.6336
9 10 41.8104 -94.2031
9 11 42.0503 -93.771
9 12 42.2876 -93.3372
9 13 42.5224 -92.9015
9 14 42.7549 -92.4638
9 15 42.5621 -92.7458
9 16 42.8043 -92.2926
9 17 43.041 -91.8425
9 18 43.2724 -91.3947
9 19 43.499 -90.9488
9 20 43.7212 -90.5046
9 21 43.9391 -90.0617
9 22 44.1528 -89.6202
9 23 44.3626 -89.1798
9 24 44.5685 -88.7406
9 25 44.7706 -88.3026
9 26 44.969 -87.8658
9 27 45.1636 -87.4302
9 28 45.3546 -86.9959
9 29 45.5419 -86.5631
9 30 45.7256 -86.1318
9 31 45.9057 -85.7022
9 32 46.0822 -85.2745
9 33 46.2551 -84.8487
9 34 46.4243 -84.4251
9 35 46.59 -84.0038
9 36 46.752 -83.5851
9 37 46.9105 -83.169
9 38 47.0653 -82.7558
9 39 47.2166 -82.3457
9 40 47.3642 -81.939
9 41 47.5083 -81.5357
9 42 47.6487 -81.1361
9 43 47.7856 -80.7405
9 44 47.9188 -80.3491
9 45 48.1449 -79.4605
9 46 48.3237 -78.9192
9 47 48.4987 -78.3774
9 48 48.6701 -77.835
9 49 48.8378 -77.2919
9 50 49.0019 -76.7482
9 51 49.1624 -76.2039
9 52 49.3194 -75.6589
9 53 49.473 -75.1134
9 54 49.6231 -74.5672
9 55 49.7697 -74.0205
9 56 49.913 -73.4732
9 57 50.0528 -72.9255
9 58 50.1893 -72.3774
9 59 50.3225 -71.8289
9 60 50.4523 -71.2802
9 61 50.5788 -70.7312
9 62 50.702 -70.1821
9 63 50.8219 -69.633
9 64 50.9385 -69.084
9 65 51.0519 -68.535
9 66 51.1621 -67.9863
9 67 51.269 -67.4379
9 68 51.3727 -66.89
9 69 51.4733 -66.3426
9 70 51.5707 -65.7958
9 71 51.6649 -65.2498
9 72 51.756 -64.7046
9 73 51.844 -64.1605
9 74 51.9289 -63.6174
9 75 52.0107 -63.0755
9 76 52.0895 -62.535
9 77 52.1653 -61.9959
9 78 52.2381 -61.4584
9 79 52.3079 -60.9226
9 80 52.3748 -60.3886
9 81 52.4388 -59.8565
9 82 52.4999 -59.3265
9 83 52.5582 -58.7986
9 84 52.6137 -58.2731
9 85 52.6664 -57.75
9 86 52.7163 -57.2294
9 87 52.7635 -56.7115
9 88 52.8081 -56.1963
9 89 52.85 -55.6841
9 90 52.8893 -55.1749
9 91 52.9261 -54.6688
9 92 52.9604 -54.1659
9 93 52.9922 -53.6664
9 94 53.0216 -53.1703
9 95 53.0486 -52.6778
9 96 53.0732 -52.1889
9 97 53.0956 -51.7039
9 98 53.1157 -51.2227
9 99 53.1337 -50.7455
9 100 53.1494 -50.2724
9 101 53.1631 -49.8034
9 102 53.1747 -49.3387
9 103 53.1844 -48.8783
9 104 53.192 -48.4224
9 105 53.1978 -47.971
9 106 53.2017 -47.5242
9 107 53.2038 -47.0821
9 108 53.2042 -46.6447
9 109 53.2028 -46.2122
9 110 53.1999 -45.7846
10 1 39.3682 -98.0727
10 2 39.6578 -97.5797
10 3 39.9226 -97.1139
10 4 40.176 -96.6576
10 5 40.42 -96.2089
10 6 40.6581 -95.7629
10 7 40.8918 -95.3177
10 8 41.1217 -94.8726
10 9 41.3483 -94.4267
10 10 41.5719 -93.9798
10 11 41.7927 -93.5315
10 12 42.0109 -93.0817
10 13 42.2265 -92.6302
10 14 42.4396 -92.1769
10 15 42.2367 -92.4539
10 16 42.4603 -91.9857
10 17 42.678 -91.5208
10 18 42.8906 -91.0585
10 19 43.0983 -90.5985
10 20 43.3015 -90.1403
10 21 43.5003 -89.6839
10 22 43.695 -89.2291
10 23 43.8858 -88.7758
10 24 44.0726 -88.3239
10 25 44.2557 -87.8736
10 26 44.435 -87.4247
10 27 44.6106 -86.9775
10 28 44.7826 -86.5319
10 29 44.951 -86.0882
10 30 45.1158 -85.6463
10 31 45.277 -85.2065
10 32 45.4347 -84.7689
10 33 45.5889 -84.3337
10 34 45.7396 -83.9009
10 35 45.8867 -83.4709
10 36 46.0303 -83.0437
10 37 46.1704 -82.6196
10 38 46.3071 -82.1988
10 39 46.4402 -81.7815
10 40 46.5699 -81.3678
10 41 46.6961 -80.9579
10 42 46.8189 -80.5522
10 43 46.9382 -80.1507
10 44 47.0541 -79.7538
10 45 47.1989 -78.8348
10 46 47.3561 -78.2887
10 47 47.5096 -77.7427
10 48 47.6593 -77.1966
10 49 47.8054 -76.6503
10 50 47.9479 -76.1041
10 51 48.0869 -75.5577
10 52 48.2223 -75.0112
10 53 48.3543 -74.4647
10 54 48.4828 -73.9182
10 55 48.6079 -73.3717
10 56 48.7296 -72.8252
10 57 48.848 -72.2789
10 58 48.9631 -71.7327
10 59 49.0749 -71.1868
10 60 49.1834 -70.6411
10 61 49.2886 -70.0959
10 62 49.3906 -69.5511
10 63 49.4894 -69.0069
10 64 49.585 -68.4632
10 65 49.6774 -67.9203
10 66 49.7667 -67.3782
10 67 49.8529 -66.837
10 68 49.936 -66.2968
10 69 50.016 -65.7577
10 70 50.0929 -65.2198
10 71 50.1669 -64.6833
10 72 50.2378 -64.1481
10 73 50.3057 -63.6144
10 74 50.3707 -63.0824
10 75 50.4327 -62.552
10 76 50.4919 -62.0236
10 77 50.5482 -61.497
10 78 50.6016 -60.9726
10 79 50.6523 -60.4503
10 80 50.7002 -59.9303
10 81 50.7453 -59.4126
10 82 50.7877 -58.8975
10 83 50.8275 -58.385
10 84 50.8646 -57.8752
10 85 50.8991 -57.3682
10 86 50.931 -56.8641
10 87 50.9605 -56.363
10 88 50.9874 -55.8651
10 89 51.0119 -55.3704
10 90 51.034 -54.8791
10 91 51.0537 -54.3912
10 92 51.0711 -53.9068
10 93 51.0863 -53.426
10 94 51.0992 -52.949
10 95 51.1099 -52.4758
10 96 51.1185 -52.0064
10 97 51.125 -51.5411
10 98 51.1294 -51.0798
10 99 51.1318 -50.6227
10 100 51.1323 -50.1698
10 101 51.1309 -49.7212
10 102 51.1276 -49.277
10 103 51.1225 -48.8373
10 104 51.1157 -48.4021
10 105 51.1071 -47.9715
10 106 51.0969 -47.5456
10 107 51.085 -47.1245
10 108 51.0716 -46.7081
10 109 51.0567 -46.2966
10 110 51.0404 -45.89
11 1 39.2911 -98.011
11 2 39.5628 -97.5007
11 3 39.8091 -97.0183
11 4 40.0436 -96.5461
11 5 40.2686 -96.0816
11 6 40.4876 -95.6199
11 7 40.702 -95.1594
11 8 40.9126 -94.6991
11 9 41.1197 -94.2384
11 10 41.3237 -93.7768
11 11 41.5248 -93.3141
11 12 41.7233 -92.8501
11 13 41.919 -92.3846
11 14 42.1122 -91.9176
11 15 41.8976 -92.192
11 16 42.1019 -91.7105
11 17 42.3004 -91.2326
11 18 42.4936 -90.7577
11 19 42.6818 -90.2854
11 20 42.8655 -89.8153
11 21 43.0449 -89.3472
11 22 43.2201 -88.8811
11 23 43.3913 -88.4168
11 24 43.5586 -87.9544
11 25 43.7222 -87.4938
11 26 43.882 -87.035
11 27 44.0382 -86.5783
11 28 44.1908 -86.1235
11 29 44.3399 -85.671
11 30 44.4854 -85.2207
11 31 44.6275 -84.7728
11 32 44.7661 -84.3275
11 33 44.9012 -83.8849
11 34 45.0329 -83.4452
11 35 45.1612 -83.0086
11 36 45.2862 -82.5752
11 37 45.4077 -82.1453
11 38 45.5259 -81.7189
11 39 45.6407 -81.2964
11 40 45.7522 -80.878
11 41 45.8604 -80.4637
11 42 45.9654 -80.0539
11 43 46.067 -79.6487
11 44 46.1654 -79.2483
11 45 46.2259 -78.3116
11 46 46.3616 -77.7632
11 47 46.4936 -77.2153
11 48 46.6218 -76.6679
11 49 46.7464 -76.1209
11 50 46.8674 -75.5744
11 51 46.9848 -75.0283
11 52 47.0988 -74.4827
11 53 47.2094 -73.9375
11 54 47.3165 -73.3929
11 55 47.4203 -72.8489
11 56 47.5208 -72.3054
11 57 47.618 -71.7626
11 58 47.7119 -71.2205
11 59 47.8026 -70.6792
11 60 47.8901 -70.1387
11 61 47.9744 -69.5992
11 62 48.0556 -69.0606
11 63 48.1336 -68.5231
11 64 48.2086 -67.9867
11 65 48.2805 -67.4516
11 66 48.3494 -66.9178
11 67 48.4152 -66.3853
11 68 48.4781 -65.8544
11 69 48.538 -65.3251
11 70 48.595 -64.7975
11 71 48.6491 -64.2716
11 72 48.7004 -63.7476
11 73 48.7488 -63.2256
11 74 48.7944 -62.7056
11 75 48.8372 -62.1879
11 76 48.8773 -61.6723
11 77 48.9147 -61.1592
11 78 48.9493 -60.6485
11 79 48.9814 -60.1404
11 80 49.0108 -59.6349
11 81 49.0377 -59.1322
11 82 49.0621 -58.6323
11 83 49.0839 -58.1354
11 84 49.1033 -57.6415
11 85 49.1202 -57.1508
11 86 49.1348 -56.6632
11 87 49.1471 -56.179
11 88 49.157 -55.6982
11 89 49.1647 -55.2209
11 90 49.1702 -54.7472
11 91 49.1735 -54.2771
11 92 49.1746 -53.8107
11 93 49.1737 -53.3482
11 94 49.1708 -52.8896
11 95 49.1658 -52.435
11 96 49.1589 -51.9844
11 97 49.1501 -51.538
11 98 49.1395 -51.0957
11 99 49.127 -50.6578
11 100 49.1127 -50.2241
11 101 49.0968 -49.7949
11 102 49.0792 -49.3701
11 103 49.0599 -48.9499
11 104 49.0391 -48.5342
11 105 49.0167 -48.1232
11 106 48.9929 -47.7169
11 107 48.9676 -47.3153
11 108 48.941 -46.9185
11 109 48.913 -46.5266
11 110 48.8837 -46.1395
12 1 39.21 -97.9565
12 2 39.4635 -97.4299
12 3 39.6909 -96.9323
12 4 39.9047 -96.4474
12 5 40.1114 -95.9667
12 6 40.3107 -95.491
12 7 40.5052 -95.0168
12 8 40.6958 -94.543
12 9 40.8828 -94.0691
12 10 41.0667 -93.5945
12 11 41.2476 -93.1192
12 12 41.4257 -92.6427
12 13 41.6011 -92.1652
12 14 41.7738 -91.6864
12 15 41.546 -91.9607
12 16 41.7306 -91.4676
12 17 41.9093 -90.9786
12 18 42.0827 -90.4928
12 19 42.2511 -90.01
12 20 42.415 -89.5298
12 21 42.5744 -89.0521
12 22 42.7297 -88.5766
12 23 42.8811 -88.1033
12 24 43.0285 -87.6323
12 25 43.1722 -87.1634
12 26 43.3123 -86.6968
12 27 43.4487 -86.2325
12 28 43.5816 -85.7707
12 29 43.711 -85.3113
12 30 43.837 -84.8546
12 31 43.9596 -84.4007
12 32 44.0788 -83.9497
12 33 44.1947 -83.5019
12 34 44.3073 -83.0572
12 35 44.4166 -82.616
12 36 44.5226 -82.1785
12 37 44.6254 -81.7447
12 38 44.7249 -81.3149
12 39 44.8213 -80.8892
12 40 44.9145 -80.4679
12 41 45.0046 -80.0512
12 42 45.0915 -79.6392
12 43 45.1754 -79.2321
12 44 45.2561 -78.8302
12 45 45.2299 -77.8878
12 46 45.3442 -77.3391
12 47 45.4548 -76.7915
12 48 45.5616 -76.2449
12 49 45.6649 -75.6992
12 50 45.7646 -75.1545
12 51 45.8608 -74.6107
12 52 45.9536 -74.068
12 53 46.0429 -73.5262
12 54 46.129 -72.9854
12 55 46.2117 -72.4456
12 56 46.2912 -71.907
12 57 46.3675 -71.3695
12 58 46.4406 -70.8333
12 59 46.5105 -70.2983
12 60 46.5774 -69.7646
12 61 46.6412 -69.2323
12 62 46.7019 -68.7014
12 63 46.7596 -68.1721
12 64 46.8144 -67.6444
12 65 46.8662 -67.1184
12 66 46.9151 -66.5941
12 67 46.9611 -66.0717
12 68 47.0042 -65.5512
12 69 47.0445 -65.0328
12 70 47.0821 -64.5164
12 71 47.1169 -64.0022
12 72 47.149 -63.4903
12 73 47.1784 -62.9807
12 74 47.2051 -62.4736
12 75 47.2292 -61.969
12 76 47.2508 -61.467
12 77 47.2698 -60.9677
12 78 47.2863 -60.4712
12 79 47.3003 -59.9776
12 80 47.3118 -59.487
12 81 47.321 -58.9994
12 82 47.3278 -58.5149
12 83 47.3323 -58.0336
12 84 47.3346 -57.5556
12 85 47.3345 -57.0811
12 86 47.3323 -56.6099
12 87 47.328 -56.1423
12 88 47.3215 -55.6783
12 89 47.3129 -55.218
12 90 47.3023 -54.7614
12 91 47.2897 -54.3087
12 92 47.2752 -53.8598
12 93 47.2588 -53.415
12 94 47.2405 -52.9741
12 95 47.2204 -52.5374
12 96 47.1986 -52.1048
12 97 47.175 -51.6764
12 98 47.1497 -51.2523
12 99 47.1229 -50.8325
12 100 47.0944 -50.4172
12 101 47.0644 -50.0062
12 102 47.0329 -49.5998
12 103 47 -49.1979
12 104 46.9656 -48.8007
12 105 46.9299 -48.408
12 106 46.8929 -48.02
12 107 46.8546 -47.6368
12 108 46.8151 -47.2584
12 109 46.7745 -46.8847
12 110 46.7327 -46.5159
13 1 39.125 -97.9096
13 2 39.3602 -97.3677
13 3 39.5682 -96.8562
13 4 39.7623 -96.3579
13 5 39.9476 -95.8664
13 6 40.1278 -95.3766
13 7 40.302 -94.8902
13 8 40.4721 -94.4046
13 9 40.6386 -93.9192
13 10 40.8018 -93.4335
13 11 40.962 -92.9472
13 12 41.1193 -92.4602
13 13 41.2738 -91.9723
13 14 41.4256 -91.4835
13 15 41.1829 -91.7604
13 16 41.3476 -91.2575
13 17 41.5063 -90.759
13 18 41.6595 -90.2643
13 19 41.8078 -89.7728
13 20 41.9514 -89.2844
13 21 42.0907 -88.7988
13 22 42.2258 -88.3158
13 23 42.3569 -87.8355
13 24 42.4842 -87.3577
13 25 42.6078 -86.8825
13 26 42.7278 -86.41
13 27 42.8443 -85.9401
13 28 42.9572 -85.473
13 29 43.0668 -85.0088
13 30 43.1731 -84.5476
13 31 43.276 -84.0896
13 32 43.3757 -83.6349
13 33 43.4721 -83.1837
13 34 43.5654 -82.736
13 35 43.6555 -82.2921
13 36 43.7425 -81.8522
13 37 43.8264 -81.4164
13 38 43.9073 -80.985
13 39 43.9851 -80.558
13 40 44.0599 -80.1357
13 41 44.1318 -79.7182
13 42 44.2007 -79.3059
13 43 44.2667 -78.8987
13 44 44.3299 -78.497
13 45 44.2146 -77.56
13 46 44.3077 -77.013
13 47 44.3971 -76.4675
13 48 44.4828 -75.9235
13 49 44.5649 -75.3809
13 50 44.6436 -74.8397
13 51 44.7188 -74.3
13 52 44.7906 -73.7617
13 53 44.8591 -73.2249
13 54 44.9243 -72.6896
13 55 44.9864 -72.1557
13 56 45.0452 -71.6235
13 57 45.1009 -71.0928
13 58 45.1536 -70.5637
13 59 45.2032 -70.0364
13 60 45.2498 -69.5108
13 61 45.2934 -68.9871
13 62 45.3341 -68.4652
13 63 45.3719 -67.9452
13 64 45.4069 -67.4273
13 65 45.439 -66.9114
13 66 45.4684 -66.3977
13 67 45.495 -65.8862
13 68 45.5189 -65.377
13 69 45.5401 -64.8701
13 70 45.5587 -64.3657
13 71 45.5747 -63.8639
13 72 45.5881 -63.3646
13 73 45.599 -62.868
13 74 45.6074 -62.3741
13 75 45.6133 -61.8831
13 76 45.6169 -61.395
13 77 45.618 -60.9098
13 78 45.6168 -60.4278
13 79 45.6133 -59.9488
13 80 45.6075 -59.473
13 81 45.5995 -59.0006
13 82 45.5894 -58.5314
13 83 45.577 -58.0657
13 84 45.5626 -57.6035
13 85 45.5461 -57.1448
13 86 45.5276 -56.6898
13 87 45.5071 -56.2385
13 88 45.4847 -55.7909
13 89 45.4604 -55.3471
13 90 45.4343 -54.9072
13 91 45.4063 -54.4712
13 92 45.3766 -54.0393
13 93 45.3451 -53.6114
13 94 45.312 -53.1876
13 95 45.2772 -52.768
13 96 45.2409 -52.3526
13 97 45.203 -51.9415
13 98 45.1636 -51.5347
13 99 45.1227 -51.1322
13 100 45.0805 -50.7342
13 101 45.0368 -50.3406
13 102 44.9919 -49.9516
13 103 44.9456 -49.567
13 104 44.8981 -49.1871
13 105 44.8495 -48.8118
13 106 44.7996 -48.4411
13 107 44.7487 -48.0751
13 108 44.6967 -47.7138
13 109 44.6437 -47.3573
13 110 44.5897 -47.0055
14 1 39.0363 -97.8705
14 2 39.2532 -97.3142
14 3 39.4415 -96.7901
14 4 39.6154 -96.2801
14 5 39.7803 -95.7773
14 6 39.9387 -95.2784
14 7 40.0931 -94.78
14 8 40.2423 -94.2843
14 9 40.3878 -93.7891
14 10 40.53 -93.2939
14 11 40.669 -92.7985
14 12 40.8051 -92.3026
14 13 40.9384 -91.8063
14 14 41.0689 -91.3094
14 15 40.8096 -91.5917
14 16 40.954 -91.0806
14 17 41.0924 -90.5744
14 18 41.2253 -90.0723
14 19 41.3532 -89.574
14 20 41.4764 -89.0791
14 21 41.5952 -88.5875
14 22 41.7099 -88.0989
14 23 41.8207 -87.6132
14 24 41.9277 -87.1306
14 25 42.031 -86.6509
14 26 42.1307 -86.1742
14 27 42.227 -85.7006
14 28 42.3199 -85.2301
14 29 42.4095 -84.7629
14 30 42.4959 -84.2991
14 31 42.5791 -83.8387
14 32 42.6591 -83.3821
14 33 42.7361 -82.9292
14 34 42.81 -82.4803
14 35 42.8809 -82.0355
14 36 42.9488 -81.595
14 37 43.0138 -81.1589
14 38 43.0759 -80.7275
14 39 43.1351 -80.3009
14 40 43.1916 -79.8792
14 41 43.2452 -79.4627
14 42 43.2962 -79.0515
14 43 43.3444 -78.6458
14 44 43.3899 -78.2459
14 45 43.1833 -77.3251
14 46 43.2554 -76.7813
14 47 43.3239 -76.2395
14 48 43.3888 -75.6996
14 49 43.4501 -75.1616
14 50 43.508 -74.6255
14 51 43.5625 -74.0913
14 52 43.6137 -73.5589
14 53 43.6617 -73.0285
14 54 43.7065 -72.4999
14 55 43.7482 -71.9732
14 56 43.7868 -71.4486
14 57 43.8223 -70.9259
14 58 43.8549 -70.4052
14 59 43.8846 -69.8867
14 60 43.9113 -69.3703
14 61 43.9352 -68.856
14 62 43.9563 -68.344
14 63 43.9747 -67.8343
14 64 43.9903 -67.327
14 65 44.0032 -66.822
14 66 44.0135 -66.3196
14 67 44.0212 -65.8197
14 68 44.0263 -65.3223
14 69 44.0289 -64.8277
14 70 44.029 -64.3358
14 71 44.0266 -63.8467
14 72 44.0219 -63.3605
14 73 44.0147 -62.8772
14 74 44.0053 -62.3969
14 75 43.9935 -61.9196
14 76 43.9795 -61.4455
14 77 43.9633 -60.9746
14 78 43.9449 -60.507
14 79 43.9243 -60.0427
14 80 43.9017 -59.5818
14 81 43.877 -59.1243
14 82 43.8503 -58.6704
14 83 43.8217 -58.22
14 84 43.7911 -57.7733
14 85 43.7586 -57.3302
14 86 43.7243 -56.8909
14 87 43.6881 -56.4554
14 88 43.6502 -56.0238
14 89 43.6106 -55.5961
14 90 43.5693 -55.1724
14 91 43.5264 -54.7526
14 92 43.4819 -54.337
14 93 43.4358 -53.9254
14 94 43.3883 -53.518
14 95 43.3392 -53.1148
14 96 43.2888 -52.7159
14 97 43.237 -52.3213
14 98 43.1838 -51.9309
14 99 43.1293 -51.545
14 100 43.0736 -51.1635
14 101 43.0167 -50.7864
14 102 42.9586 -50.4137
14 103 42.8994 -50.0456
14 104 42.8391 -49.6821
14 105 42.7778 -49.3231
14 106 42.7154 -48.9687
14 107 42.6521 -48.619
14 108 42.5879 -48.2739
14 109 42.5229 -47.9335
14 110 42.4569 -47.5977
15 1 38.9439 -97.8398
15 2 39.1425 -97.2699
15 3 39.311 -96.7345
15 4 39.4644 -96.2142
15 5 39.6085 -95.7016
15 6 39.746 -95.1935
15 7 39.8782 -94.688
15 8 40.0062 -94.1839
15 9 40.1312 -93.679
15 10 40.252 -93.1761
15 11 40.3696 -92.6733
15 12 40.4842 -92.1704
15 13 40.5959 -91.6674
15 14 40.7049 -91.1641
15 15 40.427 -91.4549
15 16 40.5512 -90.9372
15 17 40.6691 -90.4249
15 18 40.7815 -89.9172
15 19 40.8889 -89.4137
15 20 40.9915 -88.9141
15 21 41.0898 -88.4181
15 22 41.184 -87.9256
15 23 41.2742 -87.4364
15 24 41.3607 -86.9506
15 25 41.4436 -86.4681
15 26 41.523 -85.9891
15 27 41.5991 -85.5134
15 28 41.6719 -85.0413
15 29 41.7414 -84.5728
15 30 41.8079 -84.108
15 31 41.8712 -83.6471
15 32 41.9316 -83.1902
15 33 41.989 -82.7374
15 34 42.0435 -82.2888
15 35 42.0952 -81.8447
15 36 42.1441 -81.4052
15 37 42.1902 -80.9705
15 38 42.2336 -80.5406
15 39 42.2743 -80.1158
15 40 42.3124 -79.6963
15 41 42.3479 -79.2822
15 42 42.3809 -78.8737
15 43 42.4113 -78.4709
15 44 42.4393 -78.0741
15 45 42.1391 -77.1798
15 46 42.1906 -76.6407
15 47 42.2385 -76.1039
15 48 42.2829 -75.5695
15 49 42.3238 -75.0374
15 50 42.3613 -74.5076
15 51 42.3955 -73.9801
15 52 42.4265 -73.4548
15 53 42.4543 -72.9318
15 54 42.479 -72.4111
15 55 42.5007 -71.8927
15 56 42.5195 -71.3767
15 57 42.5353 -70.863
15 58 42.5482 -70.3516
15 59 42.5583 -69.8427
15 60 42.5657 -69.3363
15 61 42.5703 -68.8324
15 62 42.5722 -68.331
15 63 42.5715 -67.8323
15 64 42.5682 -67.3361
15 65 42.5624 -66.8427
15 66 42.5541 -66.3521
15 67 42.5433 -65.8642
15 68 42.5301 -65.3793
15 69 42.5145 -64.8972
15 70 42.4966 -64.4181
15 71 42.4763 -63.9421
15 72 42.4538 -63.4691
15 73 42.4292 -62.9993
15 74 42.4023 -62.5327
15 75 42.3733 -62.0694
15 76 42.3422 -61.6093
15 77 42.3091 -61.1527
15 78 42.2739 -60.6994
15 79 42.2368 -60.2497
15 80 42.1978 -59.8035
15 81 42.1568 -59.3608
15 82 42.114 -58.9218
15 83 42.0695 -58.4865
15 84 42.0231 -58.055
15 85 41.9751 -57.6272
15 86 41.9253 -57.2033
15 87 41.874 -56.7833
15 88 41.821 -56.3671
15 89 41.7665 -55.955
15 90 41.7105 -55.5469
15 91 41.653 -55.1428
15 92 41.594 -54.7429
15 93 41.5337 -54.3471
15 94 41.4721 -53.9554
15 95 41.4091 -53.568
15 96 41.3449 -53.1848
15 97 41.2795 -52.806
15 98 41.2128 -52.4314
15 99 41.1451 -52.0612
15 100 41.0762 -51.6954
15 101 41.0063 -51.334
15 102 40.9354 -50.9771
15 103 40.8635 -50.6246
15 104 40.7906 -50.2766
15 105 40.7169 -49.9331
15 106 40.6423 -49.5942
15 107 40.5668 -49.2598
15 108 40.4906 -48.9301
15 109 40.4137 -48.6049
15 110 40.336 -48.2844
