16 110 2009 25833659
0 0.000000 180 45
0 1 37.3226 -79.4154
0 2 37.5954 -79.9277
0 3 37.8289 -80.4126
0 4 38.0439 -80.8863
0 5 38.2478 -81.3547
0 6 38.4456 -81.822
0 7 38.6362 -82.2867
0 8 38.8222 -82.751
0 9 39.0043 -83.2156
0 10 39.1829 -83.6807
0 11 39.3583 -84.1466
0 12 39.5308 -84.6134
0 13 39.7005 -85.0811
0 14 39.8675 -85.5499
0 15 39.5132 -85.3464
0 16 39.6998 -85.8252
0 17 39.8792 -86.3005
0 18 40.0521 -86.7727
0 19 40.2192 -87.2424
0 20 40.381 -87.7096
0 21 40.5378 -88.1745
0 22 40.69 -88.6373
0 23 40.8377 -89.098
0 24 40.9812 -89.5566
0 25 41.1207 -90.013
0 26 41.2561 -90.4672
0 27 41.3878 -90.9191
0 28 41.5156 -91.3686
0 29 41.6398 -91.8156
0 30 41.7604 -92.26
0 31 41.8774 -92.7016
0 32 41.9908 -93.1402
0 33 42.1008 -93.5758
0 34 42.2073 -94.0082
0 35 42.3103 -94.4371
0 36 42.41 -94.8625
0 37 42.5062 -95.2841
0 38 42.5991 -95.7018
0 39 42.6887 -96.1153
0 40 42.7749 -96.5246
0 41 42.8578 -96.9294
0 42 42.9374 -97.3295
0 43 43.0138 -97.7248
0 44 43.0868 -98.1151
0 45 42.8082 -99.0996
0 46 42.9252 -99.6262
0 47 43.0381 -100.152
0 48 43.1469 -100.677
0 49 43.2519 -101.2
0 50 43.353 -101.723
0 51 43.4503 -102.245
0 52 43.544 -102.766
0 53 43.6341 -103.286
0 54 43.7206 -103.804
0 55 43.8037 -104.322
0 56 43.8834 -104.839
0 57 43.9597 -105.354
0 58 44.0326 -105.869
0 59 44.1023 -106.382
0 60 44.1687 -106.893
0 61 44.232 -107.404
0 62 44.2921 -107.913
0 63 44.3491 -108.42
0 64 44.403 -108.926
0 65 44.4538 -109.43
0 66 44.5017 -109.932
0 67 44.5466 -110.433
0 68 44.5885 -110.931
0 69 44.6275 -111.428
0 70 44.6637 -111.922
0 71 44.697 -112.415
0 72 44.7275 -112.905
0 73 44.7552 -113.393
0 74 44.7801 -113.879
0 75 44.8024 -114.362
0 76 44.822 -114.842
0 77 44.8389 -115.32
0 78 44.8533 -115.795
0 79 44.865 -116.268
0 80 44.8742 -116.737
0 81 44.8809 -117.204
0 82 44.8852 -117.667
0 83 44.887 -118.127
0 84 44.8863 -118.585
0 85 44.8834 -119.038
0 86 44.8781 -119.489
0 87 44.8705 -119.936
0 88 44.8606 -120.38
0 89 44.8485 -120.82
0 90 44.8343 -121.256
0 91 44.8179 -121.689
0 92 44.7994 -122.118
0 93 44.7788 -122.543
0 94 44.7562 -122.964
0 95 44.7316 -123.381
0 96 44.7051 -123.794
0 97 44.6766 -124.203
0 98 44.6463 -124.608
0 99 44.6142 -125.009
0 100 44.5802 -125.405
0 101 44.5445 -125.797
0 102 44.5071 -126.185
0 103 44.468 -126.568
0 104 44.4273 -126.947
0 105 44.385 -127.321
0 106 44.3411 -127.691
0 107 44.2957 -128.056
0 108 44.2488 -128.416
0 109 44.2005 -128.772
0 110 44.1507 -129.123
1 1 37.4319 -79.3611
1 2 37.7223 -79.8525
1 3 37.9768 -80.3191
1 4 38.2139 -80.7757
1 5 38.4423 -81.2291
1 6 38.6618 -81.6789
1 7 38.8758 -82.1279
1 8 39.0854 -82.577
1 9 39.2913 -83.0265
1 10 39.4938 -83.477
1 11 39.6933 -83.9285
1 12 39.8899 -84.3812
1 13 40.0838 -84.8352
1 14 40.2752 -85.2907
1 15 39.9484 -85.0957
1 16 40.1575 -85.5609
1 17 40.3596 -86.0232
1 18 40.5555 -86.4829
1 19 40.7457 -86.9404
1 20 40.9307 -87.396
1 21 41.1109 -87.8498
1 22 41.2864 -88.3019
1 23 41.4576 -88.7523
1 24 41.6245 -89.201
1 25 41.7874 -89.648
1 26 41.9463 -90.0933
1 27 42.1013 -90.5366
1 28 42.2526 -90.978
1 29 42.4 -91.4174
1 30 42.5438 -91.8545
1 31 42.684 -92.2893
1 32 42.8205 -92.7216
1 33 42.9533 -93.1512
1 34 43.0827 -93.578
1 35 43.2084 -94.0018
1 36 43.3306 -94.4225
1 37 43.4493 -94.8398
1 38 43.5645 -95.2536
1 39 43.6761 -95.6637
1 40 43.7843 -96.0699
1 41 43.8889 -96.472
1 42 43.9901 -96.8698
1 43 44.0878 -97.2631
1 44 44.1821 -97.6518
1 45 44.0249 -98.6509
1 46 44.1665 -99.1763
1 47 44.304 -99.7014
1 48 44.4376 -100.226
1 49 44.5672 -100.75
1 50 44.693 -101.274
1 51 44.815 -101.798
1 52 44.9333 -102.321
1 53 45.0481 -102.844
1 54 45.1592 -103.366
1 55 45.2669 -103.888
1 56 45.3711 -104.409
1 57 45.4718 -104.929
1 58 45.5692 -105.449
1 59 45.6632 -105.969
1 60 45.7539 -106.487
1 61 45.8413 -107.004
1 62 45.9254 -107.521
1 63 46.0064 -108.037
1 64 46.0841 -108.551
1 65 46.1587 -109.065
1 66 46.2302 -109.577
1 67 46.2986 -110.088
1 68 46.3639 -110.597
1 69 46.4262 -111.105
1 70 46.4854 -111.611
1 71 46.5417 -112.116
1 72 46.595 -112.618
1 73 46.6453 -113.119
1 74 46.6928 -113.618
1 75 46.7374 -114.115
1 76 46.7792 -114.61
1 77 46.8181 -115.103
1 78 46.8542 -115.593
1 79 46.8877 -116.08
1 80 46.9183 -116.566
1 81 46.9463 -117.048
1 82 46.9717 -117.528
1 83 46.9944 -118.005
1 84 47.0145 -118.479
1 85 47.0321 -118.95
1 86 47.0471 -119.418
1 87 47.0597 -119.883
1 88 47.0698 -120.345
1 89 47.0775 -120.803
1 90 47.0828 -121.258
1 91 47.0858 -121.71
1 92 47.0865 -122.157
1 93 47.0849 -122.601
1 94 47.0811 -123.042
1 95 47.0751 -123.478
1 96 47.067 -123.911
1 97 47.0567 -124.34
1 98 47.0444 -124.764
1 99 47.0301 -125.185
1 100 47.0138 -125.601
1 101 46.9955 -126.013
1 102 46.9754 -126.421
1 103 46.9533 -126.824
1 104 46.9295 -127.223
1 105 46.9039 -127.617
1 106 46.8765 -128.007
1 107 46.8475 -128.393
1 108 46.8167 -128.773
1 109 46.7844 -129.149
1 110 46.7505 -129.52
2 1 37.5335 -79.2961
2 2 37.8421 -79.7655
2 3 38.1173 -80.2123
2 4 38.3778 -80.6514
2 5 38.6266 -81.0848
2 6 38.8685 -81.5163
2 7 39.1051 -81.9474
2 8 39.3376 -82.3788
2 9 39.5665 -82.8111
2 10 39.7922 -83.2445
2 11 40.0149 -83.6792
2 12 40.235 -84.1154
2 13 40.4524 -84.5533
2 14 40.6673 -84.9928
2 15 40.3642 -84.8025
2 16 40.5954 -85.2518
2 17 40.8198 -85.6986
2 18 41.0382 -86.1433
2 19 41.251 -86.5863
2 20 41.4588 -87.0277
2 21 41.6618 -87.4678
2 22 41.8602 -87.9065
2 23 42.0543 -88.344
2 24 42.2442 -88.7803
2 25 42.43 -89.2152
2 26 42.6119 -89.6487
2 27 42.7899 -90.0809
2 28 42.9641 -90.5115
2 29 43.1344 -90.9404
2 30 43.301 -91.3675
2 31 43.4639 -91.7928
2 32 43.6231 -92.2159
2 33 43.7785 -92.6368
2 34 43.9303 -93.0554
2 35 44.0785 -93.4714
2 36 44.2229 -93.8846
2 37 44.3637 -94.2949
2 38 44.5009 -94.7022
2 39 44.6344 -95.1061
2 40 44.7642 -95.5066
2 41 44.8904 -95.9033
2 42 45.0129 -96.2962
2 43 45.1318 -96.6851
2 44 45.247 -97.0696
2 45 45.2051 -98.0666
2 46 45.3716 -98.5881
2 47 45.534 -99.1098
2 48 45.6924 -99.6316
2 49 45.847 -100.154
2 50 45.9977 -100.676
2 51 46.1447 -101.199
2 52 46.2881 -101.721
2 53 46.4278 -102.244
2 54 46.5639 -102.767
2 55 46.6965 -103.291
2 56 46.8255 -103.814
2 57 46.9512 -104.337
2 58 47.0733 -104.86
2 59 47.1921 -105.383
2 60 47.3075 -105.906
2 61 47.4195 -106.429
2 62 47.5282 -106.951
2 63 47.6337 -107.473
2 64 47.7358 -107.994
2 65 47.8347 -108.515
2 66 47.9303 -109.035
2 67 48.0228 -109.554
2 68 48.112 -110.073
2 69 48.1981 -110.59
2 70 48.2811 -111.107
2 71 48.3609 -111.622
2 72 48.4376 -112.136
2 73 48.5113 -112.649
2 74 48.5819 -113.16
2 75 48.6495 -113.67
2 76 48.7141 -114.178
2 77 48.7757 -114.684
2 78 48.8343 -115.188
2 79 48.89 -115.69
2 80 48.9429 -116.191
2 81 48.9928 -116.689
2 82 49.04 -117.185
2 83 49.0843 -117.678
2 84 49.1258 -118.169
2 85 49.1646 -118.657
2 86 49.2007 -119.143
2 87 49.2341 -119.625
2 88 49.2648 -120.105
2 89 49.293 -120.582
2 90 49.3186 -121.055
2 91 49.3416 -121.526
2 92 49.3621 -121.993
2 93 49.3801 -122.456
2 94 49.3958 -122.917
2 95 49.409 -123.373
2 96 49.4199 -123.826
2 97 49.4284 -124.275
2 98 49.4347 -124.72
2 99 49.4388 -125.161
2 100 49.4407 -125.598
2 101 49.4404 -126.032
2 102 49.4381 -126.46
2 103 49.4336 -126.885
2 104 49.4272 -127.305
2 105 49.4187 -127.721
2 106 49.4084 -128.132
2 107 49.3961 -128.539
2 108 49.382 -128.941
2 109 49.3661 -129.338
2 110 49.3484 -129.731
3 1 37.6279 -79.2211
3 2 37.9547 -79.6675
3 3 38.25 -80.0926
3 4 38.5314 -80.5109
3 5 38.8014 -80.9237
3 6 39.0649 -81.3349
3 7 39.3233 -81.746
3 8 39.5777 -82.1575
3 9 39.8287 -82.5702
3 10 40.0766 -82.9841
3 11 40.3217 -83.3997
3 12 40.5643 -83.817
3 13 40.8044 -84.2361
3 14 41.042 -84.6571
3 15 40.7592 -84.4681
3 16 41.0119 -84.8991
3 17 41.2579 -85.328
3 18 41.4981 -85.7552
3 19 41.733 -86.1811
3 20 41.9628 -86.6058
3 21 42.1879 -87.0294
3 22 42.4086 -87.4522
3 23 42.625 -87.874
3 24 42.8372 -88.295
3 25 43.0454 -88.7151
3 26 43.2497 -89.1342
3 27 43.45 -89.5522
3 28 43.6465 -89.9691
3 29 43.8391 -90.3848
3 30 44.028 -90.799
3 31 44.2131 -91.2118
3 32 44.3944 -91.6229
3 33 44.572 -92.0322
3 34 44.7458 -92.4396
3 35 44.9158 -92.8448
3 36 45.0821 -93.2477
3 37 45.2446 -93.6482
3 38 45.4033 -94.0459
3 39 45.5583 -94.4408
3 40 45.7094 -94.8326
3 41 45.8568 -95.2212
3 42 46.0003 -95.6063
3 43 46.14 -95.9878
3 44 46.2759 -96.3654
3 45 46.3433 -97.3433
3 46 46.5346 -97.8575
3 47 46.722 -98.3725
3 48 46.9054 -98.8884
3 49 47.085 -99.4051
3 50 47.2609 -99.9226
3 51 47.433 -100.441
3 52 47.6015 -100.96
3 53 47.7664 -101.48
3 54 47.9277 -102.001
3 55 48.0854 -102.522
3 56 48.2397 -103.045
3 57 48.3905 -103.568
3 58 48.5378 -104.091
3 59 48.6816 -104.615
3 60 48.8221 -105.139
3 61 48.9591 -105.664
3 62 49.0928 -106.189
3 63 49.2231 -106.715
3 64 49.3501 -107.24
3 65 49.4738 -107.766
3 66 49.5941 -108.292
3 67 49.7111 -108.817
3 68 49.8249 -109.342
3 69 49.9354 -109.867
3 70 50.0426 -110.392
3 71 50.1466 -110.916
3 72 50.2474 -111.439
3 73 50.345 -111.962
3 74 50.4394 -112.483
3 75 50.5306 -113.004
3 76 50.6187 -113.524
3 77 50.7037 -114.042
3 78 50.7855 -114.56
3 79 50.8643 -115.075
3 80 50.94 -115.59
3 81 51.0127 -116.102
3 82 51.0823 -116.613
3 83 51.149 -117.122
3 84 51.2127 -117.629
3 85 51.2735 -118.134
3 86 51.3314 -118.636
3 87 51.3864 -119.136
3 88 51.4385 -119.634
3 89 51.4879 -120.129
3 90 51.5345 -120.621
3 91 51.5783 -121.111
3 92 51.6194 -121.597
3 93 51.6578 -122.081
3 94 51.6936 -122.561
3 95 51.7268 -123.038
3 96 51.7575 -123.511
3 97 51.7856 -123.982
3 98 51.8112 -124.448
3 99 51.8344 -124.911
3 100 51.8552 -125.37
3 101 51.8736 -125.825
3 102 51.8897 -126.276
3 103 51.9035 -126.723
3 104 51.9151 -127.165
3 105 51.9245 -127.604
3 106 51.9317 -128.038
3 107 51.9368 -128.468
3 108 51.9399 -128.893
3 109 51.941 -129.313
3 110 51.9401 -129.729
4 1 37.7151 -79.137
4 2 38.0599 -79.559
4 3 38.3764 -79.9627
4 4 38.6759 -80.3565
4 5 38.9662 -80.7467
4 6 39.2501 -81.1356
4 7 39.5293 -81.5244
4 8 39.8046 -81.914
4 9 40.0766 -82.3048
4 10 40.3457 -82.697
4 11 40.6122 -83.0911
4 12 40.8762 -83.487
4 13 41.1379 -83.8849
4 14 41.3973 -84.285
4 15 41.1317 -84.0939
4 16 41.4051 -84.5043
4 17 41.672 -84.9129
4 18 41.9332 -85.3201
4 19 42.1892 -85.7262
4 20 42.4403 -86.1315
4 21 42.6868 -86.5361
4 22 42.9289 -86.9401
4 23 43.1667 -87.3436
4 24 43.4005 -87.7465
4 25 43.6303 -88.1488
4 26 43.8561 -88.5505
4 27 44.078 -88.9515
4 28 44.2961 -89.3518
4 29 44.5103 -89.7511
4 30 44.7208 -90.1495
4 31 44.9274 -90.5468
4 32 45.1302 -90.9428
4 33 45.3292 -91.3375
4 34 45.5244 -91.7305
4 35 45.7157 -92.1219
4 36 45.9032 -92.5113
4 37 46.0868 -92.8987
4 38 46.2666 -93.2839
4 39 46.4424 -93.6666
4 40 46.6144 -94.0466
4 41 46.7824 -94.4239
4 42 46.9465 -94.7981
4 43 47.1066 -95.1691
4 44 47.2628 -95.5367
4 45 47.4333 -96.4776
4 46 47.6493 -96.9808
4 47 47.8615 -97.4854
4 48 48.0698 -97.9915
4 49 48.2744 -98.499
4 50 48.4753 -99.0079
4 51 48.6726 -99.5184
4 52 48.8662 -100.03
4 53 49.0563 -100.544
4 54 49.2429 -101.058
4 55 49.4259 -101.574
4 56 49.6054 -102.092
4 57 49.7815 -102.611
4 58 49.9541 -103.131
4 59 50.1233 -103.652
4 60 50.2891 -104.175
4 61 50.4515 -104.698
4 62 50.6104 -105.223
4 63 50.766 -105.748
4 64 50.9182 -106.275
4 65 51.067 -106.802
4 66 51.2124 -107.33
4 67 51.3545 -107.858
4 68 51.4932 -108.387
4 69 51.6286 -108.917
4 70 51.7607 -109.447
4 71 51.8894 -109.976
4 72 52.0149 -110.506
4 73 52.137 -111.036
4 74 52.2558 -111.566
4 75 52.3714 -112.096
4 76 52.4836 -112.625
4 77 52.5927 -113.154
4 78 52.6984 -113.682
4 79 52.801 -114.209
4 80 52.9003 -114.736
4 81 52.9965 -115.261
4 82 53.0895 -115.785
4 83 53.1793 -116.309
4 84 53.266 -116.83
4 85 53.3496 -117.35
4 86 53.4301 -117.869
4 87 53.5076 -118.385
4 88 53.582 -118.9
4 89 53.6534 -119.413
4 90 53.7218 -119.923
4 91 53.7873 -120.432
4 92 53.8499 -120.937
4 93 53.9096 -121.44
4 94 53.9665 -121.941
4 95 54.0205 -122.438
4 96 54.0718 -122.933
4 97 54.1203 -123.424
4 98 54.1661 -123.913
4 99 54.2092 -124.398
4 100 54.2498 -124.879
4 101 54.2877 -125.357
4 102 54.3231 -125.831
4 103 54.356 -126.301
4 104 54.3864 -126.768
4 105 54.4144 -127.23
4 106 54.4401 -127.688
4 107 54.4634 -128.142
4 108 54.4845 -128.592
4 109 54.5033 -129.037
4 110 54.5199 -129.478
5 1 37.7951 -79.0445
5 2 38.1573 -79.4409
5 3 38.4924 -79.8197
5 4 38.8107 -80.1889
5 5 39.1201 -80.5547
5 6 39.4234 -80.9192
5 7 39.7221 -81.2839
5 8 40.0171 -81.6493
5 9 40.309 -82.016
5 10 40.5982 -82.3844
5 11 40.8848 -82.7546
5 12 41.1692 -83.1268
5 13 41.4513 -83.5011
5 14 41.7313 -83.8777
5 15 41.4801 -83.6816
5 16 41.7731 -84.0691
5 17 42.06 -84.4549
5 18 42.3413 -84.8396
5 19 42.6174 -85.2235
5 20 42.8888 -85.6067
5 21 43.1557 -85.9896
5 22 43.4182 -86.3721
5 23 43.6766 -86.7543
5 24 43.9309 -87.1362
5 25 44.1813 -87.5179
5 26 44.4278 -87.8993
5 27 44.6704 -88.2803
5 28 44.9091 -88.6608
5 29 45.1441 -89.0408
5 30 45.3752 -89.4202
5 31 45.6025 -89.7988
5 32 45.826 -90.1765
5 33 46.0456 -90.5532
5 34 46.2613 -90.9287
5 35 46.4732 -91.3029
5 36 46.6812 -91.6756
5 37 46.8852 -92.0467
5 38 47.0853 -92.4159
5 39 47.2814 -92.783
5 40 47.4735 -93.148
5 41 47.6615 -93.5106
5 42 47.8455 -93.8705
5 43 48.0254 -94.2277
5 44 48.2012 -94.5818
5 45 48.4683 -95.4669
5 46 48.7087 -95.955
5 47 48.9453 -96.445
5 48 49.1783 -96.9369
5 49 49.4076 -97.4309
5 50 49.6333 -97.927
5 51 49.8554 -98.4251
5 52 50.0741 -98.9252
5 53 50.2892 -99.4275
5 54 50.5009 -99.9318
5 55 50.7091 -100.438
5 56 50.9139 -100.947
5 57 51.1153 -101.457
5 58 51.3132 -101.969
5 59 51.5078 -102.484
5 60 51.6989 -103
5 61 51.8867 -103.518
5 62 52.0711 -104.037
5 63 52.2521 -104.559
5 64 52.4297 -105.082
5 65 52.604 -105.607
5 66 52.7748 -106.133
5 67 52.9423 -106.66
5 68 53.1064 -107.189
5 69 53.2671 -107.719
5 70 53.4245 -108.25
5 71 53.5784 -108.782
5 72 53.729 -109.315
5 73 53.8762 -109.849
5 74 54.0201 -110.383
5 75 54.1605 -110.919
5 76 54.2976 -111.454
5 77 54.4314 -111.99
5 78 54.5618 -112.526
5 79 54.6889 -113.062
5 80 54.8126 -113.598
5 81 54.9331 -114.133
5 82 55.0502 -114.669
5 83 55.164 -115.204
5 84 55.2745 -115.738
5 85 55.3818 -116.271
5 86 55.4859 -116.804
5 87 55.5867 -117.335
5 88 55.6843 -117.866
5 89 55.7787 -118.395
5 90 55.87 -118.922
5 91 55.9581 -119.448
5 92 56.0431 -119.972
5 93 56.1251 -120.494
5 94 56.2039 -121.014
5 95 56.2798 -121.531
5 96 56.3527 -122.047
5 97 56.4226 -122.559
5 98 56.4896 -123.069
5 99 56.5538 -123.577
5 100 56.615 -124.081
5 101 56.6735 -124.582
5 102 56.7292 -125.08
5 103 56.7822 -125.574
5 104 56.8325 -126.065
5 105 56.8801 -126.553
5 106 56.9251 -127.036
5 107 56.9676 -127.516
5 108 57.0076 -127.991
5 109 57.0451 -128.462
5 110 57.0802 -128.929
6 1 37.8678 -78.944
6 2 38.2466 -79.3136
6 3 38.5991 -79.6661
6 4 38.9351 -80.009
6 5 39.2625 -80.3485
6 6 39.5839 -80.6869
6 7 39.9008 -81.0253
6 8 40.2143 -81.3646
6 9 40.5248 -81.7053
6 10 40.8327 -82.0475
6 11 41.1382 -82.3917
6 12 41.4416 -82.7379
6 13 41.7429 -83.0863
6 14 42.0422 -83.437
6 15 41.8025 -83.2333
6 16 42.1142 -83.5954
6 17 42.4199 -83.9561
6 18 42.7201 -84.3158
6 19 43.0153 -84.6748
6 20 43.3058 -85.0335
6 21 43.5919 -85.3919
6 22 43.8738 -85.7501
6 23 44.1516 -86.1083
6 24 44.4254 -86.4664
6 25 44.6952 -86.8245
6 26 44.9613 -87.1826
6 27 45.2235 -87.5405
6 28 45.4818 -87.8982
6 29 45.7364 -88.2557
6 30 45.9872 -88.6129
6 31 46.2342 -88.9696
6 32 46.4773 -89.3257
6 33 46.7165 -89.6811
6 34 46.9519 -90.0357
6 35 47.1834 -90.3894
6 36 47.4109 -90.7419
6 37 47.6344 -91.0931
6 38 47.8539 -91.4428
6 39 48.0693 -91.7909
6 40 48.2807 -92.1372
6 41 48.488 -92.4815
6 42 48.6911 -92.8236
6 43 48.89 -93.1633
6 44 49.0847 -93.5004
6 45 49.4411 -94.3099
6 46 49.7053 -94.7781
6 47 49.9658 -95.2488
6 48 50.2228 -95.7219
6 49 50.4763 -96.1975
6 50 50.7264 -96.6757
6 51 50.973 -97.1565
6 52 51.2161 -97.6399
6 53 51.4559 -98.126
6 54 51.6924 -98.6147
6 55 51.9255 -99.1061
6 56 52.1552 -99.6002
6 57 52.3816 -100.097
6 58 52.6047 -100.596
6 59 52.8245 -101.098
6 60 53.0409 -101.603
6 61 53.254 -102.11
6 62 53.4638 -102.62
6 63 53.6703 -103.132
6 64 53.8734 -103.646
6 65 54.0731 -104.163
6 66 54.2695 -104.682
6 67 54.4626 -105.203
6 68 54.6523 -105.727
6 69 54.8386 -106.252
6 70 55.0215 -106.78
6 71 55.201 -107.309
6 72 55.3771 -107.84
6 73 55.5499 -108.373
6 74 55.7192 -108.908
6 75 55.8851 -109.443
6 76 56.0476 -109.981
6 77 56.2067 -110.519
6 78 56.3624 -111.059
6 79 56.5147 -111.599
6 80 56.6635 -112.14
6 81 56.8089 -112.683
6 82 56.951 -113.225
6 83 57.0896 -113.768
6 84 57.2248 -114.312
6 85 57.3567 -114.855
6 86 57.4852 -115.399
6 87 57.6103 -115.942
6 88 57.732 -116.485
6 89 57.8505 -117.028
6 90 57.9656 -117.569
6 91 58.0774 -118.111
6 92 58.1859 -118.651
6 93 58.2912 -119.19
6 94 58.3932 -119.727
6 95 58.492 -120.264
6 96 58.5876 -120.798
6 97 58.6801 -121.331
6 98 58.7695 -121.862
6 99 58.8557 -122.391
6 100 58.9389 -122.917
6 101 59.0191 -123.442
6 102 59.0963 -123.963
6 103 59.1705 -124.482
6 104 59.2418 -124.997
6 105 59.3102 -125.51
6 106 59.3758 -126.019
6 107 59.4386 -126.525
6 108 59.4986 -127.027
6 109 59.5559 -127.526
6 110 59.6106 -128.021
7 1 37.9329 -78.8363
7 2 38.3298 -79.1798
7 3 38.6963 -79.5026
7 4 39.0487 -79.8176
7 5 39.3926 -80.1292
7 6 39.7307 -80.4396
7 7 40.0646 -80.7501
7 8 40.3951 -81.0614
7 9 40.7228 -81.3739
7 10 41.048 -81.6881
7 11 41.371 -82.0041
7 12 41.692 -82.3221
7 13 42.0111 -82.6424
7 14 42.3282 -82.9649
7 15 42.0974 -82.7509
7 16 42.4265 -83.0855
7 17 42.7497 -83.4187
7 18 43.0676 -83.751
7 19 43.3806 -84.0828
7 20 43.689 -84.4143
7 21 43.993 -84.7456
7 22 44.2929 -85.0769
7 23 44.5888 -85.4083
7 24 44.8808 -85.7398
7 25 45.1689 -86.0714
7 26 45.4532 -86.4031
7 27 45.7338 -86.7349
7 28 46.0105 -87.0668
7 29 46.2835 -87.3986
7 30 46.5527 -87.7303
7 31 46.8182 -88.0619
7 32 47.0797 -88.3931
7 33 47.3375 -88.7238
7 34 47.5913 -89.0541
7 35 47.8412 -89.3837
7 36 48.0871 -89.7124
7 37 48.329 -90.0402
7 38 48.5669 -90.3668
7 39 48.8006 -90.6922
7 40 49.0302 -91.0161
7 41 49.2557 -91.3383
7 42 49.4769 -91.6588
7 43 49.6938 -91.9772
7 44 49.9064 -92.2934
7 45 50.3441 -93.0069
7 46 50.6312 -93.4502
7 47 50.9149 -93.8963
7 48 51.1951 -94.3452
7 49 51.472 -94.7971
7 50 51.7456 -95.252
7 51 52.0159 -95.7099
7 52 52.2829 -96.1709
7 53 52.5467 -96.635
7 54 52.8073 -97.1024
7 55 53.0647 -97.5729
7 56 53.3188 -98.0467
7 57 53.5698 -98.5237
7 58 53.8175 -99.0039
7 59 54.062 -99.4874
7 60 54.3034 -99.9741
7 61 54.5415 -100.464
7 62 54.7763 -100.957
7 63 55.008 -101.454
7 64 55.2363 -101.953
7 65 55.4615 -102.456
7 66 55.6833 -102.961
7 67 55.9018 -103.47
7 68 56.1171 -103.982
7 69 56.329 -104.496
7 70 56.5376 -105.014
7 71 56.7428 -105.534
7 72 56.9447 -106.057
7 73 57.1432 -106.582
7 74 57.3383 -107.11
7 75 57.53 -107.641
7 76 57.7182 -108.173
7 77 57.9031 -108.708
7 78 58.0845 -109.245
7 79 58.2625 -109.784
7 80 58.4371 -110.325
7 81 58.6082 -110.868
7 82 58.7758 -111.413
7 83 58.94 -111.958
7 84 59.1007 -112.506
7 85 59.2579 -113.054
7 86 59.4117 -113.604
7 87 59.562 -114.154
7 88 59.7089 -114.705
7 89 59.8523 -115.257
7 90 59.9922 -115.809
7 91 60.1288 -116.361
7 92 60.2619 -116.914
7 93 60.3916 -117.466
7 94 60.518 -118.018
7 95 60.6409 -118.57
7 96 60.7605 -119.121
7 97 60.8768 -119.672
7 98 60.9897 -120.221
7 99 61.0994 -120.769
7 100 61.2058 -121.316
7 101 61.309 -121.861
7 102 61.409 -122.404
7 103 61.5058 -122.946
7 104 61.5995 -123.486
7 105 61.69 -124.023
7 106 61.7775 -124.557
7 107 61.862 -125.089
7 108 61.9435 -125.618
7 109 62.0221 -126.144
7 110 62.0977 -126.667
8 1 37.9902 -78.7219
8 2 38.402 -79.0364
8 3 38.7834 -79.33
8 4 39.1508 -79.6156
8 5 39.5099 -79.8978
8 6 39.8633 -80.1786
8 7 40.2126 -80.4594
8 8 40.5586 -80.7409
8 9 40.902 -81.0236
8 10 41.243 -81.3077
8 11 41.582 -81.5936
8 12 41.919 -81.8815
8 13 42.2543 -82.1714
8 14 42.5878 -82.4635
8 15 42.363 -82.2369
8 16 42.7083 -82.5418
8 17 43.0476 -82.8454
8 18 43.3818 -83.1481
8 19 43.7111 -83.4502
8 20 44.0359 -83.752
8 21 44.3565 -84.0538
8 22 44.673 -84.3556
8 23 44.9856 -84.6575
8 24 45.2943 -84.9596
8 25 45.5992 -85.2619
8 26 45.9004 -85.5644
8 27 46.1979 -85.8672
8 28 46.4916 -86.1701
8 29 46.7816 -86.4732
8 30 47.0679 -86.7763
8 31 47.3504 -87.0793
8 32 47.629 -87.3823
8 33 47.9039 -87.685
8 34 48.1748 -87.9875
8 35 48.4418 -88.2894
8 36 48.7048 -88.5909
8 37 48.9638 -88.8916
8 38 49.2187 -89.1914
8 39 49.4695 -89.4903
8 40 49.7161 -89.788
8 41 49.9585 -90.0843
8 42 50.1966 -90.3792
8 43 50.4304 -90.6724
8 44 50.6598 -90.9638
8 45 51.1696 -91.5602
8 46 51.4785 -91.9732
8 47 51.7841 -92.3892
8 48 52.0865 -92.8082
8 49 52.3857 -93.2305
8 50 52.6817 -93.6561
8 51 52.9747 -94.085
8 52 53.2645 -94.5173
8 53 53.5513 -94.9532
8 54 53.8351 -95.3926
8 55 54.1158 -95.8356
8 56 54.3934 -96.2823
8 57 54.6681 -96.7327
8 58 54.9396 -97.1868
8 59 55.2082 -97.6446
8 60 55.4736 -98.1062
8 61 55.736 -98.5716
8 62 55.9953 -99.0409
8 63 56.2516 -99.5139
8 64 56.5046 -99.9907
8 65 56.7546 -100.471
8 66 57.0014 -100.956
8 67 57.2451 -101.444
8 68 57.4855 -101.936
8 69 57.7227 -102.431
8 70 57.9567 -102.93
8 71 58.1875 -103.433
8 72 58.415 -103.94
8 73 58.6391 -104.45
8 74 58.86 -104.963
8 75 59.0775 -105.48
8 76 59.2917 -106
8 77 59.5025 -106.523
8 78 59.71 -107.05
8 79 59.914 -107.579
8 80 60.1146 -108.112
8 81 60.3117 -108.647
8 82 60.5054 -109.186
8 83 60.6957 -109.726
8 84 60.8824 -110.27
8 85 61.0657 -110.815
8 86 61.2455 -111.363
8 87 61.4218 -111.914
8 88 61.5946 -112.466
8 89 61.7639 -113.02
8 90 61.9297 -113.575
8 91 62.0919 -114.132
8 92 62.2507 -114.691
8 93 62.4059 -115.25
8 94 62.5577 -115.811
8 95 62.706 -116.372
8 96 62.8508 -116.934
8 97 62.9921 -117.497
8 98 63.13 -118.06
8 99 63.2645 -118.622
8 100 63.3955 -119.185
8 101 63.5231 -119.747
8 102 63.6473 -120.309
8 103 63.7682 -120.87
8 104 63.8858 -121.43
8 105 64.0001 -121.989
8 106 64.111 -122.546
8 107 64.2188 -123.102
8 108 64.3233 -123.656
8 109 64.4247 -124.208
8 110 64.523 -124.758
9 1 38.0394 -78.6013
9 2 38.4651 -78.8858
9 3 38.8601 -79.149
9 4 39.2411 -79.4041
9 5 39.6138 -79.6554
9 6 39.9809 -79.9052
9 7 40.344 -80.1548
9 8 40.704 -80.4049
9 9 41.0614 -80.6559
9 10 41.4166 -80.9083
9 11 41.7699 -81.1623
9 12 42.1214 -81.4181
9 13 42.4712 -81.6758
9 14 42.8194 -81.9355
9 15 42.5979 -81.6939
9 16 42.9577 -81.9672
9 17 43.3118 -82.2391
9 18 43.6606 -82.51
9 19 44.0048 -82.7803
9 20 44.3445 -83.0502
9 21 44.68 -83.32
9 22 45.0116 -83.5898
9 23 45.3392 -83.8597
9 24 45.6631 -84.1298
9 25 45.9833 -84.4001
9 26 46.2997 -84.6707
9 27 46.6125 -84.9415
9 28 46.9216 -85.2126
9 29 47.2271 -85.4838
9 30 47.5288 -85.7552
9 31 47.8268 -86.0267
9 32 48.121 -86.2982
9 33 48.4114 -86.5696
9 34 48.6979 -86.8408
9 35 48.9805 -87.1117
9 36 49.2591 -87.3823
9 37 49.5337 -87.6523
9 38 49.8041 -87.9217
9 39 50.0705 -88.1903
9 40 50.3326 -88.458
9 41 50.5905 -88.7246
9 42 50.8441 -88.99
9 43 51.0933 -89.2539
9 44 51.338 -89.5164
9 45 51.9097 -89.9746
9 46 52.2389 -90.3516
9 47 52.5649 -90.7317
9 48 52.888 -91.115
9 49 53.208 -91.5015
9 50 53.5251 -91.8914
9 51 53.8393 -92.2849
9 52 54.1506 -92.6819
9 53 54.4591 -93.0825
9 54 54.7647 -93.487
9 55 55.0674 -93.8952
9 56 55.3673 -94.3074
9 57 55.6643 -94.7235
9 58 55.9585 -95.1437
9 59 56.2498 -95.5679
9 60 56.5383 -95.9962
9 61 56.8239 -96.4288
9 62 57.1065 -96.8655
9 63 57.3863 -97.3065
9 64 57.6631 -97.7517
9 65 57.937 -98.2013
9 66 58.2079 -98.6551
9 67 58.4758 -99.1133
9 68 58.7407 -99.5758
9 69 59.0025 -100.043
9 70 59.2612 -100.514
9 71 59.5169 -100.989
9 72 59.7694 -101.469
9 73 60.0188 -101.954
9 74 60.265 -102.442
9 75 60.5079 -102.935
9 76 60.7477 -103.432
9 77 60.9842 -103.933
9 78 61.2174 -104.438
9 79 61.4474 -104.947
9 80 61.674 -105.461
9 81 61.8972 -105.978
9 82 62.1171 -106.499
9 83 62.3336 -107.024
9 84 62.5467 -107.552
9 85 62.7563 -108.085
9 86 62.9626 -108.62
9 87 63.1653 -109.159
9 88 63.3646 -109.702
9 89 63.5603 -110.247
9 90 63.7526 -110.796
9 91 63.9414 -111.347
9 92 64.1266 -111.902
9 93 64.3083 -112.458
9 94 64.4865 -113.018
9 95 64.6611 -113.579
9 96 64.8323 -114.143
9 97 64.9998 -114.708
9 98 65.1639 -115.276
9 99 65.3244 -115.845
9 100 65.4814 -116.415
9 101 65.6349 -116.986
9 102 65.7849 -117.558
9 103 65.9314 -118.131
9 104 66.0744 -118.705
9 105 66.214 -119.279
9 106 66.3501 -119.853
9 107 66.4828 -120.426
9 108 66.6122 -121
9 109 66.7382 -121.572
9 110 66.8608 -122.144
10 1 38.0803 -78.475
10 2 38.5188 -78.7289
10 3 38.9259 -78.9607
10 4 39.3189 -79.184
10 5 39.7036 -79.4032
10 6 40.0829 -79.6207
10 7 40.4582 -79.8377
10 8 40.8304 -80.0549
10 9 41.2002 -80.2729
10 10 41.5679 -80.492
10 11 41.9337 -80.7124
10 12 42.2979 -80.9344
10 13 42.6605 -81.1581
10 14 43.0216 -81.3836
10 15 42.8006 -81.1246
10 16 43.1734 -81.3646
10 17 43.5405 -81.603
10 18 43.9024 -81.8401
10 19 44.2597 -82.0765
10 20 44.6126 -82.3125
10 21 44.9614 -82.5481
10 22 45.3062 -82.7837
10 23 45.6473 -83.0192
10 24 45.9846 -83.2549
10 25 46.3182 -83.4908
10 26 46.6482 -83.7268
10 27 46.9746 -83.963
10 28 47.2974 -84.1995
10 29 47.6165 -84.4361
10 30 47.9319 -84.6729
10 31 48.2437 -84.9098
10 32 48.5517 -85.1467
10 33 48.8559 -85.3836
10 34 49.1562 -85.6204
10 35 49.4527 -85.8569
10 36 49.7451 -86.0932
10 37 50.0336 -86.3291
10 38 50.318 -86.5645
10 39 50.5982 -86.7992
10 40 50.8742 -87.0331
10 41 51.1459 -87.2662
10 42 51.4132 -87.4982
10 43 51.6762 -87.729
10 44 51.9347 -87.9585
10 45 52.5565 -88.2578
10 46 52.9042 -88.5933
10 47 53.2489 -88.9317
10 48 53.5908 -89.273
10 49 53.9299 -89.6176
10 50 54.2663 -89.9654
10 51 54.5999 -90.3166
10 52 54.9309 -90.6713
10 53 55.2592 -91.0297
10 54 55.5848 -91.3917
10 55 55.9079 -91.7576
10 56 56.2282 -92.1274
10 57 56.546 -92.5011
10 58 56.8611 -92.8789
10 59 57.1736 -93.2609
10 60 57.4834 -93.6471
10 61 57.7905 -94.0376
10 62 58.095 -94.4324
10 63 58.3967 -94.8317
10 64 58.6958 -95.2354
10 65 58.9921 -95.6437
10 66 59.2856 -96.0566
10 67 59.5764 -96.4741
10 68 59.8643 -96.8963
10 69 60.1494 -97.3232
10 70 60.4316 -97.7548
10 71 60.711 -98.1913
10 72 60.9874 -98.6326
10 73 61.2609 -99.0787
10 74 61.5314 -99.5296
10 75 61.7988 -99.9854
10 76 62.0633 -100.446
10 77 62.3246 -100.912
10 78 62.5829 -101.382
10 79 62.838 -101.857
10 80 63.09 -102.338
10 81 63.3388 -102.823
10 82 63.5844 -103.312
10 83 63.8268 -103.807
10 84 64.0658 -104.306
10 85 64.3016 -104.81
10 86 64.5341 -105.319
10 87 64.7632 -105.832
10 88 64.9889 -106.349
10 89 65.2113 -106.872
10 90 65.4303 -107.398
10 91 65.6458 -107.929
10 92 65.8579 -108.463
10 93 66.0665 -109.002
10 94 66.2717 -109.545
10 95 66.4733 -110.092
10 96 66.6715 -110.642
10 97 66.8661 -111.196
10 98 67.0572 -111.753
10 99 67.2448 -112.313
10 100 67.4289 -112.877
10 101 67.6094 -113.443
10 102 67.7864 -114.012
10 103 67.9598 -114.583
10 104 68.1298 -115.157
10 105 68.2962 -115.733
10 106 68.459 -116.311
10 107 68.6184 -116.89
10 108 68.7743 -117.471
10 109 68.9267 -118.053
10 110 69.0756 -118.636
11 1 38.1125 -78.3435
11 2 38.5626 -78.5662
11 3 38.9804 -78.7658
11 4 39.3839 -78.9563
11 5 39.779 -79.1424
11 6 40.1687 -79.3264
11 7 40.5544 -79.5096
11 8 40.9372 -79.6928
11 9 41.3175 -79.8764
11 10 41.6959 -80.0608
11 11 42.0725 -80.2462
11 12 42.4475 -80.433
11 13 42.8211 -80.6211
11 14 43.1933 -80.8108
11 15 42.9696 -80.5322
11 16 43.3537 -80.7373
11 17 43.7321 -80.9405
11 18 44.1054 -81.1422
11 19 44.474 -81.343
11 20 44.8383 -81.543
11 21 45.1986 -81.7426
11 22 45.5549 -81.9419
11 23 45.9075 -82.141
11 24 46.2563 -82.3401
11 25 46.6016 -82.5392
11 26 46.9433 -82.7384
11 27 47.2813 -82.9376
11 28 47.6158 -83.137
11 29 47.9467 -83.3364
11 30 48.274 -83.5359
11 31 48.5976 -83.7355
11 32 48.9175 -83.935
11 33 49.2336 -84.1345
11 34 49.5458 -84.3338
11 35 49.8542 -84.5329
11 36 50.1587 -84.7318
11 37 50.4591 -84.9303
11 38 50.7554 -85.1283
11 39 51.0476 -85.3257
11 40 51.3355 -85.5225
11 41 51.6192 -85.7184
11 42 51.8984 -85.9134
11 43 52.1733 -86.1073
11 44 52.4436 -86.3001
11 45 53.1025 -86.4209
11 46 53.4665 -86.7093
11 47 53.8278 -87.0003
11 48 54.1864 -87.2939
11 49 54.5423 -87.5903
11 50 54.8958 -87.8897
11 51 55.2467 -88.1921
11 52 55.5951 -88.4976
11 53 55.941 -88.8065
11 54 56.2846 -89.1187
11 55 56.6257 -89.4345
11 56 56.9643 -89.7538
11 57 57.3006 -90.0769
11 58 57.6344 -90.4038
11 59 57.9658 -90.7346
11 60 58.2948 -91.0694
11 61 58.6213 -91.4083
11 62 58.9454 -91.7513
11 63 59.267 -92.0986
11 64 59.5862 -92.4503
11 65 59.9028 -92.8063
11 66 60.2169 -93.1669
11 67 60.5285 -93.532
11 68 60.8374 -93.9017
11 69 61.1438 -94.2762
11 70 61.4476 -94.6554
11 71 61.7487 -95.0395
11 72 62.0471 -95.4285
11 73 62.3428 -95.8224
11 74 62.6358 -96.2214
11 75 62.926 -96.6254
11 76 63.2134 -97.0345
11 77 63.498 -97.4488
11 78 63.7797 -97.8683
11 79 64.0585 -98.293
11 80 64.3344 -98.723
11 81 64.6073 -99.1583
11 82 64.8772 -99.5989
11 83 65.1442 -100.045
11 84 65.4081 -100.496
11 85 65.6689 -100.953
11 86 65.9265 -101.415
11 87 66.1811 -101.882
11 88 66.4325 -102.355
11 89 66.6807 -102.833
11 90 66.9257 -103.317
11 91 67.1674 -103.806
11 92 67.4058 -104.3
11 93 67.641 -104.799
11 94 67.8728 -105.303
11 95 68.1013 -105.813
11 96 68.3265 -106.327
11 97 68.5482 -106.847
11 98 68.7666 -107.371
11 99 68.9815 -107.9
11 100 69.193 -108.434
11 101 69.401 -108.973
11 102 69.6056 -109.515
11 103 69.8068 -110.062
11 104 70.0044 -110.614
11 105 70.1986 -111.169
11 106 70.3893 -111.728
11 107 70.5765 -112.291
11 108 70.7601 -112.857
11 109 70.9404 -113.426
11 110 71.1171 -113.999
12 1 38.1356 -78.2073
12 2 38.5962 -78.3985
12 3 39.0232 -78.5652
12 4 39.4356 -78.7222
12 5 39.8394 -78.8743
12 6 40.2377 -79.024
12 7 40.6322 -79.1724
12 8 41.0236 -79.3204
12 9 41.4127 -79.4685
12 10 41.7999 -79.617
12 11 42.1854 -79.7663
12 12 42.5694 -79.9166
12 13 42.952 -80.0678
12 14 43.3333 -80.2203
12 15 43.1036 -79.9199
12 16 43.4973 -80.0888
12 17 43.8853 -80.2554
12 18 44.2681 -80.4203
12 19 44.6462 -80.5839
12 20 45.02 -80.7465
12 21 45.3898 -80.9083
12 22 45.7557 -81.0696
12 23 46.1178 -81.2305
12 24 46.4763 -81.3911
12 25 46.8311 -81.5515
12 26 47.1824 -81.7118
12 27 47.5302 -81.8719
12 28 47.8744 -82.032
12 29 48.215 -82.192
12 30 48.5521 -82.3518
12 31 48.8854 -82.5116
12 32 49.2151 -82.6713
12 33 49.541 -82.8308
12 34 49.8632 -82.99
12 35 50.1814 -83.149
12 36 50.4957 -83.3076
12 37 50.8059 -83.4658
12 38 51.1121 -83.6235
12 39 51.4142 -83.7805
12 40 51.7119 -83.9369
12 41 52.0054 -84.0925
12 42 52.2945 -84.2472
12 43 52.5791 -84.4009
12 44 52.8592 -84.5535
12 45 53.5407 -84.478
12 46 53.9185 -84.7145
12 47 54.2938 -84.9528
12 48 54.6665 -85.1932
12 49 55.0368 -85.4358
12 50 55.4047 -85.6807
12 51 55.7703 -85.9281
12 52 56.1336 -86.178
12 53 56.4945 -86.4306
12 54 56.8533 -86.686
12 55 57.2097 -86.9443
12 56 57.564 -87.2056
12 57 57.916 -87.47
12 58 58.2659 -87.7376
12 59 58.6135 -88.0085
12 60 58.9588 -88.2829
12 61 59.302 -88.5607
12 62 59.6429 -88.8421
12 63 59.9816 -89.1273
12 64 60.3181 -89.4161
12 65 60.6522 -89.7089
12 66 60.9841 -90.0056
12 67 61.3136 -90.3063
12 68 61.6409 -90.6112
12 69 61.9657 -90.9202
12 70 62.2882 -91.2336
12 71 62.6083 -91.5513
12 72 62.926 -91.8735
12 73 63.2412 -92.2002
12 74 63.5539 -92.5315
12 75 63.8641 -92.8675
12 76 64.1718 -93.2083
12 77 64.4769 -93.5539
12 78 64.7794 -93.9044
12 79 65.0793 -94.2599
12 80 65.3765 -94.6204
12 81 65.6711 -94.9861
12 82 65.9629 -95.3569
12 83 66.252 -95.7329
12 84 66.5383 -96.1143
12 85 66.8217 -96.501
12 86 67.1024 -96.8931
12 87 67.3802 -97.2907
12 88 67.655 -97.6937
12 89 67.927 -98.1023
12 90 68.196 -98.5165
12 91 68.462 -98.9362
12 92 68.725 -99.3617
12 93 68.9849 -99.7927
12 94 69.2418 -100.229
12 95 69.4956 -100.672
12 96 69.7462 -101.12
12 97 69.9937 -101.574
12 98 70.2381 -102.033
12 99 70.4792 -102.498
12 100 70.7171 -102.969
12 101 70.9518 -103.446
12 102 71.1833 -103.928
12 103 71.4115 -104.415
12 104 71.6363 -104.908
12 105 71.8579 -105.406
12 106 72.0761 -105.91
12 107 72.2911 -106.419
12 108 72.5026 -106.933
12 109 72.7108 -107.452
12 110 72.9157 -107.976
13 1 38.149 -78.0667
13 2 38.6193 -78.2264
13 3 39.0541 -78.3598
13 4 39.4737 -78.4827
13 5 39.8845 -78.6002
13 6 40.2897 -78.7147
13 7 40.691 -78.8275
13 8 41.0893 -78.9396
13 9 41.4852 -79.0513
13 10 41.8793 -79.1631
13 11 42.2717 -79.2753
13 12 42.6627 -79.388
13 13 43.0524 -79.5013
13 14 43.4408 -79.6155
13 15 43.2016 -79.2909
13 16 43.6031 -79.4226
13 17 43.9987 -79.5517
13 18 44.3891 -79.6786
13 19 44.7748 -79.8038
13 20 45.1562 -79.9276
13 21 45.5334 -80.0504
13 22 45.9068 -80.1723
13 23 46.2765 -80.2934
13 24 46.6424 -80.414
13 25 47.0048 -80.5341
13 26 47.3637 -80.6538
13 27 47.719 -80.7731
13 28 48.0708 -80.8921
13 29 48.419 -81.0108
13 30 48.7636 -81.1291
13 31 49.1045 -81.2471
13 32 49.4418 -81.3649
13 33 49.7753 -81.4822
13 34 50.105 -81.5991
13 35 50.4308 -81.7156
13 36 50.7527 -81.8316
13 37 51.0706 -81.9471
13 38 51.3844 -82.0619
13 39 51.694 -82.1761
13 40 51.9993 -82.2895
13 41 52.3003 -82.402
13 42 52.5969 -82.5136
13 43 52.889 -82.6241
13 44 53.1765 -82.7335
13 45 53.8644 -82.4466
13 46 54.2534 -82.6268
13 47 54.6399 -82.8081
13 48 55.024 -82.9907
13 49 55.4057 -83.1745
13 50 55.7852 -83.3599
13 51 56.1625 -83.5468
13 52 56.5375 -83.7354
13 53 56.9105 -83.9258
13 54 57.2813 -84.1181
13 55 57.65 -84.3125
13 56 58.0167 -84.5089
13 57 58.3813 -84.7075
13 58 58.7439 -84.9083
13 59 59.1044 -85.1116
13 60 59.4629 -85.3172
13 61 59.8193 -85.5254
13 62 60.1737 -85.7363
13 63 60.526 -85.9498
13 64 60.8763 -86.1661
13 65 61.2244 -86.3852
13 66 61.5705 -86.6073
13 67 61.9145 -86.8324
13 68 62.2564 -87.0605
13 69 62.5961 -87.2919
13 70 62.9337 -87.5265
13 71 63.2691 -87.7644
13 72 63.6023 -88.0057
13 73 63.9332 -88.2504
13 74 64.2619 -88.4988
13 75 64.5884 -88.7507
13 76 64.9125 -89.0063
13 77 65.2344 -89.2657
13 78 65.5538 -89.5289
13 79 65.871 -89.7961
13 80 66.1857 -90.0672
13 81 66.4979 -90.3424
13 82 66.8078 -90.6218
13 83 67.1151 -90.9053
13 84 67.42 -91.1931
13 85 67.7223 -91.4853
13 86 68.022 -91.7819
13 87 68.3192 -92.0829
13 88 68.6137 -92.3885
13 89 68.9056 -92.6987
13 90 69.1948 -93.0135
13 91 69.4813 -93.3331
13 92 69.7651 -93.6575
13 93 70.0461 -93.9867
13 94 70.3244 -94.3209
13 95 70.5998 -94.6599
13 96 70.8724 -95.004
13 97 71.1422 -95.3531
13 98 71.4091 -95.7073
13 99 71.6731 -96.0666
13 100 71.9341 -96.4311
13 101 72.1922 -96.8007
13 102 72.4474 -97.1755
13 103 72.6995 -97.5556
13 104 72.9487 -97.9409
13 105 73.1948 -98.3315
13 106 73.4378 -98.7272
13 107 73.6778 -99.1282
13 108 73.9148 -99.5345
13 109 74.1486 -99.9459
13 110 74.3793 -100.362
14 1 38.1523 -77.922
14 2 38.6314 -78.0505
14 3 39.0726 -78.1505
14 4 39.4977 -78.2389
14 5 39.9138 -78.3213
14 6 40.3241 -78.4002
14 7 40.7304 -78.4769
14 8 41.1336 -78.5524
14 9 41.5345 -78.6272
14 10 41.9335 -78.7016
14 11 42.3309 -78.7759
14 12 42.7269 -78.8503
14 13 43.1215 -78.9249
14 14 43.515 -78.9999
14 15 43.2622 -78.6487
14 16 43.6697 -78.7426
14 17 44.0711 -78.8333
14 18 44.4672 -78.9213
14 19 44.8585 -79.0073
14 20 45.2454 -79.0915
14 21 45.6281 -79.1742
14 22 46.007 -79.2556
14 23 46.382 -79.336
14 24 46.7533 -79.4154
14 25 47.1211 -79.494
14 26 47.4853 -79.5719
14 27 47.8459 -79.6491
14 28 48.203 -79.7256
14 29 48.5564 -79.8015
14 30 48.9063 -79.8769
14 31 49.2526 -79.9516
14 32 49.5951 -80.0258
14 33 49.9339 -80.0993
14 34 50.2688 -80.1723
14 35 50.5999 -80.2446
14 36 50.927 -80.3161
14 37 51.25 -80.387
14 38 51.569 -80.4571
14 39 51.8837 -80.5263
14 40 52.1942 -80.5946
14 41 52.5002 -80.6619
14 42 52.8019 -80.7282
14 43 53.099 -80.7934
14 44 53.3914 -80.8574
14 45 54.0681 -80.3471
14 46 54.4652 -80.4678
14 47 54.8599 -80.5886
14 48 55.2522 -80.7097
14 49 55.6423 -80.831
14 50 56.0301 -80.9528
14 51 56.4158 -81.0751
14 52 56.7994 -81.1979
14 53 57.1809 -81.3215
14 54 57.5604 -81.4459
14 55 57.9379 -81.5711
14 56 58.3134 -81.6972
14 57 58.6869 -81.8243
14 58 59.0585 -81.9524
14 59 59.4282 -82.0816
14 60 59.7959 -82.2121
14 61 60.1617 -82.3437
14 62 60.5256 -82.4766
14 63 60.8875 -82.6109
14 64 61.2475 -82.7465
14 65 61.6056 -82.8836
14 66 61.9617 -83.0221
14 67 62.3158 -83.1622
14 68 62.668 -83.3039
14 69 63.0182 -83.4472
14 70 63.3663 -83.5921
14 71 63.7125 -83.7388
14 72 64.0565 -83.8873
14 73 64.3986 -84.0375
14 74 64.7385 -84.1896
14 75 65.0764 -84.3436
14 76 65.4121 -84.4995
14 77 65.7457 -84.6574
14 78 66.0771 -84.8172
14 79 66.4063 -84.9791
14 80 66.7333 -85.1431
14 81 67.0581 -85.3092
14 82 67.3806 -85.4775
14 83 67.7008 -85.6479
14 84 68.0187 -85.8206
14 85 68.3343 -85.9955
14 86 68.6475 -86.1727
14 87 68.9584 -86.3522
14 88 69.2668 -86.5341
14 89 69.5729 -86.7183
14 90 69.8764 -86.9049
14 91 70.1775 -87.0939
14 92 70.4761 -87.2854
14 93 70.7722 -87.4794
14 94 71.0657 -87.6758
14 95 71.3566 -87.8747
14 96 71.645 -88.0761
14 97 71.9307 -88.2801
14 98 72.2138 -88.4866
14 99 72.4943 -88.6957
14 100 72.772 -88.9072
14 101 73.0471 -89.1214
14 102 73.3194 -89.338
14 103 73.589 -89.5572
14 104 73.8559 -89.779
14 105 74.12 -90.0032
14 106 74.3812 -90.2299
14 107 74.6397 -90.459
14 108 74.8953 -90.6906
14 109 75.1481 -90.9245
14 110 75.398 -91.1608
15 1 38.1445 -77.7732
15 2 38.6321 -77.8713
15 3 39.0783 -77.938
15 4 39.5075 -77.992
15 5 39.9271 -78.039
15 6 40.3407 -78.082
15 7 40.75 -78.1223
15 8 41.1563 -78.1609
15 9 41.5602 -78.1982
15 10 41.9622 -78.2348
15 11 42.3625 -78.2708
15 12 42.7614 -78.3064
15 13 43.159 -78.3419
15 14 43.5554 -78.3772
15 15 43.2846 -77.9967
15 16 43.6962 -78.0524
15 17 44.1015 -78.1044
15 18 44.5014 -78.1532
15 19 44.8963 -78.1994
15 20 45.2866 -78.2433
15 21 45.6727 -78.2854
15 22 46.0548 -78.3257
15 23 46.4331 -78.3646
15 24 46.8076 -78.4022
15 25 47.1785 -78.4385
15 26 47.5458 -78.4738
15 27 47.9094 -78.508
15 28 48.2695 -78.5412
15 29 48.6259 -78.5734
15 30 48.9787 -78.6048
15 31 49.3278 -78.6353
15 32 49.6732 -78.6649
15 33 50.0148 -78.6936
15 34 50.3526 -78.7214
15 35 50.6864 -78.7483
15 36 51.0162 -78.7743
15 37 51.3419 -78.7993
15 38 51.6635 -78.8233
15 39 51.9808 -78.8463
15 40 52.2938 -78.8682
15 41 52.6024 -78.8889
15 42 52.9065 -78.9085
15 43 53.206 -78.9268
15 44 53.5008 -78.9439
15 45 54.1469 -78.202
15 46 54.5491 -78.2612
15 47 54.9488 -78.3194
15 48 55.3461 -78.3767
15 49 55.7411 -78.4331
15 50 56.1339 -78.4887
15 51 56.5245 -78.5437
15 52 56.913 -78.598
15 53 57.2994 -78.6518
15 54 57.6839 -78.705
15 55 58.0663 -78.7578
15 56 58.4468 -78.8101
15 57 58.8253 -78.862
15 58 59.2019 -78.9135
15 59 59.5766 -78.9646
15 60 59.9493 -79.0154
15 61 60.3202 -79.0659
15 62 60.6892 -79.1161
15 63 61.0563 -79.1661
15 64 61.4215 -79.2157
15 65 61.7848 -79.2651
15 66 62.1461 -79.3142
15 67 62.5056 -79.3631
15 68 62.8631 -79.4117
15 69 63.2187 -79.46
15 70 63.5723 -79.5081
15 71 63.9239 -79.5559
15 72 64.2735 -79.6034
15 73 64.6212 -79.6506
15 74 64.9668 -79.6975
15 75 65.3103 -79.744
15 76 65.6518 -79.7902
15 77 65.9912 -79.836
15 78 66.3285 -79.8814
15 79 66.6636 -79.9264
15 80 66.9966 -79.971
15 81 67.3274 -80.015
15 82 67.656 -80.0585
15 83 67.9824 -80.1014
15 84 68.3065 -80.1437
15 85 68.6284 -80.1853
15 86 68.948 -80.2262
15 87 69.2652 -80.2663
15 88 69.5801 -80.3056
15 89 69.8926 -80.344
15 90 70.2028 -80.3814
15 91 70.5105 -80.4178
15 92 70.8158 -80.4531
15 93 71.1186 -80.4872
15 94 71.4189 -80.52
15 95 71.7167 -80.5514
15 96 72.0119 -80.5813
15 97 72.3046 -80.6097
15 98 72.5947 -80.6364
15 99 72.8822 -80.6613
15 100 73.1671 -80.6842
15 101 73.4493 -80.7051
15 102 73.7288 -80.7238
15 103 74.0055 -80.7402
15 104 74.2796 -80.754
15 105 74.5509 -80.7652
15 106 74.8194 -80.7735
15 107 75.0852 -80.7789
15 108 75.3481 -80.781
15 109 75.6081 -80.7796
15 110 75.8653 -80.7747
